Id,week,region_code,region_name,tend,dd,ff,t,td,u,vv,n,nbas,hbas,pres,tn12,tx12,tminsol,rafper,per,ht_neige,ssfrai,perssfrai,rr1,rr3,rr6,rr12,rr24,date,saison
3235,201352,42,ALSACE,8.035714285714286,186.25,4.3464285714285715,280.1848214285714,277.1125,81.90178571428571,41416.07142857143,98.03571428571428,4.472972972972973,1060.7407407407406,98440.44642857143,278.1821428571429,282.35714285714283,276.7928571428571,8.157142857142857,-10.0,0.0,0.0,-45.0,0.2455357142857142,0.6642857142857144,1.125,2.6464285714285714,5.257142857142857,2013-12-23,Hiver
3236,201352,72,AQUITAINE,3.3035714285714284,201.6071428571429,4.8446428571428575,282.04910714285717,278.7732142857143,80.69642857142857,36593.75,78.38095238095238,4.192771084337349,1905.2631578947369,99734.55357142857,279.4857142857143,284.66785714285714,278.15,8.841071428571428,-10.0,0.0,0.0,-47.19512195121951,0.2196428571428571,0.5964285714285714,1.1714285714285713,2.542857142857143,4.564285714285714,2013-12-23,Hiver
3237,201352,83,AUVERGNE,2.857142857142857,202.32142857142856,5.732142857142857,281.21785714285716,275.4125,67.5,30303.571428571428,72.76785714285714,3.9272727272727272,1952.7272727272727,96915.53571428572,278.85714285714283,283.93571428571425,276.72142857142853,10.528571428571428,-10.0,0.0,0.0,-45.55555555555556,0.0214285714285714,0.0785714285714285,0.1142857142857143,0.3714285714285714,0.6571428571428571,2013-12-23,Hiver
3238,201352,25,BASSE-NORMANDIE,7.117117117117117,215.76576576576576,5.974774774774775,280.4806306306306,278.5518018018018,87.88288288288288,27185.585585585584,82.43010752688173,3.6,879.1397849462365,98741.62162162164,278.4785714285714,282.55,276.93571428571425,10.32882882882883,-10.0,0.0,0.0,-45.0,0.3681818181818181,1.0146788990825688,2.3851851851851853,4.007407407407407,8.553846153846154,2013-12-23,Hiver
3239,201352,26,BOURGOGNE,5.714285714285714,198.83928571428572,5.208928571428571,280.67589285714286,277.62678571428575,81.83928571428571,31576.785714285714,95.625,5.555555555555555,1179.655172413793,98313.03571428572,278.7607142857143,282.87857142857143,277.43571428571425,9.166964285714286,-10.0,0.0,0.0,-45.65217391304348,0.1803571428571428,0.5455357142857143,0.8642857142857142,2.242857142857143,4.5,2013-12-23,Hiver
3240,201352,53,BRETAGNE,3.0952380952380953,216.72619047619048,6.277976190476191,281.189880952381,278.7125,84.72619047619048,20251.04895104895,86.32,5.404761904761905,811.4754098360655,99044.70238095238,279.06190476190477,283.0333333333333,276.0071428571428,11.718452380952382,-10.0,0.0,0.0,-45.6,0.3976190476190476,1.144047619047619,2.0714285714285716,4.604761904761905,10.37857142857143,2013-12-23,Hiver
3241,201352,24,CENTRE,8.303571428571429,213.4821428571429,5.158035714285715,281.1732142857143,278.39285714285717,83.24107142857143,22464.285714285714,84.51456310679612,5.182926829268292,1271.2121212121212,98878.30357142857,279.2357142857143,283.2357142857143,278.0071428571428,9.526785714285714,-10.0,0.0,0.0,-45.18987341772152,0.1321428571428571,0.4517857142857143,1.1357142857142857,1.9357142857142855,4.385714285714285,2013-12-23,Hiver
3242,201352,21,CHAMPAGNE-ARDENNE,11.607142857142858,194.375,5.64375,280.8794642857143,278.7553571428571,86.91071428571429,18497.321428571428,95.0,6.035714285714286,935.5555555555557,99102.85714285714,278.87857142857143,282.55,277.65,10.030357142857143,-10.0,0.0,0.0,-45.0,0.2035714285714285,0.5625,1.2,2.2142857142857144,4.614285714285714,2013-12-23,Hiver
3243,201352,94,CORSE,-14.732142857142858,157.05357142857142,3.4482142857142857,283.79017857142856,279.60267857142856,76.41071428571429,28283.928571428572,68.25242718446601,3.255813953488372,1305.7291666666667,101130.80357142857,280.55357142857144,286.675,277.7928571428571,6.591964285714285,-10.0,0.0,0.0,-43.63636363636363,0.225,0.6089285714285715,0.8142857142857143,2.4428571428571426,4.928571428571429,2013-12-23,Hiver
3244,201352,43,FRANCHE-COMTE,5.982142857142857,186.33928571428572,3.941071428571429,279.6205357142857,276.47767857142856,81.34821428571429,35308.92857142857,89.83695652173913,4.976190476190476,1372.0224719101125,97780.71428571428,277.2892857142857,282.06428571428575,275.65,7.517857142857143,-10.0,0.0,0.0,-45.34883720930232,0.2785714285714286,0.8866071428571428,1.4357142857142855,3.5,6.914285714285714,2013-12-23,Hiver
3245,201352,23,HAUTE-NORMANDIE,7.946428571428571,214.7747747747748,8.18018018018018,281.34553571428575,278.5053571428571,82.86607142857143,25995.87628865979,81.41176470588235,5.707692307692308,815.1685393258427,98804.82142857143,279.5392857142857,283.01785714285717,274.43571428571425,14.187096774193549,-10.0,0.0,0.0,-45.65217391304348,0.3693693693693693,0.9063063063063064,1.792857142857143,3.1777777777777776,6.046153846153846,2013-12-23,Hiver
3246,201352,91,LANGUEDOC-ROUSSILLON,0.0,190.71428571428572,5.646428571428571,282.5991071428571,278.4830357142857,76.625,32012.61261261261,71.29411764705883,3.946666666666667,2221.6853932584268,100102.85714285714,280.1357142857143,284.87142857142857,278.72142857142853,9.658928571428572,-10.0,0.0,0.0,-49.375,0.0517857142857142,0.1428571428571428,0.2571428571428572,0.6285714285714284,1.2,2013-12-23,Hiver
3247,201352,74,LIMOUSIN,4.464285714285714,207.67857142857144,5.704464285714286,280.2267857142857,278.26160714285714,87.84821428571429,38721.53846153846,88.6082474226804,5.553191489361702,817.2727272727273,97527.5,278.3642857142857,282.12142857142857,277.2928571428571,9.866071428571429,-10.0,0.0,0.0,-44.34782608695652,0.3,0.8624999999999999,1.9571428571428573,3.5214285714285714,7.107142857142857,2013-12-23,Hiver
3248,201352,41,LORRAINE,0.8518339768339769,193.21428571428572,3.340515796260477,284.8620535714286,280.4638392857143,76.875,22941.964285714286,77.08380069025021,4.472972972972973,1404.9461206896551,100070.444015444,281.3357142857143,288.05357142857144,279.2928571428571,6.159821428571428,-10.0,0.0,0.0,-45.0,0.05740025740025735,0.18908730158730155,0.3345238095238095,0.7571428571428571,1.5214285714285716,2013-12-23,Hiver
3249,201352,73,MIDI-PYRENEES,2.767857142857143,184.28571428571428,4.138392857142857,280.8794642857143,276.41517857142856,75.125,29723.214285714286,79.5,3.9661016949152543,2002.53164556962,97716.69642857143,277.8535714285714,283.79285714285714,275.2928571428571,7.959821428571429,-10.0,0.0,0.0,-46.5,0.1035714285714285,0.2964285714285714,0.7714285714285715,1.2285714285714284,2.4071428571428575,2013-12-23,Hiver
3250,201352,31,NORD-PAS-DE-CALAIS,13.571428571428571,194.375,5.884821428571429,280.34017857142857,277.84375,84.59821428571429,25196.428571428572,72.3170731707317,4.84,1316.2337662337663,99172.14285714286,278.6714285714286,282.075,277.8642857142857,10.257142857142856,-10.0,0.0,0.0,-43.15068493150685,0.1982142857142857,0.5946428571428571,0.9428571428571428,2.3000000000000003,5.114285714285714,2013-12-23,Hiver
3251,201352,52,PAYS-DE-LA-LOIRE,0.8518339768339769,193.21428571428572,3.340515796260477,284.8620535714286,280.4638392857143,76.875,22941.964285714286,77.08380069025021,4.472972972972973,1404.9461206896551,100070.444015444,281.3357142857143,288.05357142857144,279.2928571428571,6.159821428571428,-10.0,0.0,0.0,-45.0,0.05740025740025735,0.18908730158730155,0.3345238095238095,0.7571428571428571,1.5214285714285716,2013-12-23,Hiver
3252,201352,22,PICARDIE,13.571428571428571,194.375,5.884821428571429,280.34017857142857,277.84375,84.59821428571429,25196.428571428572,72.3170731707317,4.84,1316.2337662337663,99172.14285714286,278.6714285714286,282.075,277.8642857142857,10.257142857142856,-10.0,0.0,0.0,-43.15068493150685,0.1982142857142857,0.5946428571428571,0.9428571428571428,2.3000000000000003,5.114285714285714,2013-12-23,Hiver
3253,201352,54,POITOU-CHARENTES,5.982142857142857,209.1071428571429,5.854464285714286,281.15446428571425,278.6348214285714,84.80357142857143,28988.636363636364,89.94736842105263,5.313725490196078,1095.1612903225807,98839.82142857143,279.075,283.3642857142857,277.8642857142857,10.000892857142857,-10.0,0.0,0.0,-45.65217391304348,0.2160714285714285,0.6839285714285713,1.7285714285714284,2.8428571428571425,5.7,2013-12-23,Hiver
3254,201352,93,PROVENCE-ALPES-COTE-D-AZUR,0.8518339768339769,193.21428571428572,3.340515796260477,284.8620535714286,280.4638392857143,76.875,22941.964285714286,77.08380069025021,4.472972972972973,1404.9461206896551,100070.444015444,281.3357142857143,288.05357142857144,279.2928571428571,6.159821428571428,-10.0,0.0,0.0,-45.0,0.05740025740025735,0.18908730158730155,0.3345238095238095,0.7571428571428571,1.5214285714285716,2013-12-23,Hiver
3255,201352,11,ILE-DE-FRANCE,10.535714285714286,212.8571428571429,5.019642857142857,281.09464285714284,278.63392857142856,84.96428571428571,22428.571428571428,77.14285714285714,5.0,1284.5454545454545,99158.57142857143,279.2,282.93571428571425,277.8642857142857,9.93214285714286,-10.0,0.0,0.0,-45.0,0.1535714285714285,0.5214285714285715,1.4857142857142858,2.2285714285714286,5.5,2013-12-23,Hiver
3256,201352,82,RHONE-ALPES,2.0,172.36363636363637,6.276363636363636,281.47,277.31,77.05454545454545,33438.181818181816,78.18181818181819,4.4423076923076925,1731.0,98026.90909090907,279.3642857142857,283.6928571428571,277.8642857142857,10.987272727272726,-10.0,0.0,0.0,-45.283018867924525,0.5345454545454545,1.3345454545454547,3.2142857142857144,5.2,10.3,2013-12-23,Hiver
3257,201351,42,ALSACE,-18.818181818181817,175.4954954954955,2.1882882882882884,277.31396396396394,275.1968468468468,86.81981981981981,17914.414414414416,98.71014492753623,4.472972972972973,1165.8490566037735,100214.14414414414,273.71923076923076,279.76153846153846,270.99615384615385,4.264545454545455,-10.0,0.0,0.0,-45.0,0.0018181818181818,0.0444444444444444,0.0384615384615384,0.1333333333333333,0.24,2013-12-16,Hiver
3258,201351,72,AQUITAINE,-4.821428571428571,180.17857142857144,3.474107142857143,281.33482142857144,278.4276785714286,82.70535714285714,23143.939393939392,69.08247422680412,2.835616438356164,2410.3846153846152,101317.76785714286,278.31428571428575,283.8464285714286,275.8642857142857,6.091964285714285,-10.0,0.0,0.0,-46.76470588235294,0.0642857142857143,0.1803571428571428,0.3785714285714285,0.7785714285714286,1.4571428571428573,2013-12-16,Hiver
3259,201351,83,AUVERGNE,-9.107142857142858,175.53571428571428,4.107142857142857,281.025,274.57142857142856,65.625,30500.0,67.14285714285714,2.907407407407407,3120.925925925926,98544.46428571428,277.15714285714284,283.65,274.2928571428571,7.932142857142857,-10.0,0.0,0.0,-45.0,0.0035714285714285,0.0107142857142857,0.0285714285714285,0.0428571428571428,0.0857142857142857,2013-12-16,Hiver
3260,201351,25,BASSE-NORMANDIE,-10.63063063063063,206.66666666666663,5.358558558558558,280.5725225225225,278.4418918918919,86.70270270270271,24321.62162162162,82.04651162790698,4.226415094339623,1401.6470588235295,100588.46846846846,278.0392857142857,282.57142857142856,276.57857142857137,9.177477477477478,-10.0,0.0,0.0,-45.84905660377358,0.063063063063063,0.1945945945945946,0.5785714285714285,0.7928571428571428,1.3642857142857143,2013-12-16,Hiver
3261,201351,26,BOURGOGNE,-14.545454545454543,156.03603603603602,2.7117117117117115,278.1887387387387,275.7653153153153,85.06306306306307,16939.63963963964,89.93827160493827,3.740740740740741,1900.983606557377,100080.09009009007,274.54615384615386,280.78846153846155,272.30384615384617,4.653636363636363,-10.0,0.0,0.0,-44.44444444444444,0.0163636363636363,0.0697247706422018,0.0666666666666666,0.24,0.4,2013-12-16,Hiver
3262,201351,53,BRETAGNE,-5.119047619047619,202.1428571428571,6.342261904761905,282.2904761904762,279.9791666666667,85.88690476190476,17391.03448275862,84.72868217054264,5.620689655172414,873.4883720930233,100921.07142857143,280.3047619047619,284.3452380952381,278.15,11.333333333333334,-10.0,0.0,0.0,-45.55555555555556,0.3928571428571428,1.2738095238095235,2.4857142857142858,5.180952380952381,10.464285714285714,2013-12-16,Hiver
3263,201351,24,CENTRE,-12.702702702702704,186.3963963963964,3.703603603603604,279.3797297297297,276.28963963963963,81.1981981981982,20504.504504504504,71.18556701030928,3.585714285714286,2566.265060240964,100680.09009009007,276.4428571428571,281.75714285714287,274.43571428571425,6.554054054054054,-10.0,0.0,0.0,-45.0,0.0495495495495495,0.2072072072072072,0.1111111111111111,0.7428571428571429,0.95,2013-12-16,Hiver
3264,201351,21,CHAMPAGNE-ARDENNE,-16.696428571428573,164.46428571428572,4.013392857142857,278.66517857142856,275.9955357142857,83.75,18004.464285714286,84.5774647887324,3.5384615384615383,1733.3333333333333,100934.55357142857,275.2964285714286,281.41785714285714,272.07857142857137,6.982142857142857,-10.0,0.0,0.0,-45.0,0.0553571428571428,0.1232142857142857,0.0928571428571428,0.4785714285714286,0.8285714285714285,2013-12-16,Hiver
3265,201351,94,CORSE,-7.477477477477477,138.3783783783784,2.8126126126126123,282.7554054054054,278.30765765765767,74.78378378378379,30675.675675675677,45.645161290322584,1.765625,2711.71875,102753.7837837838,278.57142857142856,286.24642857142857,275.93571428571425,4.5009009009009,-10.0,0.0,0.0,-43.5,0.0,0.0018018018018018,0.0,0.0071428571428571,0.0142857142857142,2013-12-16,Hiver
3266,201351,43,FRANCHE-COMTE,-17.363636363636363,161.6216216216216,2.3900900900900903,277.17972972972973,274.9581081081081,86.08108108108108,14296.396396396396,86.93023255813954,3.875,1658.3076923076924,99530.9009009009,274.01153846153846,279.26153846153846,271.61153846153843,4.305504587155964,-10.0,0.0,0.0,-44.25,0.0477064220183486,0.137037037037037,0.2962962962962963,0.5166666666666667,1.0799999999999998,2013-12-16,Hiver
3267,201351,23,HAUTE-NORMANDIE,-9.732142857142858,200.57142857142856,7.779999999999999,281.71696428571425,279.0473214285714,83.72321428571429,21288.659793814433,83.43023255813954,5.3538461538461535,1017.0238095238096,100682.32142857143,280.1357142857143,283.1928571428571,274.72142857142853,12.428155339805826,-10.0,0.0,0.0,-45.0,0.2378378378378378,0.5148148148148148,0.7769230769230769,1.515384615384615,3.1,2013-12-16,Hiver
3268,201351,91,LANGUEDOC-ROUSSILLON,-7.410714285714286,150.98214285714286,3.8544642857142857,282.4741071428571,279.58214285714286,82.91964285714286,18391.964285714286,78.79797979797979,4.802631578947368,1835.0,101682.5,279.93928571428575,284.6357142857143,277.93571428571425,6.472321428571428,-10.0,0.0,0.0,-48.91304347826087,0.0660714285714285,0.1892857142857142,0.45,0.7785714285714286,1.5642857142857145,2013-12-16,Hiver
3269,201351,74,LIMOUSIN,-8.660714285714286,186.78571428571428,3.997321428571429,279.96964285714284,276.4330357142857,79.58035714285714,27450.877192982454,75.76086956521739,3.019230769230769,2317.4358974358975,99241.875,277.4,282.00714285714287,275.65,6.801785714285714,-10.0,0.0,0.0,-45.0,0.0594594594594594,0.2036363636363636,0.2615384615384615,0.8923076923076922,1.6083333333333334,2013-12-16,Hiver
3270,201351,41,LORRAINE,0.8518339768339769,193.21428571428572,3.340515796260477,284.8620535714286,280.4638392857143,76.875,22941.964285714286,77.08380069025021,4.472972972972973,1404.9461206896551,100070.444015444,281.3357142857143,288.05357142857144,279.2928571428571,6.159821428571428,-10.0,0.0,0.0,-45.0,0.05740025740025735,0.18908730158730155,0.3345238095238095,0.7571428571428571,1.5214285714285716,2013-12-16,Hiver
3271,201351,73,MIDI-PYRENEES,-3.928571428571429,169.91071428571428,2.9848214285714287,280.2705357142857,275.76339285714283,75.05357142857143,24229.464285714286,61.20238095238095,2.2830188679245285,3197.5,99173.30357142857,276.08214285714286,283.50714285714287,273.3642857142857,5.597321428571428,-10.0,0.0,0.0,-46.111111111111114,0.0830357142857143,0.2267857142857142,0.7214285714285714,0.9357142857142856,1.8928571428571428,2013-12-16,Hiver
3272,201351,31,NORD-PAS-DE-CALAIS,-16.071428571428573,189.28571428571428,5.873214285714285,280.87142857142857,277.57589285714283,80.02678571428571,24937.5,75.17857142857143,4.308641975308642,1772.8395061728395,101031.60714285714,279.17857142857144,282.18928571428575,278.5071428571428,9.954464285714286,-10.0,0.0,0.0,-43.6,0.0589285714285714,0.2142857142857142,0.3999999999999999,0.8357142857142856,1.2571428571428571,2013-12-16,Hiver
3273,201351,52,PAYS-DE-LA-LOIRE,0.8518339768339769,193.21428571428572,3.340515796260477,284.8620535714286,280.4638392857143,76.875,22941.964285714286,77.08380069025021,4.472972972972973,1404.9461206896551,100070.444015444,281.3357142857143,288.05357142857144,279.2928571428571,6.159821428571428,-10.0,0.0,0.0,-45.0,0.05740025740025735,0.18908730158730155,0.3345238095238095,0.7571428571428571,1.5214285714285716,2013-12-16,Hiver
3274,201351,22,PICARDIE,-16.071428571428573,189.28571428571428,5.873214285714285,280.87142857142857,277.57589285714283,80.02678571428571,24937.5,75.17857142857143,4.308641975308642,1772.8395061728395,101031.60714285714,279.17857142857144,282.18928571428575,278.5071428571428,9.954464285714286,-10.0,0.0,0.0,-43.6,0.0589285714285714,0.2142857142857142,0.3999999999999999,0.8357142857142856,1.2571428571428571,2013-12-16,Hiver
3275,201351,54,POITOU-CHARENTES,-10.089285714285714,181.78571428571428,3.872321428571429,279.54375,276.5669642857143,82.05357142857143,20075.29411764706,77.35955056179775,3.2745098039215685,2416.2162162162163,100610.625,276.28214285714284,282.0964285714286,274.22142857142853,6.390178571428572,-10.0,0.0,0.0,-44.61538461538461,0.0414414414414414,0.1254545454545454,0.2153846153846153,0.5307692307692308,0.9666666666666668,2013-12-16,Hiver
3276,201351,93,PROVENCE-ALPES-COTE-D-AZUR,0.8518339768339769,193.21428571428572,3.340515796260477,284.8620535714286,280.4638392857143,76.875,22941.964285714286,77.08380069025021,4.472972972972973,1404.9461206896551,100070.444015444,281.3357142857143,288.05357142857144,279.2928571428571,6.159821428571428,-10.0,0.0,0.0,-45.0,0.05740025740025735,0.18908730158730155,0.3345238095238095,0.7571428571428571,1.5214285714285716,2013-12-16,Hiver
3277,201351,11,ILE-DE-FRANCE,-14.909090909090908,202.72727272727272,4.034545454545454,279.78636363636366,276.71727272727276,81.30909090909091,22272.727272727272,61.9811320754717,3.488372093023256,2663.3333333333335,101005.45454545454,277.37857142857143,281.65000000000003,275.2928571428571,7.485454545454545,-10.0,0.0,0.0,-45.294117647058826,0.0709090909090909,0.3309090909090909,0.1692307692307692,1.1428571428571428,1.3,2013-12-16,Hiver
3278,201351,82,RHONE-ALPES,-10.535714285714286,178.39285714285714,4.7625,281.9267857142857,277.8589285714286,77.16071428571429,23032.14285714286,72.96296296296296,4.277777777777778,2835.740740740741,99726.78571428572,279.4428571428571,283.67857142857144,277.15,8.517857142857142,-10.0,0.0,0.0,-45.0,0.1821428571428571,0.5642857142857143,0.8571428571428571,2.142857142857143,4.3,2013-12-16,Hiver
3279,201350,42,ALSACE,2.3214285714285716,119.82142857142856,0.9321428571428572,272.64732142857144,271.94910714285714,95.15178571428572,2571.4285714285716,99.98924731182797,4.472972972972973,582.8571428571429,100930.08928571428,270.9,274.28214285714284,270.43571428571425,2.08125,-10.0,0.0,0.0,-45.0,0.0160714285714285,0.0568807339449541,0.1538461538461538,0.2307692307692307,0.5333333333333333,2013-12-09,Hiver
3280,201350,72,AQUITAINE,2.232142857142857,137.14285714285714,2.6705357142857147,279.13125,276.5678571428571,85.13392857142857,11479.850746268658,44.05747126436781,2.5853658536585367,1930.2564102564104,101782.76785714286,274.57142857142856,282.85,271.22142857142853,4.654464285714285,-10.0,0.0,0.0,-48.0,0.0124999999999999,0.0339285714285714,0.0714285714285714,0.1428571428571428,0.3,2013-12-09,Hiver
3281,201350,83,AUVERGNE,-1.2244897959183674,171.6326530612245,1.510204081632653,276.25204081632654,271.119387755102,70.04081632653062,22918.367346938776,28.93617021276596,1.84,5264.0,99101.63265306124,271.75,280.01666666666665,267.4833333333333,3.9142857142857146,-10.0,0.0,0.0,-45.333333333333336,0.0081632653061224,0.0244897959183673,0.0,0.0833333333333333,0.1999999999999999,2013-12-09,Hiver
3282,201350,25,BASSE-NORMANDIE,-9.553571428571429,159.64285714285714,2.8428571428571425,276.2232142857143,274.6508928571429,90.07142857142857,11260.714285714286,68.58974358974359,3.227272727272727,3053.5087719298244,101555.625,272.7285714285714,279.2107142857143,270.65,4.724107142857143,-10.0,0.0,0.0,-45.27272727272727,0.0178571428571428,0.0571428571428571,0.1071428571428571,0.2642857142857143,0.5,2013-12-09,Hiver
3283,201350,26,BOURGOGNE,1.7857142857142858,80.26785714285714,1.5571428571428572,273.13125,271.8464285714286,91.24107142857144,4714.285714285715,80.06593406593407,1.7777777777777777,4150.0,100752.85714285714,270.4714285714286,275.4142857142857,270.22142857142853,2.3723214285714285,-10.0,0.0,0.0,-45.0,0.0107142857142857,0.0410714285714285,0.0142857142857142,0.1785714285714285,0.3428571428571429,2013-12-09,Hiver
3284,201350,53,BRETAGNE,-14.345238095238097,170.0595238095238,4.194047619047619,280.46488095238095,278.24523809523805,86.41666666666667,8679.37062937063,74.27826086956522,4.944444444444445,1208.936170212766,101857.26190476192,277.697619047619,282.54523809523806,273.93571428571425,7.614880952380952,-10.0,0.0,0.0,-43.125,0.0392857142857142,0.148502994011976,0.2829268292682926,0.5902439024390244,1.292857142857143,2013-12-09,Hiver
3285,201350,24,CENTRE,-2.5225225225225225,127.3873873873874,2.236036036036036,274.97162162162164,272.9581081081081,86.84684684684684,9372.972972972972,41.19101123595506,2.0754716981132075,5046.964285714285,101460.72072072072,271.2214285714286,278.26785714285717,269.3642857142857,3.5207207207207207,-10.0,0.0,0.0,-45.0,0.0054054054054054,0.0414414414414414,0.0518518518518518,0.1785714285714285,0.3571428571428571,2013-12-09,Hiver
3286,201350,21,CHAMPAGNE-ARDENNE,-2.9464285714285716,126.33928571428572,1.9723214285714288,274.0964285714286,272.7241071428571,91.05357142857144,8814.285714285714,68.35185185185185,0.7894736842105263,3361.875,101770.44642857143,270.325,277.4214285714286,267.43571428571425,3.466964285714286,-10.0,0.0,0.0,-43.75,0.0124999999999999,0.0571428571428571,0.0357142857142857,0.2357142857142857,0.4714285714285714,2013-12-09,Hiver
3287,201350,94,CORSE,9.017857142857142,138.48214285714286,2.625,283.4142857142857,279.73660714285717,78.89285714285714,28191.071428571428,41.28865979381443,3.1690140845070425,1174.6753246753246,102931.42857142857,279.85714285714283,286.11071428571427,277.72142857142853,4.436036036036036,-10.0,0.0,0.0,-43.56164383561644,0.0054054054054054,0.0163636363636363,0.0444444444444444,0.0888888888888888,0.1692307692307692,2013-12-09,Hiver
3288,201350,43,FRANCHE-COMTE,2.9464285714285716,117.23214285714286,1.1901785714285715,272.41964285714283,271.1107142857143,91.16964285714286,4928.571428571428,75.50943396226415,2.0714285714285716,2297.5,100188.57142857143,270.11785714285713,274.50714285714287,268.5071428571428,2.466964285714286,-10.0,0.0,0.0,-44.25,0.0142857142857142,0.0357142857142857,0.0714285714285714,0.1428571428571428,0.2857142857142857,2013-12-09,Hiver
3289,201350,23,HAUTE-NORMANDIE,-12.142857142857142,171.51785714285714,5.200892857142857,279.15714285714284,276.68035714285713,85.07142857142857,11146.39175257732,65.3076923076923,3.9814814814814814,2507.7049180327867,101720.17857142857,277.0678571428571,281.14285714285717,268.43571428571425,8.308035714285714,-10.0,0.0,0.0,-46.15384615384615,0.0339285714285714,0.1160714285714285,0.3185185185185185,0.5037037037037037,1.0307692307692309,2013-12-09,Hiver
3290,201350,91,LANGUEDOC-ROUSSILLON,3.027522935779817,138.5321100917431,2.372477064220184,280.1288990825688,276.201376146789,77.38532110091744,16297.247706422018,50.38372093023256,5.0,1984.7169811320755,102096.5137614679,275.48846153846154,283.55384615384617,272.91923076923075,4.357407407407408,-10.0,0.0,0.0,-50.0,0.0037383177570093,0.0169811320754716,0.037037037037037,0.0769230769230769,0.1384615384615384,2013-12-09,Hiver
3291,201350,74,LIMOUSIN,2.5,127.14285714285714,1.8080357142857144,277.74642857142857,273.6196428571429,77.38392857142857,18101.666666666668,45.0735294117647,1.7647058823529411,4965.121951219512,99829.46428571428,273.4321428571429,281.7142857142857,270.8642857142857,3.382142857142857,-10.0,0.0,0.0,-45.0,0.0267857142857142,0.0732142857142857,0.2142857142857142,0.25,0.5,2013-12-09,Hiver
3292,201350,41,LORRAINE,0.8518339768339769,193.21428571428572,3.340515796260477,284.8620535714286,280.4638392857143,76.875,22941.964285714286,77.08380069025021,4.472972972972973,1404.9461206896551,100070.444015444,281.3357142857143,288.05357142857144,279.2928571428571,6.159821428571428,-10.0,0.0,0.0,-45.0,0.05740025740025735,0.18908730158730155,0.3345238095238095,0.7571428571428571,1.5214285714285716,2013-12-09,Hiver
3293,201350,73,MIDI-PYRENEES,2.702702702702702,147.38738738738738,2.1018018018018014,279.0355855855856,274.1527027027027,73.54054054054055,20616.216216216217,33.594202898550726,2.5357142857142856,2325.483870967742,99609.27927927928,273.2,283.63214285714287,269.65,4.394594594594595,-10.0,0.0,0.0,-47.0,0.0126126126126126,0.0342342342342342,0.037037037037037,0.1428571428571428,0.3,2013-12-09,Hiver
3294,201350,31,NORD-PAS-DE-CALAIS,-6.428571428571429,161.96428571428572,3.8080357142857144,277.09553571428575,274.79910714285717,85.59821428571429,12968.75,52.57831325301205,3.1475409836065573,3372.8846153846152,102105.53571428572,274.75714285714287,279.20714285714286,274.0071428571428,6.253571428571428,-10.0,0.0,0.0,-43.421052631578945,0.0375,0.0910714285714285,0.2642857142857143,0.3785714285714285,0.8285714285714285,2013-12-09,Hiver
3295,201350,52,PAYS-DE-LA-LOIRE,0.8518339768339769,193.21428571428572,3.340515796260477,284.8620535714286,280.4638392857143,76.875,22941.964285714286,77.08380069025021,4.472972972972973,1404.9461206896551,100070.444015444,281.3357142857143,288.05357142857144,279.2928571428571,6.159821428571428,-10.0,0.0,0.0,-45.0,0.05740025740025735,0.18908730158730155,0.3345238095238095,0.7571428571428571,1.5214285714285716,2013-12-09,Hiver
3296,201350,22,PICARDIE,-6.428571428571429,161.96428571428572,3.8080357142857144,277.09553571428575,274.79910714285717,85.59821428571429,12968.75,52.57831325301205,3.1475409836065573,3372.8846153846152,102105.53571428572,274.75714285714287,279.20714285714286,274.0071428571428,6.253571428571428,-10.0,0.0,0.0,-43.421052631578945,0.0375,0.0910714285714285,0.2642857142857143,0.3785714285714285,0.8285714285714285,2013-12-09,Hiver
3297,201350,54,POITOU-CHARENTES,0.8928571428571429,127.67857142857144,2.263392857142857,275.51339285714283,273.5767857142857,87.69642857142857,7712.790697674419,46.44927536231884,1.6388888888888888,5214.523809523809,101275.53571428572,271.05357142857144,279.4321428571429,269.0071428571428,3.544642857142857,-10.0,0.0,0.0,-45.0,0.0107142857142857,0.0410714285714285,0.0857142857142857,0.1785714285714285,0.3142857142857143,2013-12-09,Hiver
3298,201350,93,PROVENCE-ALPES-COTE-D-AZUR,0.8518339768339769,193.21428571428572,3.340515796260477,284.8620535714286,280.4638392857143,76.875,22941.964285714286,77.08380069025021,4.472972972972973,1404.9461206896551,100070.444015444,281.3357142857143,288.05357142857144,279.2928571428571,6.159821428571428,-10.0,0.0,0.0,-45.0,0.05740025740025735,0.18908730158730155,0.3345238095238095,0.7571428571428571,1.5214285714285716,2013-12-09,Hiver
3299,201350,11,ILE-DE-FRANCE,-5.454545454545454,145.0909090909091,1.7563636363636363,275.0336363636364,273.13545454545454,87.76363636363637,9765.454545454546,37.148148148148145,2.2285714285714286,5024.285714285715,101893.27272727272,271.3642857142857,278.3857142857143,268.15,3.1654545454545455,-10.0,0.0,0.0,-45.0,0.0072727272727272,0.04,0.0769230769230769,0.1428571428571428,0.3428571428571428,2013-12-09,Hiver
3300,201350,82,RHONE-ALPES,3.636363636363636,142.72727272727272,1.2654545454545454,272.4754545454545,272.01727272727277,96.85454545454546,2478.181818181818,71.92727272727272,3.636363636363636,2899.090909090909,100295.81818181818,269.7857142857143,275.09285714285716,268.2928571428571,2.8345454545454545,-10.0,0.0,0.0,-45.57692307692308,0.0,0.0,0.0,0.0,0.0,2013-12-09,Hiver
3301,201349,42,ALSACE,5.267857142857143,165.80357142857142,2.2589285714285716,275.4428571428571,273.02946428571425,85.05357142857143,20375.89285714286,99.14666666666666,4.472972972972973,958.0,100606.07142857143,273.0964285714286,277.5892857142857,271.57857142857137,4.3125,-10.0,0.0,0.0,-45.0,0.0054054054054054,0.0234234234234234,0.0518518518518518,0.1185185185185185,0.2153846153846153,2013-12-02,Hiver
3302,201349,72,AQUITAINE,6.25,179.19642857142858,1.8830357142857144,276.14910714285713,274.5580357142857,90.05357142857143,5268.181818181818,64.5050505050505,4.625,650.8,101726.875,273.5892857142857,279.10714285714283,271.57857142857137,3.5,-10.0,0.0,0.0,-47.28813559322034,0.0,0.0,0.0,0.0,0.0,2013-12-02,Hiver
3303,201349,83,AUVERGNE,10.185185185185183,173.14814814814815,1.7574074074074075,275.34444444444443,272.6425925925926,82.64814814814815,13961.111111111111,54.0,4.365853658536586,2852.6190476190477,98990.18518518518,272.4428571428571,278.4428571428571,270.0071428571428,3.7055555555555553,-10.0,0.0,0.0,-45.319148936170215,0.0185185185185185,0.0296296296296296,0.0769230769230769,0.1428571428571428,0.2285714285714286,2013-12-02,Hiver
3304,201349,25,BASSE-NORMANDIE,-3.125,195.3571428571429,2.863392857142857,278.7553571428571,276.2,84.21428571428571,18749.10714285714,86.13131313131314,5.25,1170.7291666666667,101724.91071428572,276.2107142857143,280.7,273.7928571428571,5.076785714285714,-10.0,0.0,0.0,-45.294117647058826,0.0089285714285714,0.0232142857142857,0.05,0.0928571428571428,0.1714285714285714,2013-12-02,Hiver
3305,201349,26,BOURGOGNE,5.803571428571429,145.35714285714286,1.9625,275.54375,273.2973214285714,85.91071428571429,14976.785714285714,83.71428571428571,4.478260869565218,1535.4098360655737,100582.23214285714,273.08214285714286,278.13214285714287,271.3642857142857,3.616964285714286,-10.0,0.0,0.0,-46.15384615384615,0.0089285714285714,0.0232142857142857,0.0571428571428571,0.0857142857142857,0.1857142857142857,2013-12-02,Hiver
3306,201349,53,BRETAGNE,-4.285714285714286,186.07142857142856,3.0095238095238095,280.08809523809526,276.93333333333334,81.11904761904762,15754.48275862069,80.86324786324786,5.9523809523809526,992.2950819672132,102287.61904761904,277.7666666666667,282.2166666666667,273.93571428571425,5.342261904761905,-10.0,0.0,0.0,-45.9375,0.0071428571428571,0.0214285714285714,0.0380952380952381,0.0857142857142857,0.1857142857142857,2013-12-02,Hiver
3307,201349,24,CENTRE,1.25,163.57142857142858,2.2473214285714285,277.33660714285713,274.5857142857143,83.07142857142857,14620.535714285714,67.28260869565217,4.847222222222222,2086.235294117647,101415.98214285714,275.0107142857143,279.65714285714284,272.65,4.253571428571428,-10.0,0.0,0.0,-45.18518518518518,0.0053571428571428,0.0196428571428571,0.0499999999999999,0.0714285714285714,0.1571428571428571,2013-12-02,Hiver
3308,201349,21,CHAMPAGNE-ARDENNE,-0.09009009009009,181.35135135135135,2.410810810810811,276.88963963963965,274.82027027027027,87.04504504504504,13771.17117117117,88.06666666666666,4.5,1406.4473684210527,101618.28828828828,274.2107142857143,279.2892857142857,271.93571428571425,4.651351351351351,-10.0,0.0,0.0,-46.15384615384615,0.0216216216216216,0.0306306306306306,0.0999999999999999,0.1428571428571428,0.2571428571428572,2013-12-02,Hiver
3309,201349,94,CORSE,30.625,163.75,2.988392857142857,283.51160714285714,278.51339285714283,72.22321428571429,32982.142857142855,46.51515151515152,2.8987341772151898,1382.3863636363635,102009.55357142857,279.25714285714287,286.6035714285714,276.7928571428571,4.846428571428571,-10.0,0.0,0.0,-43.1578947368421,0.0,0.0017857142857142,0.0,0.0071428571428571,0.0142857142857142,2013-12-02,Hiver
3310,201349,43,FRANCHE-COMTE,6.517857142857143,163.03571428571428,2.064285714285714,274.9660714285714,272.2160714285714,82.91964285714286,17277.678571428572,77.4375,2.9473684210526314,924.0,99885.80357142857,272.0785714285714,277.63214285714287,270.22142857142853,4.198214285714285,-10.0,0.0,0.0,-45.4054054054054,0.0107142857142857,0.0339285714285714,0.0499999999999999,0.1285714285714286,0.2571428571428572,2013-12-02,Hiver
3311,201349,23,HAUTE-NORMANDIE,-5.7657657657657655,212.5,4.791964285714286,280.48660714285717,277.2267857142857,80.60714285714286,16324.257425742577,84.22826086956522,6.223880597014926,837.2727272727273,101947.76785714286,278.69642857142856,282.01785714285717,272.57857142857137,7.430357142857143,-10.0,0.0,0.0,-44.4,0.0071428571428571,0.0522522522522522,0.1999999999999999,0.1999999999999999,0.4142857142857142,2013-12-02,Hiver
3312,201349,91,LANGUEDOC-ROUSSILLON,14.553571428571429,233.21428571428572,2.324107142857143,277.71517857142857,273.5544642857143,77.03571428571429,17543.75,49.62626262626262,4.317073170731708,2260.576923076923,101756.33928571428,273.89285714285717,281.1607142857143,271.57857142857137,4.114285714285715,-10.0,0.0,0.0,-50.0,0.0,0.0,0.0,0.0,0.0,2013-12-02,Hiver
3313,201349,74,LIMOUSIN,3.2142857142857144,140.98214285714286,2.6107142857142853,276.7705357142857,273.80892857142857,82.35714285714286,16848.305084745763,56.08695652173913,3.823529411764706,2238.9795918367345,99771.25,273.6357142857143,279.75,271.65,4.65625,-10.0,0.0,0.0,-44.57142857142857,0.0035714285714285,0.0127272727272727,0.0384615384615384,0.0518518518518518,0.1076923076923076,2013-12-02,Hiver
3314,201349,41,LORRAINE,0.8518339768339769,193.21428571428572,3.340515796260477,284.8620535714286,280.4638392857143,76.875,22941.964285714286,77.08380069025021,4.472972972972973,1404.9461206896551,100070.444015444,281.3357142857143,288.05357142857144,279.2928571428571,6.159821428571428,-10.0,0.0,0.0,-45.0,0.05740025740025735,0.18908730158730155,0.3345238095238095,0.7571428571428571,1.5214285714285716,2013-12-02,Hiver
3315,201349,73,MIDI-PYRENEES,8.214285714285714,177.76785714285714,1.4410714285714286,276.4205357142857,273.91517857142856,85.125,14025.892857142857,68.32954545454545,5.081081081081081,910.0,99484.375,272.88214285714287,279.5964285714286,270.8642857142857,3.2410714285714284,-10.0,0.0,0.0,-46.77966101694915,0.0,0.0,0.0,0.0,0.0,2013-12-02,Hiver
3316,201349,31,NORD-PAS-DE-CALAIS,-6.875,204.0178571428571,3.7875,278.5464285714286,275.98839285714286,84.30357142857143,16909.821428571428,72.46341463414635,5.318840579710145,1852.1739130434785,102083.92857142857,276.18571428571425,280.73214285714283,274.7928571428571,6.503571428571428,-10.0,0.0,0.0,-43.15068493150685,0.0198198198198198,0.0558558558558558,0.1428571428571428,0.2214285714285714,0.3428571428571428,2013-12-02,Hiver
3317,201349,52,PAYS-DE-LA-LOIRE,0.8518339768339769,193.21428571428572,3.340515796260477,284.8620535714286,280.4638392857143,76.875,22941.964285714286,77.08380069025021,4.472972972972973,1404.9461206896551,100070.444015444,281.3357142857143,288.05357142857144,279.2928571428571,6.159821428571428,-10.0,0.0,0.0,-45.0,0.05740025740025735,0.18908730158730155,0.3345238095238095,0.7571428571428571,1.5214285714285716,2013-12-02,Hiver
3318,201349,22,PICARDIE,-6.875,204.0178571428571,3.7875,278.5464285714286,275.98839285714286,84.30357142857143,16909.821428571428,72.46341463414635,5.318840579710145,1852.1739130434785,102083.92857142857,276.18571428571425,280.73214285714283,274.7928571428571,6.503571428571428,-10.0,0.0,0.0,-43.15068493150685,0.0198198198198198,0.0558558558558558,0.1428571428571428,0.2214285714285714,0.3428571428571428,2013-12-02,Hiver
3319,201349,54,POITOU-CHARENTES,1.875,157.32142857142858,2.1098214285714287,276.1348214285714,274.11607142857144,87.33035714285714,10701.744186046511,68.29729729729729,4.317073170731708,1917.1666666666667,101256.96428571428,273.1607142857143,279.2107142857143,270.72142857142853,3.8589285714285713,-10.0,0.0,0.0,-45.88235294117647,0.0053571428571428,0.0163636363636363,0.0384615384615384,0.0592592592592592,0.1384615384615384,2013-12-02,Hiver
3320,201349,93,PROVENCE-ALPES-COTE-D-AZUR,0.8518339768339769,193.21428571428572,3.340515796260477,284.8620535714286,280.4638392857143,76.875,22941.964285714286,77.08380069025021,4.472972972972973,1404.9461206896551,100070.444015444,281.3357142857143,288.05357142857144,279.2928571428571,6.159821428571428,-10.0,0.0,0.0,-45.0,0.05740025740025735,0.18908730158730155,0.3345238095238095,0.7571428571428571,1.5214285714285716,2013-12-02,Hiver
3321,201349,11,ILE-DE-FRANCE,-1.0714285714285714,171.42857142857142,2.3392857142857144,278.49285714285713,275.2357142857143,80.33928571428571,17785.714285714286,65.63636363636364,5.020408163265306,2131.0,101855.35714285714,276.32142857142856,280.39285714285717,273.43571428571425,4.569642857142857,-10.0,0.0,0.0,-44.72727272727273,0.0,0.0071428571428571,0.0285714285714285,0.0285714285714285,0.0571428571428571,2013-12-02,Hiver
3322,201349,82,RHONE-ALPES,15.818181818181818,188.54545454545453,1.6509090909090909,274.27909090909094,272.31545454545454,87.0,10161.818181818182,30.64814814814815,3.342857142857143,2475.483870967742,100005.27272727272,271.4,276.7785714285714,268.72142857142853,3.2363636363636363,-10.0,0.0,0.0,-44.44444444444444,0.0036363636363636,0.0072727272727272,0.0153846153846153,0.0285714285714285,0.0571428571428571,2013-12-02,Hiver
3323,201348,42,ALSACE,8.214285714285714,173.83928571428572,3.060714285714286,274.7910714285714,271.7330357142857,80.8125,21229.464285714286,97.95384615384616,4.472972972972973,814.5070422535211,100623.21428571428,272.59285714285716,276.7285714285714,270.8642857142857,5.34375,-10.0,0.0,0.0,-45.0,0.0124999999999999,0.0504504504504504,0.1111111111111111,0.2222222222222222,0.3230769230769231,2013-11-25,Automne
3324,201348,72,AQUITAINE,0.1785714285714285,210.625,3.804464285714286,276.64910714285713,273.09553571428575,78.34821428571429,24132.83582089552,52.93103448275862,4.245901639344262,1934.2465753424656,101717.94642857143,273.89285714285717,279.3071428571429,271.65,6.375,-10.0,0.0,0.0,-47.64705882352941,0.018018018018018,0.0432432432432432,0.0592592592592592,0.1925925925925926,0.3571428571428571,2013-11-25,Automne
3325,201348,83,AUVERGNE,3.5714285714285716,205.53571428571428,2.8035714285714284,274.6,270.76964285714286,75.89285714285714,20539.285714285714,70.0909090909091,5.787234042553192,1256.1224489795918,98902.85714285714,272.32142857142856,276.4142857142857,270.8642857142857,5.821428571428571,-10.0,0.0,0.0002127659574468,-45.319148936170215,0.0892857142857142,0.149090909090909,0.3,0.5857142857142856,1.2142857142857142,2013-11-25,Automne
3326,201348,25,BASSE-NORMANDIE,2.0535714285714284,134.73214285714286,2.6750000000000003,279.2348214285714,276.8285714285714,85.02678571428571,19874.10714285714,91.8,6.618181818181818,981.1764705882352,101967.23214285714,277.45714285714286,280.8392857142857,275.15,5.213392857142857,-10.0,0.0,0.0,-44.72727272727273,0.0232142857142857,0.0464285714285714,0.0714285714285714,0.1714285714285714,0.4285714285714285,2013-11-25,Automne
3327,201348,26,BOURGOGNE,3.928571428571429,157.76785714285714,3.402678571428571,276.0419642857143,272.4741071428571,78.16964285714286,21797.321428571428,87.56410256410257,5.214285714285714,985.432098765432,100571.78571428572,274.07142857142856,277.68928571428575,272.2928571428571,5.878571428571428,-10.0,0.0,0.0,-45.0,0.0107142857142857,0.0339285714285714,0.0214285714285714,0.1071428571428571,0.2571428571428572,2013-11-25,Automne
3328,201348,53,BRETAGNE,0.0,146.25,3.4023809523809527,280.95535714285717,277.4565476190476,79.39880952380952,17216.438356164384,92.33082706766918,7.0,860.2962962962963,102587.61904761904,279.3619047619048,282.29523809523806,275.93571428571425,6.10952380952381,-10.0,0.0,0.0,-44.72727272727273,0.025,0.0619047619047619,0.1714285714285714,0.2333333333333333,0.5,2013-11-25,Automne
3329,201348,24,CENTRE,3.6607142857142856,128.30357142857142,2.232142857142857,277.88660714285714,274.9642857142857,81.98214285714286,15295.535714285714,84.02912621359224,5.975903614457831,928.9622641509434,101521.96428571428,276.1035714285714,279.45,274.43571428571425,5.289285714285714,-10.0,0.0,0.0,-45.18072289156626,0.0107142857142857,0.0160714285714285,0.0357142857142857,0.0499999999999999,0.1285714285714285,2013-11-25,Automne
3330,201348,21,CHAMPAGNE-ARDENNE,6.517857142857143,216.16071428571428,2.336607142857143,276.76785714285717,275.22767857142856,90.04464285714286,11416.517857142857,90.66666666666669,5.36,1257.5862068965516,101757.85714285714,274.3642857142857,278.62857142857143,272.8642857142857,4.264285714285714,-10.0,0.0,0.0,-45.0,0.0107142857142857,0.0232142857142857,0.0642857142857143,0.0928571428571428,0.1999999999999999,2013-11-25,Automne
3331,201348,94,CORSE,5.803571428571429,127.23214285714286,3.5714285714285716,280.5125,273.1375,62.1875,34258.92857142857,49.69072164948454,2.9178082191780823,1366.0493827160494,101741.69642857143,276.0678571428571,283.5285714285714,273.65,6.241964285714286,-10.0,0.0,0.0,-43.23529411764706,0.0178571428571428,0.1035714285714285,0.1214285714285714,0.45,1.4,2013-11-25,Automne
3332,201348,43,FRANCHE-COMTE,7.589285714285714,204.46428571428572,2.9517857142857147,274.21875,271.11160714285717,80.1875,20141.071428571428,83.26506024096386,5.375,817.945205479452,99852.05357142857,272.125,276.0392857142857,270.5071428571428,5.404464285714285,-10.0,0.0,0.0003030303030303,-43.63636363636363,0.0071428571428571,0.0375,0.0071428571428571,0.15,0.3142857142857143,2013-11-25,Automne
3333,201348,23,HAUTE-NORMANDIE,1.1607142857142858,179.0990990990991,4.344144144144144,280.4348214285714,277.2339285714286,81.0,15029.126213592232,87.24489795918367,6.647887323943662,959.4505494505496,102267.05357142857,279.06428571428575,281.7785714285714,273.43571428571425,6.970535714285715,-10.0,0.0,0.0,-45.0,0.0071428571428571,0.009009009009009,0.0357142857142857,0.0444444444444444,0.0923076923076923,2013-11-25,Automne
3334,201348,91,LANGUEDOC-ROUSSILLON,3.482142857142857,247.5,4.259821428571429,277.1357142857143,270.44642857142856,64.19642857142857,33505.357142857145,37.93103448275862,3.4347826086956523,2735.714285714286,101633.48214285714,273.68928571428575,280.0892857142857,271.43571428571425,7.302678571428571,-10.0,0.0,0.0,-50.0,0.0071428571428571,0.0124999999999999,0.0357142857142857,0.0428571428571428,0.0999999999999999,2013-11-25,Automne
3335,201348,74,LIMOUSIN,1.4285714285714286,111.78571428571428,4.444642857142857,276.3910714285714,273.0875,79.70535714285714,27450.0,78.53333333333333,5.277777777777778,1139.0697674418604,99824.28571428572,274.40714285714284,278.2107142857143,272.72142857142853,7.772321428571429,-10.0,0.0,0.0,-45.0,0.0089285714285714,0.0553571428571428,0.0571428571428571,0.2285714285714286,0.4857142857142857,2013-11-25,Automne
3336,201348,41,LORRAINE,0.8518339768339769,193.21428571428572,3.340515796260477,284.8620535714286,280.4638392857143,76.875,22941.964285714286,77.08380069025021,4.472972972972973,1404.9461206896551,100070.444015444,281.3357142857143,288.05357142857144,279.2928571428571,6.159821428571428,-10.0,0.0,0.0,-45.0,0.05740025740025735,0.18908730158730155,0.3345238095238095,0.7571428571428571,1.5214285714285716,2013-11-25,Automne
3337,201348,73,MIDI-PYRENEES,0.625,239.7321428571429,3.1035714285714286,275.1464285714286,271.7642857142857,78.96428571428571,22148.214285714286,62.71084337349398,4.673913043478261,1515.5405405405406,99413.57142857143,272.17857142857144,277.81428571428575,269.8642857142857,5.664285714285714,-10.0,0.0,0.0,-47.06896551724138,0.0357142857142857,0.1142857142857143,0.4357142857142856,0.4428571428571429,1.0214285714285714,2013-11-25,Automne
3338,201348,31,NORD-PAS-DE-CALAIS,4.285714285714286,283.30357142857144,2.777678571428571,279.1901785714286,277.4214285714286,88.83035714285714,15211.607142857143,81.32530120481928,6.172839506172839,1010.9756097560976,102400.89285714286,277.49285714285713,280.65714285714284,276.22142857142853,4.730357142857143,-10.0,0.0,0.0,-43.2,0.0357142857142857,0.0785714285714285,0.15,0.3,0.7000000000000001,2013-11-25,Automne
3339,201348,52,PAYS-DE-LA-LOIRE,0.8518339768339769,193.21428571428572,3.340515796260477,284.8620535714286,280.4638392857143,76.875,22941.964285714286,77.08380069025021,4.472972972972973,1404.9461206896551,100070.444015444,281.3357142857143,288.05357142857144,279.2928571428571,6.159821428571428,-10.0,0.0,0.0,-45.0,0.05740025740025735,0.18908730158730155,0.3345238095238095,0.7571428571428571,1.5214285714285716,2013-11-25,Automne
3340,201348,22,PICARDIE,4.285714285714286,283.30357142857144,2.777678571428571,279.1901785714286,277.4214285714286,88.83035714285714,15211.607142857143,81.32530120481928,6.172839506172839,1010.9756097560976,102400.89285714286,277.49285714285713,280.65714285714284,276.22142857142853,4.730357142857143,-10.0,0.0,0.0,-43.2,0.0357142857142857,0.0785714285714285,0.15,0.3,0.7000000000000001,2013-11-25,Automne
3341,201348,54,POITOU-CHARENTES,2.232142857142857,150.53571428571428,3.2392857142857143,277.0419642857143,274.2714285714286,82.95535714285714,16861.904761904763,79.83870967741936,5.290909090909091,1068.085106382979,101327.41071428572,274.9892857142857,278.84285714285716,272.8642857142857,5.7821428571428575,-10.0,0.0,0.0,-45.0,0.0089285714285714,0.0232142857142857,0.0285714285714285,0.0714285714285714,0.1999999999999999,2013-11-25,Automne
3342,201348,93,PROVENCE-ALPES-COTE-D-AZUR,0.8518339768339769,193.21428571428572,3.340515796260477,284.8620535714286,280.4638392857143,76.875,22941.964285714286,77.08380069025021,4.472972972972973,1404.9461206896551,100070.444015444,281.3357142857143,288.05357142857144,279.2928571428571,6.159821428571428,-10.0,0.0,0.0,-45.0,0.05740025740025735,0.18908730158730155,0.3345238095238095,0.7571428571428571,1.5214285714285716,2013-11-25,Automne
3343,201348,11,ILE-DE-FRANCE,4.642857142857143,107.32142857142856,1.8660714285714288,279.0,276.31964285714287,83.19642857142857,15392.857142857143,85.72727272727273,6.363636363636363,826.7857142857143,102028.39285714286,277.15714285714284,280.5928571428571,275.72142857142853,5.457142857142857,-10.0,0.0,0.0,-45.27272727272727,0.0071428571428571,0.0071428571428571,0.0285714285714285,0.0285714285714285,0.0571428571428571,2013-11-25,Automne
3344,201348,82,RHONE-ALPES,5.892857142857143,250.17857142857144,4.2375,273.94107142857143,270.55357142857144,78.10714285714286,19541.071428571428,45.88235294117647,4.175,1178.25,99783.39285714286,272.35714285714283,275.9714285714286,270.72142857142853,7.05,-10.0,0.0,0.0,-45.6,0.0142857142857142,0.0321428571428571,0.0428571428571428,0.1714285714285714,0.3142857142857143,2013-11-25,Automne
3345,201347,42,ALSACE,8.839285714285714,222.7678571428571,3.586607142857143,277.0892857142857,275.29464285714283,88.42857142857143,19362.5,99.73636363636363,4.472972972972973,554.4897959183673,98645.89285714286,275.87857142857143,278.1392857142857,274.93571428571425,6.488392857142857,-10.0,0.0,0.0,-45.0,0.1991071428571428,0.5428571428571428,1.1214285714285714,2.185714285714286,4.3428571428571425,2013-11-18,Automne
3346,201347,72,AQUITAINE,16.696428571428573,297.85714285714283,4.858928571428572,278.76785714285717,276.3285714285714,84.91964285714286,20977.777777777777,87.30630630630631,6.0,778.6363636363636,100103.57142857143,277.1607142857143,280.57142857142856,276.22142857142853,7.97027027027027,-10.0,0.0,0.0,-47.014925373134325,0.1243243243243243,0.4414414414414414,0.7642857142857142,1.7407407407407407,3.592307692307692,2013-11-18,Automne
3347,201347,83,AUVERGNE,8.545454545454545,245.0909090909091,3.3163636363636364,276.49,274.08818181818185,84.83636363636364,11660.0,96.32727272727271,7.306122448979592,486.34615384615387,97124.90909090907,275.3,277.5571428571429,274.57857142857137,6.96909090909091,-10.0,0.0,0.0,-44.42307692307692,0.088,0.2319999999999999,0.5230769230769231,1.0615384615384615,2.0,2013-11-18,Automne
3348,201347,25,BASSE-NORMANDIE,23.963963963963963,171.44144144144144,3.68018018018018,278.0274774774775,275.50765765765766,84.15315315315316,21093.693693693695,87.5,5.678571428571429,962.5,100118.28828828828,276.0571428571429,279.5464285714286,274.2928571428571,7.115315315315315,-10.0,0.0,0.0,-45.0,0.26,0.7181818181818181,1.2538461538461538,2.9185185185185185,5.730769230769231,2013-11-18,Automne
3349,201347,26,BOURGOGNE,12.142857142857142,236.16071428571428,3.6723214285714287,276.6589285714286,274.7401785714286,87.66964285714286,17008.928571428572,97.6036036036036,6.833333333333333,484.949494949495,98678.83928571428,275.45,277.70714285714286,274.72142857142853,6.816964285714286,-10.0,0.0,0.0,-45.714285714285715,0.1241071428571428,0.3464285714285714,0.7000000000000001,1.3785714285714286,2.771428571428572,2013-11-18,Automne
3350,201347,53,BRETAGNE,24.94047619047619,208.03571428571428,5.448214285714285,280.52559523809526,276.72142857142853,77.61904761904762,20805.442176870747,87.14285714285714,6.3,918.75,100840.65476190476,278.71190476190475,281.77857142857147,275.3642857142857,10.095833333333337,-10.0,0.0,0.0,-44.666666666666664,0.1119047619047619,0.3273809523809524,0.5,1.2857142857142858,2.7285714285714286,2013-11-18,Automne
3351,201347,24,CENTRE,16.396396396396398,206.3063063063063,3.447747747747748,277.1653153153153,274.8301801801802,85.24324324324324,13785.585585585586,91.018018018018,6.448717948717949,628.7619047619048,99622.97297297296,275.7357142857143,278.28214285714284,274.8642857142857,7.0549549549549555,-10.0,0.0,0.0,-45.39473684210526,0.0414414414414414,0.1621621621621621,0.3642857142857142,0.6214285714285713,1.2714285714285716,2013-11-18,Automne
3352,201347,21,CHAMPAGNE-ARDENNE,15.178571428571429,231.25,3.84375,277.2669642857143,275.68035714285713,89.73214285714286,11035.714285714286,97.96190476190476,6.777777777777778,661.3333333333334,99817.32142857143,275.79285714285714,278.34285714285716,274.72142857142853,6.869642857142857,-10.0,0.0,0.0,-44.44444444444444,0.0758928571428571,0.2035714285714285,0.3928571428571428,0.8785714285714287,1.7357142857142858,2013-11-18,Automne
3353,201347,94,CORSE,-17.06422018348624,157.61467889908258,3.445871559633028,283.6408256880734,279.60412844036694,77.37614678899082,26660.550458715596,82.17821782178218,4.373493975903615,901.4423076923076,100076.88073394496,281.2166666666667,286.4166666666667,278.7653846153846,7.222018348623854,-10.0,0.0,0.0,-43.56164383561644,0.5,1.671698113207547,2.1999999999999997,6.8076923076923075,11.966666666666669,2013-11-18,Automne
3354,201347,43,FRANCHE-COMTE,7.857142857142857,243.3928571428571,3.501785714285714,276.5151785714286,274.8517857142857,89.21428571428571,15330.357142857143,96.46846846846849,6.904761904761905,551.6326530612245,97887.41071428572,275.26785714285717,277.625,274.2928571428571,6.4324324324324325,-10.0,0.0002941176470588,0.0002325581395348,-44.65116279069768,0.1684684684684684,0.4576576576576576,0.7857142857142857,1.9037037037037037,3.9461538461538463,2013-11-18,Automne
3355,201347,23,HAUTE-NORMANDIE,24.375,163.57142857142858,7.158928571428571,279.39910714285713,275.84553571428575,78.75,17402.884615384617,83.09574468085107,6.109589041095891,888.2105263157895,100401.96428571428,277.8642857142857,280.7035714285714,273.43571428571425,10.75625,-10.0,0.0,0.0,-44.4,0.0558558558558558,0.2144144144144144,0.3407407407407407,0.674074074074074,1.4153846153846152,2013-11-18,Automne
3356,201347,91,LANGUEDOC-ROUSSILLON,7.5,255.3571428571429,5.989285714285714,280.09285714285716,275.84196428571425,76.17857142857143,28063.39285714286,89.45945945945945,5.698795180722891,1363.1818181818182,99961.51785714286,278.5464285714286,281.55357142857144,277.7928571428571,9.804504504504504,-10.0,0.0,0.0,-48.75,0.218018018018018,0.7763636363636364,1.292857142857143,3.2,6.646153846153846,2013-11-18,Automne
3357,201347,74,LIMOUSIN,16.696428571428573,224.7321428571429,4.046428571428572,276.3875,274.7,89.08928571428571,20701.639344262298,93.86138613861388,6.36,742.2916666666666,98102.41071428572,274.69444444444446,277.81666666666666,273.8642857142857,7.6018181818181825,-10.0,0.0,0.0,-44.4,0.1545454545454545,0.310091743119266,0.5259259259259259,1.3384615384615384,2.816666666666667,2013-11-18,Automne
3358,201347,41,LORRAINE,0.8518339768339769,193.21428571428572,3.340515796260477,284.8620535714286,280.4638392857143,76.875,22941.964285714286,77.08380069025021,4.472972972972973,1404.9461206896551,100070.444015444,281.3357142857143,288.05357142857144,279.2928571428571,6.159821428571428,-10.0,0.0,0.0,-45.0,0.05740025740025735,0.18908730158730155,0.3345238095238095,0.7571428571428571,1.5214285714285716,2013-11-18,Automne
3359,201347,73,MIDI-PYRENEES,15.089285714285714,262.85714285714283,4.408035714285714,277.6669642857143,275.48125,86.25892857142857,16232.142857142857,95.8108108108108,6.95,566.8468468468468,97877.5,276.29285714285714,279.25,275.57857142857137,8.109909909909911,-10.0,0.0035135135135135,0.0,-47.142857142857146,0.4666666666666666,1.4126126126126126,3.085714285714286,5.814814814814815,11.815384615384614,2013-11-18,Automne
3360,201347,31,NORD-PAS-DE-CALAIS,20.267857142857142,178.2882882882883,3.679279279279279,277.2,275.09732142857143,86.66071428571429,17741.964285714286,75.63095238095238,5.551282051282051,974.4871794871794,100533.21428571428,275.18571428571425,278.7607142857143,273.7928571428571,6.318018018018018,-10.0,0.0,0.0,-43.63636363636363,0.0964285714285714,0.2607142857142857,0.1428571428571428,1.0285714285714287,1.9857142857142855,2013-11-18,Automne
3361,201347,52,PAYS-DE-LA-LOIRE,0.8518339768339769,193.21428571428572,3.340515796260477,284.8620535714286,280.4638392857143,76.875,22941.964285714286,77.08380069025021,4.472972972972973,1404.9461206896551,100070.444015444,281.3357142857143,288.05357142857144,279.2928571428571,6.159821428571428,-10.0,0.0,0.0,-45.0,0.05740025740025735,0.18908730158730155,0.3345238095238095,0.7571428571428571,1.5214285714285716,2013-11-18,Automne
3362,201347,22,PICARDIE,20.267857142857142,178.2882882882883,3.679279279279279,277.2,275.09732142857143,86.66071428571429,17741.964285714286,75.63095238095238,5.551282051282051,974.4871794871794,100533.21428571428,275.18571428571425,278.7607142857143,273.7928571428571,6.318018018018018,-10.0,0.0,0.0,-43.63636363636363,0.0964285714285714,0.2607142857142857,0.1428571428571428,1.0285714285714287,1.9857142857142855,2013-11-18,Automne
3363,201347,54,POITOU-CHARENTES,16.875,257.5,3.694642857142857,276.83035714285717,274.94642857142856,87.94642857142857,17582.758620689656,93.67961165048544,6.291666666666667,776.0824742268042,99509.73214285714,275.18333333333334,278.1425925925926,274.22142857142853,6.742727272727273,-10.0,0.0,0.0,-45.714285714285715,0.0890909090909091,0.2642201834862385,0.4518518518518518,1.1153846153846154,2.375,2013-11-18,Automne
3364,201347,93,PROVENCE-ALPES-COTE-D-AZUR,0.8518339768339769,193.21428571428572,3.340515796260477,284.8620535714286,280.4638392857143,76.875,22941.964285714286,77.08380069025021,4.472972972972973,1404.9461206896551,100070.444015444,281.3357142857143,288.05357142857144,279.2928571428571,6.159821428571428,-10.0,0.0,0.0,-45.0,0.05740025740025735,0.18908730158730155,0.3345238095238095,0.7571428571428571,1.5214285714285716,2013-11-18,Automne
3365,201347,11,ILE-DE-FRANCE,17.454545454545453,171.8181818181818,3.707272727272727,277.61727272727273,274.7990909090909,82.38181818181818,15909.09090909091,86.45454545454545,6.277777777777778,809.2592592592592,100095.45454545454,276.0357142857143,278.79285714285714,274.8642857142857,7.696363636363636,-10.0,0.0,0.0,-45.27272727272727,0.0109090909090909,0.109090909090909,0.1428571428571428,0.3857142857142857,0.8571428571428571,2013-11-18,Automne
3366,201347,82,RHONE-ALPES,3.928571428571429,276.60714285714283,5.135714285714286,276.38392857142856,275.1482142857143,91.98214285714286,12177.67857142857,95.32142857142856,7.326530612244898,435.1923076923077,97937.85714285714,275.12142857142857,277.56428571428575,274.43571428571425,8.32857142857143,-10.0,0.0193103448275862,0.0026923076923076,-45.0,0.2321428571428571,0.7964285714285715,1.5,3.0714285714285716,6.1571428571428575,2013-11-18,Automne
3367,201346,42,ALSACE,-9.36936936936937,128.2882882882883,2.8405405405405406,278.213963963964,275.6274774774775,83.91891891891892,18374.774774774774,99.2,4.472972972972973,700.1052631578947,100297.92792792791,276.3892857142857,279.775,275.22142857142853,4.95045045045045,-10.0,0.0,0.0,-45.0,0.0342342342342342,0.1279279279279279,0.2571428571428572,0.5142857142857143,2.1571428571428575,2013-11-11,Automne
3368,201346,72,AQUITAINE,-18.214285714285715,212.2321428571429,3.25625,282.15803571428575,280.12857142857143,87.67857142857143,21103.125,84.76635514018692,5.923076923076923,762.7722772277227,101348.21428571428,280.275,284.15,279.2928571428571,5.716964285714285,-10.0,0.0,0.0,-47.08860759493671,0.0517857142857142,0.1482142857142857,0.3857142857142857,0.6714285714285715,2.0214285714285714,2013-11-11,Automne
3369,201346,83,AUVERGNE,-13.035714285714286,204.82142857142856,2.25,277.6017857142857,275.12857142857143,84.73214285714286,15803.57142857143,78.72222222222223,6.041666666666667,843.6,98602.67857142857,274.75,279.6142857142857,273.8642857142857,4.607272727272727,-10.0,0.0,0.0,-45.283018867924525,0.1192307692307692,0.1047619047619047,0.175,0.4153846153846154,1.6000000000000003,2013-11-11,Automne
3370,201346,25,BASSE-NORMANDIE,-15.272727272727272,142.0909090909091,3.5427272727272725,280.2709090909091,278.1018181818182,86.7,17692.727272727272,84.42391304347827,5.74468085106383,906.9662921348314,101507.90909090907,278.06111111111113,282.2944444444444,274.99615384615385,6.572727272727272,-10.0,0.0,0.0,-45.0,0.0472727272727272,0.1545454545454545,0.2214285714285714,0.637037037037037,1.4769230769230768,2013-11-11,Automne
3371,201346,26,BOURGOGNE,-11.891891891891891,150.36036036036035,2.8972972972972975,278.5878378378378,275.8238738738739,82.90090090090091,20100.0,92.11111111111111,6.333333333333333,759.5505617977528,100206.84684684683,276.3392857142857,280.54285714285714,275.22142857142853,5.161261261261261,-10.0,0.0,0.0,-43.84615384615385,0.054054054054054,0.1690909090909091,0.3185185185185185,0.674074074074074,1.7923076923076924,2013-11-11,Automne
3372,201346,53,BRETAGNE,-12.976190476190476,157.5595238095238,4.543452380952381,283.0922619047619,279.8559523809524,81.23214285714286,15350.0,82.4672131147541,5.469879518072289,812.436974789916,102091.90476190476,281.1190476190476,284.70238095238096,277.57857142857137,8.035119047619048,-10.0,0.0,0.0,-44.15094339622642,0.1005988023952095,0.3590361445783133,0.7560975609756098,1.6,2.957142857142857,2013-11-11,Automne
3373,201346,24,CENTRE,-13.963963963963964,138.1081081081081,2.9675675675675675,279.0463963963964,276.50495495495494,84.32432432432432,14876.576576576575,75.4326923076923,5.926470588235294,875.1648351648352,101130.36036036036,276.62857142857143,281.0464285714286,275.15,5.647747747747747,-10.0,0.0,0.0,-44.43037974683544,0.027027027027027,0.0990825688073394,0.1851851851851851,0.3923076923076923,1.25,2013-11-11,Automne
3374,201346,21,CHAMPAGNE-ARDENNE,-11.339285714285714,154.375,2.7017857142857147,277.75357142857143,276.34375,90.97321428571428,9720.535714285714,94.51764705882351,6.615384615384615,724.8101265822785,101392.41071428572,274.82142857142856,279.7392857142857,272.93571428571425,4.928571428571429,-10.0,0.0,0.0,-45.0,0.0410714285714285,0.1446428571428571,0.2428571428571428,0.55,1.4285714285714286,2013-11-11,Automne
3375,201346,94,CORSE,23.454545454545453,163.72727272727272,3.2409090909090907,287.8945454545455,282.14181818181817,70.43636363636364,29072.727272727272,75.05050505050505,3.426829268292683,1312.1052631578948,101327.90909090907,284.9388888888889,290.5388888888889,282.4576923076923,6.235454545454545,-10.0,0.0,0.0,-43.943661971830984,0.0351851851851851,0.1308411214953271,0.2615384615384615,0.5666666666666667,4.15,2013-11-11,Automne
3376,201346,43,FRANCHE-COMTE,-7.410714285714286,177.32142857142858,2.6035714285714286,277.9330357142857,275.18571428571425,82.99107142857143,18997.321428571428,92.23958333333331,6.078947368421052,725.6666666666666,99529.64285714286,275.9607142857143,279.6464285714286,274.57857142857137,4.867567567567567,-10.0,0.0,0.0,-45.833333333333336,0.0324324324324324,0.1254545454545454,0.2592592592592592,0.5185185185185185,2.085714285714286,2013-11-11,Automne
3377,201346,23,HAUTE-NORMANDIE,-13.392857142857142,139.28571428571428,5.419642857142857,281.88214285714287,278.8044642857143,81.98214285714286,13048.421052631578,80.55555555555556,5.661290322580645,781.6883116883117,101771.33928571428,280.06071428571425,283.4642857142857,274.15,8.628571428571428,-10.0,0.0,0.0,-46.8,0.0446428571428571,0.1855855855855856,0.3851851851851852,0.7925925925925925,1.6,2013-11-11,Automne
3378,201346,91,LANGUEDOC-ROUSSILLON,-12.678571428571429,220.08928571428572,4.308928571428572,282.62589285714284,276.7544642857143,70.80357142857143,31649.10714285714,74.95238095238095,4.757142857142857,1698.494623655914,101295.35714285714,280.17857142857144,284.9142857142857,278.57857142857137,7.179464285714286,-10.0,0.0,0.0,-49.285714285714285,0.0392857142857142,0.1071428571428571,0.2214285714285714,0.45,1.092857142857143,2013-11-11,Automne
3379,201346,74,LIMOUSIN,-17.272727272727273,136.75675675675674,3.592792792792793,279.4554054054054,277.1716216216216,85.96396396396396,21375.0,85.41836734693878,5.537037037037037,960.2127659574468,99440.45045045044,276.81666666666666,281.4277777777778,275.43571428571425,6.579999999999999,-10.0,0.0,0.0,-45.0,0.0327272727272727,0.1577981651376146,0.2074074074074074,0.6153846153846154,1.276923076923077,2013-11-11,Automne
3380,201346,41,LORRAINE,0.8518339768339769,193.21428571428572,3.340515796260477,284.8620535714286,280.4638392857143,76.875,22941.964285714286,77.08380069025021,4.472972972972973,1404.9461206896551,100070.444015444,281.3357142857143,288.05357142857144,279.2928571428571,6.159821428571428,-10.0,0.0,0.0,-45.0,0.05740025740025735,0.18908730158730155,0.3345238095238095,0.7571428571428571,1.5214285714285716,2013-11-11,Automne
3381,201346,73,MIDI-PYRENEES,-18.660714285714285,239.28571428571428,2.8651785714285714,281.46964285714284,279.62321428571425,88.78571428571429,17405.35714285714,94.9074074074074,7.133333333333334,518.5321100917431,99105.89285714286,280.0571428571429,282.975,279.0071428571428,5.4071428571428575,-10.0,0.0,0.0,-46.721311475409834,0.1607142857142857,0.572972972972973,1.3,2.5777777777777775,5.538461538461538,2013-11-11,Automne
3382,201346,31,NORD-PAS-DE-CALAIS,-10.803571428571429,167.14285714285714,3.1089285714285713,279.4205357142857,277.9205357142857,90.875,14315.625,71.82142857142857,5.205882352941177,1041.029411764706,101997.67857142857,277.15,281.2607142857143,275.15,5.3500000000000005,-10.0,0.0,0.0,-43.63636363636363,0.0607142857142857,0.1464285714285714,0.25,0.5857142857142856,1.7285714285714284,2013-11-11,Automne
3383,201346,52,PAYS-DE-LA-LOIRE,0.8518339768339769,193.21428571428572,3.340515796260477,284.8620535714286,280.4638392857143,76.875,22941.964285714286,77.08380069025021,4.472972972972973,1404.9461206896551,100070.444015444,281.3357142857143,288.05357142857144,279.2928571428571,6.159821428571428,-10.0,0.0,0.0,-45.0,0.05740025740025735,0.18908730158730155,0.3345238095238095,0.7571428571428571,1.5214285714285716,2013-11-11,Automne
3384,201346,22,PICARDIE,-10.803571428571429,167.14285714285714,3.1089285714285713,279.4205357142857,277.9205357142857,90.875,14315.625,71.82142857142857,5.205882352941177,1041.029411764706,101997.67857142857,277.15,281.2607142857143,275.15,5.3500000000000005,-10.0,0.0,0.0,-43.63636363636363,0.0607142857142857,0.1464285714285714,0.25,0.5857142857142856,1.7285714285714284,2013-11-11,Automne
3385,201346,54,POITOU-CHARENTES,-15.504587155963304,147.27272727272728,3.1018181818181816,279.47,277.2127272727273,86.01818181818182,15919.277108433736,85.15463917525773,6.12,715.7608695652174,100922.09090909093,276.8240740740741,281.5351851851852,275.7928571428571,5.705504587155963,-10.0,0.0,0.0,-44.11764705882353,0.0403669724770642,0.1327102803738317,0.2076923076923077,0.456,1.2833333333333334,2013-11-11,Automne
3386,201346,93,PROVENCE-ALPES-COTE-D-AZUR,0.8518339768339769,193.21428571428572,3.340515796260477,284.8620535714286,280.4638392857143,76.875,22941.964285714286,77.08380069025021,4.472972972972973,1404.9461206896551,100070.444015444,281.3357142857143,288.05357142857144,279.2928571428571,6.159821428571428,-10.0,0.0,0.0,-45.0,0.05740025740025735,0.18908730158730155,0.3345238095238095,0.7571428571428571,1.5214285714285716,2013-11-11,Automne
3387,201346,11,ILE-DE-FRANCE,-13.571428571428571,134.46428571428572,3.4160714285714286,279.18392857142857,276.6714285714286,84.51785714285714,14867.857142857143,66.45454545454545,5.704545454545454,982.1739130434784,101626.78571428572,276.7142857142857,281.06428571428575,274.72142857142853,6.360714285714286,-10.0,0.0,0.0,-44.716981132075475,0.0107142857142857,0.109090909090909,0.2428571428571428,0.4615384615384615,1.1666666666666667,2013-11-11,Automne
3388,201346,82,RHONE-ALPES,-8.928571428571429,236.25,3.2357142857142853,277.84285714285716,275.50178571428575,85.35714285714286,16692.85714285714,78.27272727272727,5.823529411764706,1179.2592592592594,99530.17857142857,276.35,279.5214285714286,275.15,5.691071428571428,-10.0,0.0,0.0,-45.0,0.0509090909090909,0.109090909090909,0.3714285714285714,0.5142857142857143,2.7857142857142856,2013-11-11,Automne
3389,201345,42,ALSACE,18.0188679245283,204.622641509434,4.563207547169811,283.31320754716984,280.39150943396226,82.72641509433963,42459.43396226415,98.39285714285714,4.472972972972973,1013.1868131868132,98607.64150943396,281.0537037037037,285.4648148148148,279.15,8.600943396226416,-10.0,0.0,0.0,-45.0,0.2056603773584905,0.5735849056603773,1.3185185185185186,2.511111111111111,3.907692307692307,2013-11-04,Automne
3390,201345,72,AQUITAINE,20.803571428571427,233.21428571428572,4.911607142857143,287.125,285.16785714285714,88.35714285714286,20144.444444444445,90.12962962962963,5.91358024691358,845.5238095238095,100343.66071428572,285.34285714285716,289.0357142857143,283.8642857142857,8.777678571428572,-10.0,0.0,0.0,-47.532467532467535,0.2857142857142857,0.9297297297297298,1.8296296296296295,3.948148148148148,6.3,2013-11-04,Automne
3391,201345,83,AUVERGNE,21.818181818181817,205.63636363636363,4.010909090909091,285.10818181818183,280.4318181818182,73.74545454545455,27418.18181818182,82.27272727272727,5.037037037037037,1181.8181818181818,97351.81818181818,282.4857142857143,287.93571428571425,280.43571428571425,8.56,-10.0,0.0,0.0,-45.0,0.1176470588235294,0.2869565217391304,0.6166666666666667,0.9636363636363636,1.4428571428571428,2013-11-04,Automne
3392,201345,25,BASSE-NORMANDIE,50.54054054054054,239.72972972972977,5.082882882882883,283.5265765765766,281.4292792792793,87.27927927927928,23059.45945945946,88.09278350515464,5.717391304347826,729.4791666666666,99417.74774774777,281.487037037037,285.8611111111111,280.0071428571428,9.290090090090091,-10.0,0.0,0.0,-45.0,0.3621621621621622,0.9171171171171172,2.621428571428571,3.651851851851851,7.921428571428572,2013-11-04,Automne
3393,201345,26,BOURGOGNE,26.607142857142858,225.8928571428571,5.005357142857143,284.0053571428571,281.5544642857143,85.25,29251.785714285714,94.63541666666669,5.928571428571429,773.1958762886597,98690.53571428572,281.7392857142857,286.2892857142857,280.3642857142857,9.366964285714287,-10.0,0.0,0.0,-45.0,0.2910714285714286,0.7571428571428571,0.95,3.1142857142857143,5.921428571428572,2013-11-04,Automne
3394,201345,53,BRETAGNE,53.92857142857143,243.51190476190476,5.470238095238095,284.93869047619046,282.6547619047619,86.39880952380952,20272.108843537415,93.14285714285714,6.6,606.6428571428571,99994.10714285714,283.252380952381,286.62142857142857,281.0071428571428,10.2625,-10.0,0.0,0.0,-45.0,0.2850299401197604,0.9674698795180724,2.5853658536585367,4.4399999999999995,9.23076923076923,2013-11-04,Automne
3395,201345,24,CENTRE,35.357142857142854,240.71428571428572,4.926785714285714,284.1714285714286,281.77410714285713,85.625,20013.39285714286,85.0952380952381,5.769230769230769,747.156862745098,99331.875,282.1142857142857,286.56428571428575,281.15,9.644642857142856,-10.0,0.0,0.0,-45.18518518518518,0.3303571428571428,0.9125,1.0714285714285714,3.7357142857142858,7.1499999999999995,2013-11-04,Automne
3396,201345,21,CHAMPAGNE-ARDENNE,33.125,222.8571428571429,5.671428571428572,283.4214285714286,281.48839285714286,88.15178571428571,17237.837837837837,93.13186813186812,5.846153846153846,749.5604395604396,99435.17857142857,281.0892857142857,285.9214285714286,280.15,9.98125,-10.0,0.0,0.0,-45.55555555555556,0.2955357142857143,0.9803571428571428,1.3785714285714286,3.892857142857143,7.478571428571429,2013-11-04,Automne
3397,201345,94,CORSE,-18.482142857142858,149.46428571428572,3.25,289.36160714285717,284.4214285714286,74.84821428571429,30151.785714285714,57.72727272727273,3.1097560975609757,1033.5106382978724,100910.98214285714,285.58214285714286,292.13214285714287,282.65,6.204464285714286,-10.0,0.0,0.0,-43.54838709677419,0.3724770642201835,0.9757009345794392,1.4222222222222225,3.8461538461538463,6.684615384615385,2013-11-04,Automne
3398,201345,43,FRANCHE-COMTE,20.625,220.2678571428571,4.104464285714285,283.5151785714286,280.3098214285714,81.26785714285714,35997.32142857143,94.25742574257426,5.536585365853658,981.3725490196078,98016.42857142857,280.9142857142857,285.87857142857143,278.8642857142857,8.108928571428573,-10.0,0.0,0.0,-44.63414634146341,0.2035714285714285,0.6589285714285714,1.3928571428571428,2.685714285714286,4.5928571428571425,2013-11-04,Automne
3399,201345,23,HAUTE-NORMANDIE,55.089285714285715,247.1428571428571,7.0633928571428575,284.025,281.2919642857143,84.0,19265.9793814433,88.28888888888889,6.1940298507462686,625.1685393258427,99544.10714285714,282.3964285714286,285.56071428571425,279.15,11.298214285714286,-10.0,0.0,0.0,-44.44444444444444,0.2214285714285714,0.7321428571428571,1.6214285714285714,3.2714285714285714,6.764285714285714,2013-11-04,Automne
3400,201345,91,LANGUEDOC-ROUSSILLON,12.410714285714286,224.46428571428572,4.669642857142857,287.73839285714286,283.40625,76.91071428571429,34051.78571428572,81.03809523809524,4.773333333333333,1658.2105263157894,100498.83928571428,285.2107142857143,290.04285714285714,283.22142857142853,8.154464285714287,-10.0,0.0,0.0,-49.45945945945946,0.0982142857142857,0.3035714285714285,0.5285714285714286,1.2571428571428571,2.05,2013-11-04,Automne
3401,201345,74,LIMOUSIN,29.285714285714285,238.4821428571429,5.360714285714286,284.65625,283.2017857142857,91.03571428571428,32820.68965517241,94.52830188679243,6.481481481481482,433.8679245283019,98107.85714285714,282.9,286.4107142857143,281.5071428571428,9.40267857142857,-10.0,0.0,0.0,-45.0,0.3133928571428571,1.0648648648648649,1.8,4.0888888888888895,8.87857142857143,2013-11-04,Automne
3402,201345,41,LORRAINE,0.8518339768339769,193.21428571428572,3.340515796260477,284.8620535714286,280.4638392857143,76.875,22941.964285714286,77.08380069025021,4.472972972972973,1404.9461206896551,100070.444015444,281.3357142857143,288.05357142857144,279.2928571428571,6.159821428571428,-10.0,0.0,0.0,-45.0,0.05740025740025735,0.18908730158730155,0.3345238095238095,0.7571428571428571,1.5214285714285716,2013-11-04,Automne
3403,201345,73,MIDI-PYRENEES,17.38738738738739,219.1891891891892,4.284684684684685,286.58516483516485,283.8961538461538,84.51648351648352,20639.60396039604,89.69072164948453,5.35,1115.5434782608695,98320.36036036036,283.9909090909091,288.7409090909091,282.15,8.697247706422019,-10.0,0.0,0.0,-46.721311475409834,0.2266666666666666,0.6247191011235955,0.7818181818181817,2.2454545454545456,3.63,2013-11-04,Automne
3404,201345,31,NORD-PAS-DE-CALAIS,50.285714285714285,231.1428571428571,5.263809523809524,282.57666666666665,280.7157142857143,88.5904761904762,22630.47619047619,82.0,5.957746478873239,725.3424657534247,99618.66666666669,280.5615384615384,284.44615384615383,279.99615384615385,9.284615384615384,-10.0,0.0,0.0,-43.63636363636363,0.3865384615384615,1.140384615384615,2.423076923076923,4.456,10.383333333333333,2013-11-04,Automne
3405,201345,52,PAYS-DE-LA-LOIRE,0.8518339768339769,193.21428571428572,3.340515796260477,284.8620535714286,280.4638392857143,76.875,22941.964285714286,77.08380069025021,4.472972972972973,1404.9461206896551,100070.444015444,281.3357142857143,288.05357142857144,279.2928571428571,6.159821428571428,-10.0,0.0,0.0,-45.0,0.05740025740025735,0.18908730158730155,0.3345238095238095,0.7571428571428571,1.5214285714285716,2013-11-04,Automne
3406,201345,22,PICARDIE,50.285714285714285,231.1428571428571,5.263809523809524,282.57666666666665,280.7157142857143,88.5904761904762,22630.47619047619,82.0,5.957746478873239,725.3424657534247,99618.66666666669,280.5615384615384,284.44615384615383,279.99615384615385,9.284615384615384,-10.0,0.0,0.0,-43.63636363636363,0.3865384615384615,1.140384615384615,2.423076923076923,4.456,10.383333333333333,2013-11-04,Automne
3407,201345,54,POITOU-CHARENTES,32.05357142857143,238.4821428571429,5.488392857142857,285.1080357142857,282.9973214285714,87.3125,26790.58823529412,91.94174757281552,5.836363636363636,666.1764705882352,99369.19642857143,282.99642857142857,287.35714285714283,281.7928571428571,9.95,-10.0,0.0,0.0,-45.0,0.3357142857142857,0.8875000000000001,1.2357142857142858,3.628571428571429,6.992857142857143,2013-11-04,Automne
3408,201345,93,PROVENCE-ALPES-COTE-D-AZUR,0.8518339768339769,193.21428571428572,3.340515796260477,284.8620535714286,280.4638392857143,76.875,22941.964285714286,77.08380069025021,4.472972972972973,1404.9461206896551,100070.444015444,281.3357142857143,288.05357142857144,279.2928571428571,6.159821428571428,-10.0,0.0,0.0,-45.0,0.05740025740025735,0.18908730158730155,0.3345238095238095,0.7571428571428571,1.5214285714285716,2013-11-04,Automne
3409,201345,11,ILE-DE-FRANCE,40.17857142857143,240.53571428571428,4.766071428571428,283.61785714285713,281.3,86.05357142857143,20714.285714285714,79.18181818181819,5.68,768.1132075471698,99609.46428571428,281.7142857142857,285.8857142857143,280.8642857142857,9.330357142857142,-10.0,0.0,0.0,-45.283018867924525,0.3178571428571429,0.9607142857142856,1.2,3.9,7.642857142857143,2013-11-04,Automne
3410,201345,82,RHONE-ALPES,16.785714285714285,175.71428571428572,3.4875000000000003,284.75892857142856,281.4642857142857,80.98214285714286,30098.214285714286,87.0909090909091,5.6415094339622645,1454.2592592592594,98398.75,282.20714285714286,287.15,280.72142857142853,6.7,-10.0,0.0,0.0,-44.15094339622642,0.175,0.725,1.542857142857143,2.942857142857143,4.257142857142857,2013-11-04,Automne
3411,201344,42,ALSACE,-7.5,190.71428571428572,3.2919642857142857,283.3589285714286,279.6607142857143,79.38392857142857,36121.42857142857,97.86363636363636,4.472972972972973,1213.103448275862,99431.16071428572,280.19642857142856,286.70714285714286,278.2928571428571,6.570535714285714,-10.0,0.0,0.0,-45.0,0.0625,0.2392857142857143,0.3428571428571428,1.0285714285714287,2.0785714285714287,2013-10-28,Automne
3412,201344,72,AQUITAINE,-2.9464285714285716,208.30357142857144,3.11875,285.41517857142856,281.61875,79.20535714285714,33004.76190476191,68.69791666666667,3.306666666666666,2150.5494505494507,100786.33928571428,281.9857142857143,288.9321428571429,279.7928571428571,5.539285714285714,-10.0,0.0,0.0,-45.90909090909091,0.1705357142857143,0.4036036036036036,0.8592592592592593,1.548148148148148,2.942857142857143,2013-10-28,Automne
3413,201344,83,AUVERGNE,-5.555555555555555,173.14814814814815,3.164814814814815,283.6314814814815,278.3296296296296,71.5,28870.37037037037,68.05555555555556,3.076923076923077,2412.1153846153848,97973.14814814816,279.3269230769231,286.59615384615387,278.0071428571428,6.825925925925926,-10.0,0.0,0.0,-43.84615384615385,0.0039215686274509,0.0583333333333333,0.2,0.2909090909090909,0.5333333333333333,2013-10-28,Automne
3414,201344,25,BASSE-NORMANDIE,-13.214285714285714,217.94642857142856,5.323214285714286,283.6276785714286,281.2142857142857,85.61607142857143,24772.321428571428,84.13333333333334,4.435897435897436,903.5227272727273,100007.94642857143,280.94642857142856,285.90714285714284,279.65,9.640178571428573,-10.0,0.0,0.0,-44.21052631578947,0.2864864864864865,0.654054054054054,0.85,2.674074074074074,5.792307692307692,2013-10-28,Automne
3415,201344,26,BOURGOGNE,-9.196428571428571,193.21428571428572,3.461607142857143,283.32410714285714,280.1035714285714,81.60714285714286,27612.5,85.91025641025641,4.25,1317.704918032787,99387.32142857143,280.2785714285714,286.62142857142857,278.57857142857137,6.538392857142858,-10.0,0.0,0.0,-43.75,0.0589285714285714,0.2821428571428571,0.75,1.1285714285714286,2.6714285714285713,2013-10-28,Automne
3416,201344,53,BRETAGNE,-8.74251497005988,224.1317365269461,5.591616766467066,284.9559880239521,282.2607784431138,84.25149700598803,20930.555555555555,84.57264957264957,5.670454545454546,746.260162601626,100440.05988023953,282.59634146341466,287.03536585365856,280.2269230769231,10.679640718562874,-10.0,0.0,0.0,-44.72727272727273,0.3067484662576687,0.8503067484662576,1.2292682926829268,3.005128205128205,6.846153846153846,2013-10-28,Automne
3417,201344,24,CENTRE,-10.357142857142858,201.33928571428572,4.116964285714286,283.6276785714286,280.41517857142856,81.5625,21182.14285714286,66.48484848484848,4.211267605633803,1418.658536585366,100034.82142857143,280.80357142857144,286.6642857142857,279.22142857142853,7.732142857142857,-10.0,0.0,0.0,-44.43037974683544,0.0964285714285714,0.35,1.3,1.542857142857143,3.664285714285714,2013-10-28,Automne
3418,201344,21,CHAMPAGNE-ARDENNE,-7.767857142857143,184.1071428571429,4.5375,283.24910714285716,280.2607142857143,82.57142857142857,17871.428571428572,79.05797101449275,4.2,1374.657534246575,100209.10714285714,280.2714285714286,286.0107142857143,278.3642857142857,8.05625,-10.0,0.0,0.0,-45.0,0.0732142857142857,0.2446428571428571,0.85,1.1142857142857143,2.507142857142857,2013-10-28,Automne
3419,201344,94,CORSE,-14.107142857142858,137.58928571428572,2.4535714285714287,291.13214285714287,287.675,81.08035714285714,20650.0,62.05263157894737,2.941860465116279,1165.4255319148936,101575.0,287.425,293.98928571428576,285.15,4.244642857142857,-10.0,0.0,0.0,-43.59375,0.009009009009009,0.0146788990825688,0.0222222222222222,0.0307692307692307,0.05,2013-10-28,Automne
3420,201344,43,FRANCHE-COMTE,-7.946428571428571,204.6846846846847,2.8666666666666667,283.2,279.6098214285714,80.01785714285714,29555.855855855854,81.20930232558139,3.619047619047619,1309.7222222222222,98765.98214285714,279.95714285714286,286.4107142857143,278.0071428571428,5.981981981981982,-10.0,0.0,0.0,-44.31818181818182,0.1196428571428571,0.3999999999999999,0.8214285714285714,1.592857142857143,2.957142857142857,2013-10-28,Automne
3421,201344,23,HAUTE-NORMANDIE,-12.142857142857142,226.6071428571429,8.463392857142857,285.00178571428575,281.7553571428572,81.19642857142857,21605.76923076923,84.15730337078652,6.041095890410959,829.0721649484536,100086.51785714286,283.1142857142857,286.6107142857143,279.43571428571425,13.299107142857142,-10.0,0.0,0.0,-44.4,0.1803571428571428,0.6468468468468468,1.8785714285714288,2.6370370370370373,5.315384615384615,2013-10-28,Automne
3422,201344,91,LANGUEDOC-ROUSSILLON,-7.027027027027027,214.14414414414415,3.188288288288288,286.9301801801802,281.5274774774775,72.22522522522523,35049.54954954955,70.06382978723404,2.76,3074.1758241758243,100962.16216216216,283.2642857142857,290.5285714285714,280.7928571428571,5.454054054054054,-10.0,0.0,0.0,-46.92307692307692,0.0441441441441441,0.1909909909909909,0.5857142857142856,0.7857142857142857,1.5214285714285716,2013-10-28,Automne
3423,201344,74,LIMOUSIN,-10.089285714285714,193.92857142857144,3.8482142857142856,283.06875,280.2955357142857,84.0,26701.785714285714,77.82222222222222,4.02,1145.8666666666666,98678.21428571428,280.1035714285714,285.87857142857143,277.93571428571425,6.970535714285715,-10.0,0.0,0.0,-45.0,0.1428571428571428,0.3803571428571429,0.7214285714285714,1.5142857142857142,3.042857142857143,2013-10-28,Automne
3424,201344,41,LORRAINE,0.8518339768339769,193.21428571428572,3.340515796260477,284.8620535714286,280.4638392857143,76.875,22941.964285714286,77.08380069025021,4.472972972972973,1404.9461206896551,100070.444015444,281.3357142857143,288.05357142857144,279.2928571428571,6.159821428571428,-10.0,0.0,0.0,-45.0,0.05740025740025735,0.18908730158730155,0.3345238095238095,0.7571428571428571,1.5214285714285716,2013-10-28,Automne
3425,201344,73,MIDI-PYRENEES,-3.75,209.82142857142856,2.3919642857142853,284.628431372549,280.3313725490196,77.2156862745098,32266.265060240963,64.5,2.8947368421052633,2827.536231884058,98697.5,280.25384615384615,288.7346153846154,277.99615384615385,4.75,-10.0,0.0,0.0,-45.78947368421053,0.0656862745098039,0.3009803921568627,0.8846153846153846,1.2480000000000002,2.369230769230769,2013-10-28,Automne
3426,201344,31,NORD-PAS-DE-CALAIS,-6.875,198.66071428571428,5.873214285714285,283.69107142857143,281.0625,84.41964285714286,25892.85714285714,75.18072289156626,5.269230769230769,960.6410256410256,100329.28571428572,281.68928571428575,285.81428571428575,280.93571428571425,10.396428571428572,-10.0,0.0,0.0,-44.0,0.2410714285714285,0.9482142857142858,1.8642857142857143,3.807142857142857,6.285714285714286,2013-10-28,Automne
3427,201344,52,PAYS-DE-LA-LOIRE,0.8518339768339769,193.21428571428572,3.340515796260477,284.8620535714286,280.4638392857143,76.875,22941.964285714286,77.08380069025021,4.472972972972973,1404.9461206896551,100070.444015444,281.3357142857143,288.05357142857144,279.2928571428571,6.159821428571428,-10.0,0.0,0.0,-45.0,0.05740025740025735,0.18908730158730155,0.3345238095238095,0.7571428571428571,1.5214285714285716,2013-10-28,Automne
3428,201344,22,PICARDIE,-6.875,198.66071428571428,5.873214285714285,283.69107142857143,281.0625,84.41964285714286,25892.85714285714,75.18072289156626,5.269230769230769,960.6410256410256,100329.28571428572,281.68928571428575,285.81428571428575,280.93571428571425,10.396428571428572,-10.0,0.0,0.0,-44.0,0.2410714285714285,0.9482142857142858,1.8642857142857143,3.807142857142857,6.285714285714286,2013-10-28,Automne
3429,201344,54,POITOU-CHARENTES,-10.803571428571429,194.7321428571429,4.009821428571429,283.5455357142857,280.70982142857144,83.67857142857143,21076.190476190477,73.33720930232558,3.857142857142857,1155.428571428571,100004.28571428572,280.2607142857143,286.75714285714287,278.57857142857137,7.108928571428572,-10.0,0.0,0.0,-43.75,0.0678571428571428,0.2660714285714285,0.7714285714285715,1.092857142857143,2.6142857142857143,2013-10-28,Automne
3430,201344,93,PROVENCE-ALPES-COTE-D-AZUR,0.8518339768339769,193.21428571428572,3.340515796260477,284.8620535714286,280.4638392857143,76.875,22941.964285714286,77.08380069025021,4.472972972972973,1404.9461206896551,100070.444015444,281.3357142857143,288.05357142857144,279.2928571428571,6.159821428571428,-10.0,0.0,0.0,-45.0,0.05740025740025735,0.18908730158730155,0.3345238095238095,0.7571428571428571,1.5214285714285716,2013-10-28,Automne
3431,201344,11,ILE-DE-FRANCE,-10.178571428571429,213.03571428571428,4.614285714285714,283.8,280.4375,80.69642857142857,23982.14285714286,59.285714285714285,4.191489361702128,1481.25,100336.96428571428,281.18571428571425,286.4214285714286,279.43571428571425,8.710714285714285,-10.0,0.0,0.0,-44.72727272727273,0.1428571428571428,0.425,1.6857142857142855,1.9571428571428573,4.242857142857143,2013-10-28,Automne
3432,201344,82,RHONE-ALPES,-8.392857142857142,188.3928571428571,4.1625,285.5410714285714,281.375,77.25,30008.928571428572,67.36363636363636,3.363636363636364,2182.909090909091,98998.21428571428,282.7857142857143,288.4214285714286,281.0071428571428,7.551785714285714,-10.0,0.0,0.0,-44.72727272727273,0.2285714285714286,0.4928571428571429,1.0285714285714285,2.0285714285714285,4.042857142857143,2013-10-28,Automne
3433,201343,42,ALSACE,-6.25,176.25,2.974107142857143,288.4089285714286,285.45535714285717,83.70535714285714,28653.571428571428,96.46376811594205,4.472972972972973,976.7647058823528,99235.80357142857,284.78214285714284,291.25714285714287,282.65,6.198214285714286,-10.0,0.0,0.0,-45.0,0.1875,0.3418181818181818,0.3142857142857143,1.4615384615384617,4.241666666666666,2013-10-21,Automne
3434,201343,72,AQUITAINE,-3.3035714285714284,150.35714285714286,4.1258928571428575,291.5267857142857,287.2375,77.42857142857143,25935.384615384617,75.73033707865169,2.5945945945945947,2210.3658536585367,100121.16071428572,288.9142857142857,293.84285714285716,286.7928571428571,7.546428571428572,-10.0,0.0,0.0,-45.90909090909091,0.0482142857142857,0.0982142857142857,0.3357142857142857,0.4285714285714285,0.8571428571428571,2013-10-21,Automne
3435,201343,83,AUVERGNE,-4.107142857142857,180.17857142857144,5.735714285714286,291.39464285714286,284.3607142857143,64.58928571428571,37142.857142857145,73.66071428571429,2.0943396226415096,2750.943396226415,97572.32142857143,287.9214285714286,294.36428571428576,285.65,10.574545454545454,-10.0,0.0,0.0,-45.27272727272727,0.0345454545454545,0.15,0.4545454545454545,0.6153846153846154,1.35,2013-10-21,Automne
3436,201343,25,BASSE-NORMANDIE,-14.285714285714286,192.41071428571428,5.527678571428572,288.58035714285717,285.81428571428575,84.13392857142857,26258.035714285714,88.20930232558139,4.130434782608695,968.2608695652174,99533.30357142857,286.6107142857143,290.3071428571429,285.07857142857137,9.600892857142856,-10.0,0.0,0.0,-44.680851063829785,0.0558558558558558,0.2684684684684685,0.3,0.7703703703703704,1.3846153846153846,2013-10-21,Automne
3437,201343,26,BOURGOGNE,-5.267857142857143,174.375,3.4232142857142853,289.04017857142856,286.16875,83.94642857142857,21352.678571428572,90.29411764705884,3.821428571428571,1959.655172413793,99035.26785714286,285.5107142857143,292.0857142857143,284.07857142857137,6.638392857142857,-10.0,0.0,0.0,-44.4,0.2910714285714286,0.536936936936937,0.4428571428571429,2.3037037037037034,4.8076923076923075,2013-10-21,Automne
3438,201343,53,BRETAGNE,-19.22619047619047,182.8571428571429,6.784523809523809,288.93690476190477,286.13988095238096,84.03571428571429,19865.068493150684,87.83211678832117,5.758620689655173,832.5373134328358,99724.94047619047,286.95238095238096,290.73571428571427,285.43571428571425,12.30297619047619,-10.0,0.0,0.0,-45.84905660377358,0.1869047619047619,0.6916666666666667,1.3904761904761904,2.4476190476190474,4.671428571428572,2013-10-21,Automne
3439,201343,24,CENTRE,-7.410714285714286,182.32142857142856,3.763392857142857,289.28839285714287,286.46875,84.00892857142857,21255.35714285714,82.87128712871286,4.125,2064.375,99629.10714285714,286.7,291.8535714285714,285.65,7.21875,-10.0,0.0,0.0,-45.0,0.1767857142857143,0.3839285714285714,0.3,1.5071428571428571,2.764285714285714,2013-10-21,Automne
3440,201343,21,CHAMPAGNE-ARDENNE,-9.821428571428571,167.58928571428572,4.148214285714286,289.2607142857143,286.8848214285714,86.46428571428571,19445.535714285714,88.50574712643679,3.0,1413.6363636363635,99913.21428571428,286.4535714285714,291.625,284.5071428571428,7.393693693693694,-10.0,0.0,0.0,-44.44444444444444,0.2306306306306306,0.5477477477477477,1.237037037037037,2.1714285714285713,4.771428571428571,2013-10-21,Automne
3441,201343,94,CORSE,0.0892857142857142,138.21428571428572,2.6401785714285713,293.1330357142857,289.6089285714286,81.29464285714286,24666.964285714286,58.0,3.0609756097560976,1461.9767441860463,101835.625,289.2892857142857,295.9785714285714,287.57857142857137,4.720535714285715,-10.0,0.0,0.0,-43.22033898305085,0.1072727272727272,0.3773584905660377,0.216,1.55,3.409090909090909,2013-10-21,Automne
3442,201343,43,FRANCHE-COMTE,-5.625,168.03571428571428,2.835714285714286,288.00089285714284,285.0678571428571,83.85714285714286,23365.178571428572,84.9010989010989,2.6808510638297873,2037.5409836065571,98575.0,284.4142857142857,290.87857142857143,282.22142857142853,5.916071428571429,-10.0,0.0,0.0,-43.40425531914894,0.2035714285714285,0.4558558558558558,0.4857142857142857,1.8666666666666667,4.530769230769231,2013-10-21,Automne
3443,201343,23,HAUTE-NORMANDIE,-17.410714285714285,185.80357142857144,7.894642857142857,288.59732142857143,286.0169642857143,84.95535714285714,17963.46153846154,80.7578947368421,4.8428571428571425,1035.0549450549452,99641.33928571428,286.9648148148148,290.05,283.72142857142853,12.316964285714286,-10.0,0.0,0.0,-47.5,0.1214285714285714,0.4126126126126125,0.4148148148148148,1.3185185185185186,2.607692307692308,2013-10-21,Automne
3444,201343,91,LANGUEDOC-ROUSSILLON,-1.1607142857142858,133.92857142857142,5.452678571428572,292.46160714285713,289.1955357142857,82.36607142857143,18069.64285714286,84.38541666666667,4.76,1217.5,100602.94642857143,290.51785714285717,294.23928571428576,288.93571428571425,9.076785714285714,-10.0,0.0,0.0,-46.07142857142857,0.0017857142857142,0.0142857142857142,0.0285714285714285,0.0499999999999999,0.1142857142857142,2013-10-21,Automne
3445,201343,74,LIMOUSIN,-4.375,178.92857142857142,4.433928571428572,289.2869369369369,286.18603603603606,82.63063063063063,40532.20338983051,84.02298850574712,3.641509433962264,1797.7906976744189,98163.57142857143,286.7611111111111,291.38703703703703,284.7928571428571,7.85625,-10.0,0.0,0.0,-44.48275862068966,0.1682242990654205,0.5547169811320755,0.1923076923076923,2.207692307692308,4.407692307692307,2013-10-21,Automne
3446,201343,41,LORRAINE,0.8518339768339769,193.21428571428572,3.340515796260477,284.8620535714286,280.4638392857143,76.875,22941.964285714286,77.08380069025021,4.472972972972973,1404.9461206896551,100070.444015444,281.3357142857143,288.05357142857144,279.2928571428571,6.159821428571428,-10.0,0.0,0.0,-45.0,0.05740025740025735,0.18908730158730155,0.3345238095238095,0.7571428571428571,1.5214285714285716,2013-10-21,Automne
3447,201343,73,MIDI-PYRENEES,0.2702702702702703,132.97297297297297,3.2018018018018015,291.0887387387387,286.40225225225225,76.21621621621621,28328.048780487807,68.1969696969697,1.8235294117647056,2410.0,98103.7837837838,287.1464285714286,294.33214285714286,285.0071428571428,6.558558558558558,-10.0,0.0,0.0,-44.705882352941174,0.0,0.0018018018018018,0.0074074074074074,0.0071428571428571,0.0142857142857142,2013-10-21,Automne
3448,201343,31,NORD-PAS-DE-CALAIS,-14.821428571428571,175.35714285714286,5.319642857142857,288.3482142857143,285.56339285714284,84.23214285714286,25299.10714285714,68.1566265060241,3.3947368421052633,1899.342105263158,100081.25,286.45714285714286,290.00357142857143,285.43571428571425,9.148214285714284,-10.0,0.0,0.0,-43.81578947368421,0.0303571428571428,0.0892857142857142,0.0214285714285714,0.3214285714285714,0.7142857142857143,2013-10-21,Automne
3449,201343,52,PAYS-DE-LA-LOIRE,0.8518339768339769,193.21428571428572,3.340515796260477,284.8620535714286,280.4638392857143,76.875,22941.964285714286,77.08380069025021,4.472972972972973,1404.9461206896551,100070.444015444,281.3357142857143,288.05357142857144,279.2928571428571,6.159821428571428,-10.0,0.0,0.0,-45.0,0.05740025740025735,0.18908730158730155,0.3345238095238095,0.7571428571428571,1.5214285714285716,2013-10-21,Automne
3450,201343,22,PICARDIE,-14.821428571428571,175.35714285714286,5.319642857142857,288.3482142857143,285.56339285714284,84.23214285714286,25299.10714285714,68.1566265060241,3.3947368421052633,1899.342105263158,100081.25,286.45714285714286,290.00357142857143,285.43571428571425,9.148214285714284,-10.0,0.0,0.0,-43.81578947368421,0.0303571428571428,0.0892857142857142,0.0214285714285714,0.3214285714285714,0.7142857142857143,2013-10-21,Automne
3451,201343,54,POITOU-CHARENTES,-4.821428571428571,177.14285714285714,4.1848214285714285,289.51126126126127,286.61396396396395,83.71171171171171,27029.41176470588,84.72222222222223,3.909090909090909,2026.7857142857144,99497.05357142857,286.57962962962966,292.0833333333333,285.2928571428571,7.449107142857143,-10.0,0.0,0.0,-44.54545454545455,0.1570093457943925,0.4603773584905661,0.3846153846153846,1.9153846153846157,3.423076923076923,2013-10-21,Automne
3452,201343,93,PROVENCE-ALPES-COTE-D-AZUR,0.8518339768339769,193.21428571428572,3.340515796260477,284.8620535714286,280.4638392857143,76.875,22941.964285714286,77.08380069025021,4.472972972972973,1404.9461206896551,100070.444015444,281.3357142857143,288.05357142857144,279.2928571428571,6.159821428571428,-10.0,0.0,0.0,-45.0,0.05740025740025735,0.18908730158730155,0.3345238095238095,0.7571428571428571,1.5214285714285716,2013-10-21,Automne
3453,201343,11,ILE-DE-FRANCE,-10.178571428571429,190.3571428571429,3.8125,289.1607142857143,286.4160714285714,84.41071428571429,21758.928571428572,80.9090909090909,4.288461538461538,1746.909090909091,99970.89285714286,287.2214285714286,291.1142857142857,286.0071428571428,7.614285714285714,-10.0,0.0,0.0,-45.283018867924525,0.0999999999999999,0.2857142857142857,0.1142857142857143,0.9428571428571428,2.0571428571428574,2013-10-21,Automne
3454,201343,82,RHONE-ALPES,-3.2142857142857144,165.89285714285714,4.942857142857143,291.9160714285714,286.68928571428575,72.76785714285714,36471.42857142857,79.0925925925926,2.9019607843137254,2500.612244897959,98747.14285714286,288.99285714285713,293.9714285714286,287.57857142857137,8.980357142857143,-10.0,0.0,0.0,-44.42307692307692,0.0535714285714285,0.3535714285714286,0.0571428571428571,1.4142857142857144,3.542857142857143,2013-10-21,Automne
3455,201342,42,ALSACE,0.4464285714285714,179.01785714285714,2.4732142857142856,285.76339285714283,283.4526785714286,86.71428571428571,25554.01785714286,95.98684210526316,4.472972972972973,972.5,99385.35714285714,281.9214285714286,288.2821428571429,279.43571428571425,4.825,-10.0,0.0,0.0,-45.0,0.175,0.6517857142857143,1.3142857142857145,2.585714285714286,3.9642857142857144,2013-10-14,Automne
3456,201342,72,AQUITAINE,-1.9642857142857144,181.5178571428571,3.1982142857142857,290.3178571428571,286.5375,79.79464285714286,30583.582089552237,81.49514563106796,3.2857142857142856,1700.989010989011,100465.17857142857,287.02142857142854,293.23928571428576,285.2928571428571,5.7196428571428575,-10.0,0.0,0.0,-46.31578947368421,0.0732142857142857,0.1171171171171171,0.05,0.4642857142857143,0.9928571428571428,2013-10-14,Automne
3457,201342,83,AUVERGNE,1.25,166.60714285714286,3.0375,288.0482142857143,283.1875,73.96428571428571,32982.142857142855,70.45454545454545,2.963636363636364,2622.3636363636365,97792.85714285714,283.85714285714283,291.2214285714286,281.57857142857137,6.089285714285714,-10.0,0.0,0.0,-45.0,0.0156862745098039,0.052,0.0769230769230769,0.25,0.5333333333333333,2013-10-14,Automne
3458,201342,25,BASSE-NORMANDIE,-0.8928571428571429,183.92857142857144,3.470535714285714,285.74821428571425,283.9741071428571,89.57142857142857,18493.75,88.34567901234568,5.02,981.7948717948718,100014.19642857143,282.74642857142857,288.25357142857143,279.8642857142857,6.096428571428571,-10.0,0.0,0.0,-45.283018867924525,0.1729729729729729,0.5261261261261261,1.207142857142857,1.7851851851851852,3.369230769230769,2013-10-14,Automne
3459,201342,26,BOURGOGNE,1.0714285714285714,188.125,2.917857142857143,286.43660714285716,284.31339285714284,87.58928571428571,19549.10714285714,93.04938271604938,5.464285714285714,1237.7922077922078,99267.14285714286,283.05357142857144,288.9892857142857,281.5071428571428,5.361607142857143,-10.0,0.0,0.0,-45.0,0.0803571428571428,0.5892857142857143,1.0357142857142858,2.25,3.992857142857143,2013-10-14,Automne
3460,201342,53,BRETAGNE,-7.380952380952381,185.83333333333337,4.5077380952380945,287.94107142857143,285.74107142857144,87.3452380952381,16624.827586206895,87.1590909090909,5.776470588235294,708.7121212121212,100342.02380952382,285.83809523809526,289.5904761904762,282.8642857142857,8.06607142857143,-10.0,0.0,0.0,-45.294117647058826,0.1309523809523809,0.5261904761904762,1.3047619047619048,2.0857142857142854,4.385714285714285,2013-10-14,Automne
3461,201342,24,CENTRE,0.4464285714285714,191.6071428571429,3.039285714285714,286.3375,284.53125,89.25892857142857,16776.785714285714,80.38,4.381578947368421,1462.021276595745,99949.91071428572,283.44642857142856,288.87857142857143,281.65,5.674107142857143,-10.0,0.0,0.0,-45.18518518518518,0.1321428571428571,0.5901785714285713,0.5642857142857143,2.2642857142857147,4.221428571428571,2013-10-14,Automne
3462,201342,21,CHAMPAGNE-ARDENNE,0.4464285714285714,185.0,3.0776785714285713,285.15982142857143,283.15,90.68468468468468,14803.125,93.18987341772151,5.111111111111111,1001.0958904109588,100193.30357142857,281.4142857142857,287.8464285714286,278.15,5.588392857142857,-10.0,0.0,0.0,-45.0,0.1803571428571428,0.4660714285714286,1.0142857142857142,1.7571428571428571,2.8000000000000003,2013-10-14,Automne
3463,201342,94,CORSE,1.0909090909090908,141.96428571428572,2.46875,291.4642857142857,287.6330357142857,79.3125,28250.0,63.9010989010989,2.6506024096385543,982.7380952380952,101595.85585585586,287.38214285714287,294.0785714285715,285.2928571428571,4.415178571428571,-10.0,0.0,0.0,-43.88059701492537,0.0124999999999999,0.0232142857142857,0.0499999999999999,0.0928571428571428,0.1999999999999999,2013-10-14,Automne
3464,201342,43,FRANCHE-COMTE,1.4285714285714286,193.24324324324328,2.3990990990990992,285.7348214285714,283.0910714285714,84.8125,21844.64285714286,84.58426966292134,4.069767441860465,1269.0243902439024,98709.01785714286,281.92857142857144,288.45714285714286,279.07857142857137,4.821100917431193,-10.0,0.0,0.0,-42.391304347826086,0.0928571428571428,0.3339285714285714,1.0785714285714283,1.3857142857142857,1.8928571428571428,2013-10-14,Automne
3465,201342,23,HAUTE-NORMANDIE,-1.3392857142857142,203.66071428571428,5.7875000000000005,286.3964285714286,284.2580357142857,87.375,13035.164835164836,85.25,5.5,1028.8157894736842,100160.35714285714,284.3178571428571,288.0785714285714,279.72142857142853,9.117857142857144,-10.0,0.0,0.0,-44.4,0.16875,0.5732142857142858,1.292857142857143,2.5214285714285714,5.335714285714286,2013-10-14,Automne
3466,201342,91,LANGUEDOC-ROUSSILLON,-1.25,176.96428571428572,3.95625,291.2339285714286,286.59285714285716,76.19642857142857,28506.25,80.97142857142858,3.946666666666667,1832.2680412371135,100787.76785714286,288.06071428571425,293.66785714285714,286.5071428571428,6.804464285714286,-10.0,0.0,0.0,-48.0,0.0392857142857142,0.0612612612612612,0.0428571428571428,0.2357142857142857,0.4928571428571429,2013-10-14,Automne
3467,201342,74,LIMOUSIN,0.3571428571428571,188.03571428571428,3.4267857142857143,287.6616071428571,285.50714285714287,87.89285714285714,29691.22807017544,87.96341463414635,5.388888888888889,1365.9036144578313,98471.51785714286,285.05357142857144,289.94642857142856,282.8642857142857,6.042857142857143,-10.0,0.0,0.0,-45.0,0.1946428571428571,0.4821428571428571,0.9000000000000001,1.8928571428571428,4.021428571428571,2013-10-14,Automne
3468,201342,41,LORRAINE,0.8518339768339769,193.21428571428572,3.340515796260477,284.8620535714286,280.4638392857143,76.875,22941.964285714286,77.08380069025021,4.472972972972973,1404.9461206896551,100070.444015444,281.3357142857143,288.05357142857144,279.2928571428571,6.159821428571428,-10.0,0.0,0.0,-45.0,0.05740025740025735,0.18908730158730155,0.3345238095238095,0.7571428571428571,1.5214285714285716,2013-10-14,Automne
3469,201342,73,MIDI-PYRENEES,-2.6785714285714284,174.28571428571428,2.383035714285714,289.87321428571425,285.87321428571425,78.41964285714286,30875.0,80.97435897435898,3.363636363636364,1677.7777777777778,98409.10714285714,286.325,292.5357142857143,284.43571428571425,5.213392857142857,-10.0,0.0,0.0,-45.0,0.0758928571428571,0.1963963963963964,0.0571428571428571,0.7642857142857142,1.6142857142857143,2013-10-14,Automne
3470,201342,31,NORD-PAS-DE-CALAIS,1.7857142857142858,187.58928571428572,4.20625,285.10625,283.85267857142856,92.47321428571428,15095.535714285714,75.28571428571429,5.162162162162162,1167.7333333333331,100473.92857142857,282.94642857142856,286.775,281.72142857142853,6.953571428571428,-10.0,0.0,0.0,-43.81578947368421,0.1607142857142857,0.5035714285714286,1.3785714285714286,2.414285714285714,6.542857142857143,2013-10-14,Automne
3471,201342,52,PAYS-DE-LA-LOIRE,0.8518339768339769,193.21428571428572,3.340515796260477,284.8620535714286,280.4638392857143,76.875,22941.964285714286,77.08380069025021,4.472972972972973,1404.9461206896551,100070.444015444,281.3357142857143,288.05357142857144,279.2928571428571,6.159821428571428,-10.0,0.0,0.0,-45.0,0.05740025740025735,0.18908730158730155,0.3345238095238095,0.7571428571428571,1.5214285714285716,2013-10-14,Automne
3472,201342,22,PICARDIE,1.7857142857142858,187.58928571428572,4.20625,285.10625,283.85267857142856,92.47321428571428,15095.535714285714,75.28571428571429,5.162162162162162,1167.7333333333331,100473.92857142857,282.94642857142856,286.775,281.72142857142853,6.953571428571428,-10.0,0.0,0.0,-43.81578947368421,0.1607142857142857,0.5035714285714286,1.3785714285714286,2.414285714285714,6.542857142857143,2013-10-14,Automne
3473,201342,54,POITOU-CHARENTES,-0.2678571428571428,184.82142857142856,3.21875,287.5339285714286,285.74821428571425,89.61607142857143,22347.058823529413,89.78823529411764,5.388888888888889,1422.7710843373493,99817.32142857143,284.7,289.95714285714286,283.15,5.691071428571428,-10.0,0.0,0.0,-45.0,0.1142857142857143,0.6571428571428571,0.7928571428571428,2.492857142857143,5.042857142857143,2013-10-14,Automne
3474,201342,93,PROVENCE-ALPES-COTE-D-AZUR,0.8518339768339769,193.21428571428572,3.340515796260477,284.8620535714286,280.4638392857143,76.875,22941.964285714286,77.08380069025021,4.472972972972973,1404.9461206896551,100070.444015444,281.3357142857143,288.05357142857144,279.2928571428571,6.159821428571428,-10.0,0.0,0.0,-45.0,0.05740025740025735,0.18908730158730155,0.3345238095238095,0.7571428571428571,1.5214285714285716,2013-10-14,Automne
3475,201342,11,ILE-DE-FRANCE,0.7142857142857143,198.3928571428571,2.955357142857143,285.58035714285717,283.8857142857143,89.78571428571429,17089.285714285714,71.32727272727273,3.75,1475.6,100324.10714285714,282.62142857142857,288.2785714285714,279.8642857142857,5.7124999999999995,-10.0,0.0,0.0,-45.283018867924525,0.1607142857142857,0.3267857142857143,0.1,1.2857142857142858,1.9428571428571428,2013-10-14,Automne
3476,201342,82,RHONE-ALPES,2.6785714285714284,188.92857142857144,3.682142857142857,288.4035714285714,284.9767857142857,80.80357142857143,28673.214285714286,81.45454545454545,3.830188679245283,2082.8846153846152,98905.17857142857,285.87142857142857,290.4642857142857,284.43571428571425,6.839285714285714,-10.0,0.0,0.0,-44.716981132075475,0.0821428571428571,0.2392857142857143,0.6857142857142857,1.1,1.3142857142857145,2013-10-14,Automne
3477,201341,42,ALSACE,-13.482142857142858,191.07142857142856,2.3285714285714287,283.7107142857143,280.85625,83.35714285714286,21841.964285714286,97.14893617021276,4.472972972972973,927.0192307692308,99651.51785714286,281.3964285714286,285.76785714285717,280.5071428571428,4.632142857142857,-10.0,0.0,0.0,-45.0,0.1214285714285714,0.3339285714285714,0.3714285714285714,1.3142857142857145,2.7785714285714285,2013-10-07,Automne
3478,201341,72,AQUITAINE,-10.803571428571429,235.2678571428571,2.7955357142857147,286.79910714285717,281.75357142857143,73.41964285714286,37756.25,71.70212765957447,4.582089552238806,1388.9130434782608,100869.10714285714,282.97857142857146,289.93571428571425,280.7928571428571,4.91875,-10.0,0.0,0.0,-45.96774193548387,0.0125,0.1232142857142857,0.1714285714285714,0.45,0.8857142857142858,2013-10-07,Automne
3479,201341,83,AUVERGNE,-11.964285714285714,192.32142857142856,2.0982142857142856,283.5910714285714,279.81964285714287,78.17857142857143,21985.714285714286,87.23214285714286,6.39622641509434,808.3636363636364,98107.14285714286,280.9714285714286,285.4428571428571,280.15,4.419642857142857,-10.0,0.0,0.0,-45.0,0.0109090909090909,0.0666666666666666,0.1833333333333333,0.5538461538461539,1.0,2013-10-07,Automne
3480,201341,25,BASSE-NORMANDIE,-24.017857142857142,205.44642857142856,2.961607142857143,283.93125,281.0910714285714,83.83035714285714,20908.928571428572,87.15555555555555,6.0576923076923075,921.6304347826087,100761.875,280.4714285714286,286.9785714285714,277.7928571428571,5.727678571428571,-10.0,0.0,0.0,-44.44444444444444,0.0946428571428571,0.2648648648648649,0.3925925925925926,0.9230769230769232,1.8333333333333333,2013-10-07,Automne
3481,201341,26,BOURGOGNE,-14.464285714285714,208.3928571428571,2.6348214285714286,284.12857142857143,280.8803571428571,81.26785714285714,21841.964285714286,94.26262626262626,6.833333333333333,1110.5102040816328,99613.48214285714,281.5892857142857,286.29285714285714,280.93571428571425,4.828571428571428,-10.0,0.0,0.0,-45.0,0.1125,0.3660714285714285,0.4214285714285714,1.3785714285714286,2.8642857142857143,2013-10-07,Automne
3482,201341,53,BRETAGNE,-21.80722891566265,195.48192771084337,3.6801204819277102,285.578313253012,282.05180722891566,80.3855421686747,22227.397260273978,72.734375,4.181818181818182,1430.2985074626863,101381.26506024096,282.46463414634144,288.28170731707314,277.8642857142857,6.460240963855422,-10.0,0.0,0.0,-44.375,0.0542168674698795,0.1686746987951807,0.419047619047619,0.6878048780487804,1.4642857142857142,2013-10-07,Automne
3483,201341,24,CENTRE,-17.767857142857142,206.25,2.7821428571428575,284.50714285714287,281.1705357142857,80.875,19766.071428571428,83.22429906542057,5.958333333333333,1140.0,100434.01785714286,281.82142857142856,286.8857142857143,280.0071428571428,5.291071428571429,-10.0,0.0,0.0,-45.0,0.0482142857142857,0.2089285714285714,0.1357142857142857,0.7857142857142857,1.6142857142857143,2013-10-07,Automne
3484,201341,21,CHAMPAGNE-ARDENNE,-18.214285714285715,201.78571428571428,3.001785714285714,284.0125,281.50714285714287,85.38392857142857,15325.0,90.02247191011236,4.846153846153846,902.8282828282828,100620.08928571428,280.88214285714287,286.5357142857143,278.93571428571425,5.440178571428571,-10.0,0.0,0.0,-45.0,0.0678571428571428,0.2535714285714286,0.4071428571428571,1.0357142857142858,2.107142857142857,2013-10-07,Automne
3485,201341,94,CORSE,7.117117117117117,155.40540540540542,2.563963963963964,290.38243243243244,285.60135135135135,75.16216216216216,32927.92792792793,68.49514563106796,3.5172413793103448,1095.5445544554457,101593.6036036036,287.3642857142857,293.0642857142857,285.3642857142857,4.867567567567567,-10.0,0.0,0.0,-42.857142857142854,0.0697247706422018,0.2792452830188679,0.496,2.1919999999999997,4.575,2013-10-07,Automne
3486,201341,43,FRANCHE-COMTE,-12.5,240.8928571428571,2.35,283.8339285714286,280.9544642857143,83.02678571428571,20871.428571428572,95.2596153846154,6.382978723404255,887.8301886792453,98929.82142857143,281.6607142857143,285.7357142857143,281.07857142857137,4.5238532110091745,-10.0,0.0,0.0,-43.69565217391305,0.1267857142857142,0.3875,0.85,1.5357142857142858,3.207142857142857,2013-10-07,Automne
3487,201341,23,HAUTE-NORMANDIE,-25.714285714285715,208.92857142857144,5.360714285714286,285.2133928571429,282.13392857142856,82.24107142857143,16317.553191489362,80.4578313253012,5.645161290322581,949.5121951219512,100996.07142857143,282.68928571428575,287.2785714285714,276.57857142857137,8.694642857142858,-10.0,0.0,0.0,-44.4,0.1232142857142857,0.2857142857142857,0.3357142857142857,0.8857142857142858,1.157142857142857,2013-10-07,Automne
3488,201341,91,LANGUEDOC-ROUSSILLON,-3.963963963963964,241.0810810810811,3.163963963963964,287.8103603603604,281.11486486486484,66.21621621621621,46216.21621621621,61.075268817204304,3.3076923076923075,2265.340909090909,100988.28828828828,282.80357142857144,291.54285714285714,281.0071428571428,5.342342342342342,-10.0,0.0,0.0,-47.142857142857146,0.0,0.0054054054054054,0.0222222222222222,0.0214285714285714,0.0428571428571428,2013-10-07,Automne
3489,201341,74,LIMOUSIN,-14.553571428571429,199.7321428571429,2.465178571428571,283.88392857142856,280.7330357142857,82.0,31446.55172413793,84.89690721649484,6.0,992.6595744680852,98926.51785714286,281.18928571428575,286.3285714285714,279.57857142857137,4.546428571428572,-10.0,0.0,0.0,-45.0,0.0803571428571428,0.2267857142857142,0.3142857142857142,0.9,1.5642857142857145,2013-10-07,Automne
3490,201341,41,LORRAINE,0.8518339768339769,193.21428571428572,3.340515796260477,284.8620535714286,280.4638392857143,76.875,22941.964285714286,77.08380069025021,4.472972972972973,1404.9461206896551,100070.444015444,281.3357142857143,288.05357142857144,279.2928571428571,6.159821428571428,-10.0,0.0,0.0,-45.0,0.05740025740025735,0.18908730158730155,0.3345238095238095,0.7571428571428571,1.5214285714285716,2013-10-07,Automne
3491,201341,73,MIDI-PYRENEES,-8.839285714285714,204.19642857142856,2.148214285714286,285.8776785714286,281.1982142857143,75.33035714285714,37707.31707317073,66.01449275362319,3.9607843137254903,2046.5277777777776,98729.73214285714,281.29285714285714,289.30357142857144,279.3642857142857,4.192857142857142,-10.0,0.0,0.0,-45.30612244897959,0.0625,0.1964285714285714,0.4571428571428571,0.7428571428571429,1.5285714285714285,2013-10-07,Automne
3492,201341,31,NORD-PAS-DE-CALAIS,-28.214285714285715,205.08928571428572,3.7821428571428575,283.875,281.49375,86.24107142857143,14948.214285714286,71.46987951807229,5.388888888888889,1044.054054054054,101113.30357142857,281.12142857142857,286.3392857142857,279.5071428571428,6.496428571428572,-10.0,0.0,0.0,-43.6,0.3017857142857142,0.9678571428571427,1.7857142857142858,3.492857142857143,5.164285714285714,2013-10-07,Automne
3493,201341,52,PAYS-DE-LA-LOIRE,0.8518339768339769,193.21428571428572,3.340515796260477,284.8620535714286,280.4638392857143,76.875,22941.964285714286,77.08380069025021,4.472972972972973,1404.9461206896551,100070.444015444,281.3357142857143,288.05357142857144,279.2928571428571,6.159821428571428,-10.0,0.0,0.0,-45.0,0.05740025740025735,0.18908730158730155,0.3345238095238095,0.7571428571428571,1.5214285714285716,2013-10-07,Automne
3494,201341,22,PICARDIE,-28.214285714285715,205.08928571428572,3.7821428571428575,283.875,281.49375,86.24107142857143,14948.214285714286,71.46987951807229,5.388888888888889,1044.054054054054,101113.30357142857,281.12142857142857,286.3392857142857,279.5071428571428,6.496428571428572,-10.0,0.0,0.0,-43.6,0.3017857142857142,0.9678571428571427,1.7857142857142858,3.492857142857143,5.164285714285714,2013-10-07,Automne
3495,201341,54,POITOU-CHARENTES,-15.535714285714286,212.7678571428571,2.4464285714285716,284.41875,281.0964285714286,81.1875,25210.58823529412,87.5049504950495,6.36734693877551,1166.8085106382978,100312.67857142857,281.4857142857143,287.1035714285714,279.93571428571425,4.511607142857143,-10.0,0.0,0.0,-45.0,0.0499999999999999,0.1678571428571428,0.1857142857142857,0.65,1.2785714285714285,2013-10-07,Automne
3496,201341,93,PROVENCE-ALPES-COTE-D-AZUR,0.8518339768339769,193.21428571428572,3.340515796260477,284.8620535714286,280.4638392857143,76.875,22941.964285714286,77.08380069025021,4.472972972972973,1404.9461206896551,100070.444015444,281.3357142857143,288.05357142857144,279.2928571428571,6.159821428571428,-10.0,0.0,0.0,-45.0,0.05740025740025735,0.18908730158730155,0.3345238095238095,0.7571428571428571,1.5214285714285716,2013-10-07,Automne
3497,201341,11,ILE-DE-FRANCE,-20.178571428571427,214.1071428571429,3.0839285714285714,284.8017857142857,281.4517857142857,80.69642857142857,21330.35714285714,76.96428571428571,5.520833333333333,1114.8148148148148,100853.57142857143,282.05,287.1928571428571,279.43571428571425,5.830357142857143,-10.0,0.0,0.0,-45.0,0.0142857142857142,0.1321428571428571,0.0142857142857142,0.5,1.0714285714285714,2013-10-07,Automne
3498,201341,82,RHONE-ALPES,-7.5,260.0,3.105357142857143,284.5875,281.6375,82.60714285714286,23591.071428571428,90.01785714285714,6.4,1034.9056603773586,99082.32142857143,282.4857142857143,286.3857142857143,281.57857142857137,5.7375,-10.0,0.0,0.0,-45.0,0.075,0.2607142857142857,0.5285714285714286,1.0285714285714287,2.0285714285714285,2013-10-07,Automne
3499,201340,42,ALSACE,34.19642857142857,194.55357142857144,2.0053571428571426,287.56607142857143,284.7267857142857,83.875,18330.35714285714,98.52272727272728,4.472972972972973,822.5,99330.89285714286,284.7607142857143,290.2714285714286,284.43571428571425,4.01875,-10.0,0.0,0.0,-45.0,0.1660714285714286,0.4990990990990991,1.0888888888888888,2.1333333333333333,4.384615384615385,2013-09-30,Automne
3500,201340,72,AQUITAINE,32.589285714285715,185.44642857142856,3.4017857142857144,292.11607142857144,288.46517857142857,80.96428571428571,32504.6875,79.66326530612245,4.117647058823529,1289.7826086956522,100258.30357142857,288.92857142857144,295.2357142857143,287.3642857142857,6.578571428571429,-10.0,0.0,0.0,-45.73770491803279,0.3267857142857143,0.8214285714285714,1.842857142857143,3.2214285714285715,6.5928571428571425,2013-09-30,Automne
3501,201340,83,AUVERGNE,29.03846153846154,145.28301886792454,2.383018867924528,289.91037735849056,286.1424528301887,79.79245283018868,26454.545454545456,79.16666666666667,4.388888888888889,1376.111111111111,97647.54716981133,286.80384615384617,292.45,284.72142857142853,5.218867924528302,-10.0,0.0,0.0,-44.44444444444444,0.2163265306122448,0.6468085106382979,0.4363636363636363,1.2833333333333334,5.628571428571428,2013-09-30,Automne
3502,201340,25,BASSE-NORMANDIE,39.107142857142854,174.01785714285714,2.685714285714286,289.2982142857143,287.1330357142857,87.82142857142857,20319.71153846154,87.51948051948052,5.333333333333333,720.2439024390244,100084.64285714286,286.4607142857143,292.1142857142857,284.0071428571428,4.941964285714286,-10.0,0.0,0.0,-45.294117647058826,0.036036036036036,0.22,0.5714285714285714,0.6814814814814815,1.6857142857142855,2013-09-30,Automne
3503,201340,26,BOURGOGNE,36.25,182.7678571428571,2.086607142857143,289.54285714285714,287.1616071428571,86.39285714285714,17593.75,96.85263157894737,5.84,868.1927710843373,99156.33928571428,287.17857142857144,291.9714285714286,286.8642857142857,3.975,-10.0,0.0,0.0,-45.0,0.175,0.5585585585585585,1.1407407407407408,2.325925925925926,5.446153846153847,2013-09-30,Automne
3504,201340,53,BRETAGNE,39.94047619047619,179.3452380952381,3.4166666666666665,290.1821428571428,287.8827380952381,87.14880952380952,21065.277777777777,83.83739837398375,5.704545454545454,807.8358208955224,100420.29761904762,287.8547619047619,292.67857142857144,284.72142857142853,6.2214285714285715,-10.0,0.0,0.0,-45.0,0.0535714285714285,0.2952380952380952,0.9047619047619048,1.1666666666666667,3.042857142857143,2013-09-30,Automne
3505,201340,24,CENTRE,37.767857142857146,176.25,2.1660714285714286,290.0776785714286,287.44464285714287,85.11607142857143,17313.39285714286,89.91089108910892,5.32,1049.157894736842,99920.08928571428,287.5785714285714,292.4428571428571,286.43571428571425,4.033035714285714,-10.0,0.0,0.0,-44.41558441558441,0.1125,0.3035714285714285,0.5642857142857143,1.2285714285714284,4.4071428571428575,2013-09-30,Automne
3506,201340,21,CHAMPAGNE-ARDENNE,35.80357142857143,174.64285714285714,2.613392857142857,288.76785714285717,285.9214285714286,84.07142857142857,15948.214285714286,94.41176470588236,4.892857142857143,1243.7662337662337,100215.98214285714,285.5678571428571,291.68571428571425,284.2928571428571,4.494642857142857,-10.0,0.0,0.0,-45.0,0.2125,0.5196428571428572,1.0071428571428571,2.0785714285714287,4.614285714285714,2013-09-30,Automne
3507,201340,94,CORSE,22.946428571428573,141.875,2.9517857142857147,293.7544642857143,289.6776785714286,78.22321428571429,27915.178571428572,66.64948453608247,4.011494252873563,1098.9795918367347,101296.25,290.2892857142857,296.3071428571429,288.3642857142857,5.289285714285714,-10.0,0.0,0.0,-44.4,0.0196428571428571,0.0571428571428571,0.8071428571428572,0.9,3.542857142857143,2013-09-30,Automne
3508,201340,43,FRANCHE-COMTE,33.839285714285715,199.0178571428571,2.2973214285714287,288.27767857142857,285.5705357142857,84.41964285714286,15953.57142857143,95.3846153846154,5.340425531914893,877.3958333333334,98601.60714285714,286.07142857142856,290.51785714285717,285.8642857142857,4.674107142857143,-10.0,0.0,0.0,-44.04255319148936,0.1883928571428571,0.4828828828828829,1.348148148148148,2.007407407407407,4.2384615384615385,2013-09-30,Automne
3509,201340,23,HAUTE-NORMANDIE,39.107142857142854,174.91071428571428,4.077678571428572,289.63125,287.6419642857143,88.36607142857143,13647.252747252747,81.75903614457832,5.306451612903226,932.5581395348836,100296.16071428572,287.8071428571429,291.4035714285714,284.72142857142853,6.7178571428571425,-10.0,0.0,0.0,-44.4,0.0803571428571428,0.1625,0.4642857142857143,0.7928571428571428,1.5857142857142856,2013-09-30,Automne
3510,201340,91,LANGUEDOC-ROUSSILLON,28.571428571428573,203.125,3.821428571428571,292.7598214285714,287.46875,73.66071428571429,38147.32142857143,73.125,4.1911764705882355,1989.3617021276596,100537.94642857143,289.31428571428575,295.5678571428571,288.0071428571428,6.934821428571429,-10.0,0.0,0.0,-44.4,0.3999999999999999,0.6410714285714285,1.1071428571428572,2.5500000000000003,5.285714285714286,2013-09-30,Automne
3511,201340,74,LIMOUSIN,36.36363636363637,161.1818181818182,2.608181818181818,290.15909090909093,287.68,85.98181818181818,37480.357142857145,89.26315789473684,4.962264150943396,977.2619047619048,98349.09090909093,287.81428571428575,292.38214285714287,286.22142857142853,4.985454545454545,-10.0,0.0,0.0,-45.0,0.2181818181818181,0.4345454545454545,0.5333333333333333,1.7285714285714284,3.435714285714286,2013-09-30,Automne
3512,201340,41,LORRAINE,0.8518339768339769,193.21428571428572,3.340515796260477,284.8620535714286,280.4638392857143,76.875,22941.964285714286,77.08380069025021,4.472972972972973,1404.9461206896551,100070.444015444,281.3357142857143,288.05357142857144,279.2928571428571,6.159821428571428,-10.0,0.0,0.0,-45.0,0.05740025740025735,0.18908730158730155,0.3345238095238095,0.7571428571428571,1.5214285714285716,2013-09-30,Automne
3513,201340,73,MIDI-PYRENEES,29.017857142857142,175.71428571428572,2.930357142857143,291.3955357142857,287.4526785714286,79.53571428571429,31166.666666666668,79.1304347826087,4.354166666666667,1433.2857142857142,98197.85714285714,288.0107142857143,294.8357142857143,286.57857142857137,6.001785714285715,-10.0,0.0,0.0,-43.75,0.1785714285714285,0.5946428571428571,1.8785714285714288,2.3642857142857143,4.9071428571428575,2013-09-30,Automne
3514,201340,31,NORD-PAS-DE-CALAIS,37.11711711711712,159.81981981981983,3.3162162162162163,288.4581081081081,284.65000000000003,79.17117117117117,19330.630630630632,69.51807228915662,3.432098765432099,2977.439024390244,100708.37837837836,285.4535714285714,291.45714285714286,284.43571428571425,5.618018018018018,-10.0,0.0,0.0,-43.63636363636363,0.0144144144144144,0.063063063063063,0.1071428571428571,0.2357142857142857,0.4928571428571429,2013-09-30,Automne
3515,201340,52,PAYS-DE-LA-LOIRE,0.8518339768339769,193.21428571428572,3.340515796260477,284.8620535714286,280.4638392857143,76.875,22941.964285714286,77.08380069025021,4.472972972972973,1404.9461206896551,100070.444015444,281.3357142857143,288.05357142857144,279.2928571428571,6.159821428571428,-10.0,0.0,0.0,-45.0,0.05740025740025735,0.18908730158730155,0.3345238095238095,0.7571428571428571,1.5214285714285716,2013-09-30,Automne
3516,201340,22,PICARDIE,37.11711711711712,159.81981981981983,3.3162162162162163,288.4581081081081,284.65000000000003,79.17117117117117,19330.630630630632,69.51807228915662,3.432098765432099,2977.439024390244,100708.37837837836,285.4535714285714,291.45714285714286,284.43571428571425,5.618018018018018,-10.0,0.0,0.0,-43.63636363636363,0.0144144144144144,0.063063063063063,0.1071428571428571,0.2357142857142857,0.4928571428571429,2013-09-30,Automne
3517,201340,54,POITOU-CHARENTES,38.18181818181818,174.9090909090909,2.44,290.35818181818183,287.92727272727274,86.37272727272727,25395.238095238095,90.41935483870968,5.215686274509804,1064.25,99735.45454545454,287.725,292.8178571428571,286.2928571428571,4.429090909090909,-10.0,0.0,0.0,-45.0,0.2036363636363636,0.4290909090909091,0.474074074074074,1.707142857142857,3.935714285714286,2013-09-30,Automne
3518,201340,93,PROVENCE-ALPES-COTE-D-AZUR,0.8518339768339769,193.21428571428572,3.340515796260477,284.8620535714286,280.4638392857143,76.875,22941.964285714286,77.08380069025021,4.472972972972973,1404.9461206896551,100070.444015444,281.3357142857143,288.05357142857144,279.2928571428571,6.159821428571428,-10.0,0.0,0.0,-45.0,0.05740025740025735,0.18908730158730155,0.3345238095238095,0.7571428571428571,1.5214285714285716,2013-09-30,Automne
3519,201340,11,ILE-DE-FRANCE,38.214285714285715,178.92857142857142,2.1535714285714285,290.06428571428575,287.17321428571427,83.64285714285714,17053.571428571428,85.72727272727273,5.06,1066.6037735849056,100356.25,287.64285714285717,292.3357142857143,286.43571428571425,4.0625,-10.0,0.0,0.0,-44.11764705882353,0.0714285714285714,0.0857142857142857,0.3142857142857143,0.3285714285714285,3.6,2013-09-30,Automne
3520,201340,82,RHONE-ALPES,30.0,168.75,3.1089285714285713,290.53214285714284,286.95535714285717,80.89285714285714,25326.785714285714,81.46428571428571,4.411764705882353,1557.9245283018868,98690.89285714286,287.95,292.74285714285713,286.57857142857137,5.7625,-10.0,0.0,0.0,-44.15094339622642,0.1178571428571428,0.4285714285714285,0.8285714285714285,1.8571428571428572,6.857142857142857,2013-09-30,Automne
3521,201339,42,ALSACE,-36.63636363636363,188.72727272727272,2.129090909090909,289.3781818181818,285.9654545454546,81.63636363636364,19391.81818181818,97.92156862745098,4.472972972972973,873.7777777777778,99181.27272727272,284.9129629629629,293.32037037037037,283.57857142857137,3.9036363636363633,-10.0,0.0,0.0,-45.0,0.0127272727272727,0.0509090909090909,0.1142857142857143,0.1851851851851851,0.2142857142857142,2013-09-23,Automne
3522,201339,72,AQUITAINE,-26.696428571428573,153.21428571428572,3.8,294.0651785714286,288.9116071428571,74.40178571428571,27227.272727272728,62.125,2.4210526315789473,1984.7619047619048,99948.48214285714,289.9428571428571,298.28214285714284,288.65,6.8428571428571425,-10.0,0.0,0.0,-46.36363636363637,0.1625,0.3946428571428572,0.7428571428571429,1.5785714285714283,2.9785714285714286,2013-09-23,Automne
3523,201339,83,AUVERGNE,-35.0,148.75,1.8696428571428572,292.0839285714286,285.5142857142857,68.51785714285714,30107.14285714286,50.55555555555556,2.111111111111111,3548.4444444444443,97437.85714285714,286.20714285714286,297.0785714285715,283.72142857142853,4.398214285714286,-10.0,0.0,0.0,-45.0,0.0196078431372549,0.0083333333333333,0.0,0.0363636363636363,0.0,2013-09-23,Automne
3524,201339,25,BASSE-NORMANDIE,-40.089285714285715,114.46428571428572,2.289285714285714,290.52767857142857,287.1303571428571,82.16071428571429,13907.657657657655,79.4875,3.576923076923077,2427.6119402985073,99986.42857142857,286.20714285714286,294.58214285714286,283.72142857142853,4.273214285714285,-10.0,0.0,0.0,-45.0,0.0410714285714285,0.1214285714285714,0.2071428571428571,0.4785714285714285,0.9857142857142857,2013-09-23,Automne
3525,201339,26,BOURGOGNE,-37.45454545454545,165.63636363636363,2.140909090909091,291.14181818181817,287.79181818181814,82.10909090909091,18171.81818181818,85.51612903225806,3.5454545454545454,1779.3478260869565,98978.72727272728,286.6240740740741,295.2537037037037,285.8642857142857,3.92,-10.0,0.0,0.0,-45.0,0.1127272727272727,0.2363636363636363,0.2857142857142857,0.9629629629629628,1.207142857142857,2013-09-23,Automne
3526,201339,53,BRETAGNE,-36.54761904761905,122.61904761904762,2.4125,291.5529761904762,288.5267857142857,84.04761904761905,15685.416666666666,74.50434782608696,4.256756756756757,1779.7916666666667,100300.71428571428,288.2166666666667,294.7809523809524,284.5071428571428,4.536904761904762,-10.0,0.0,0.0,-45.27272727272727,0.0333333333333333,0.2035714285714286,0.4571428571428571,0.8523809523809524,1.1714285714285713,2013-09-23,Automne
3527,201339,24,CENTRE,-39.107142857142854,120.98214285714286,2.308928571428571,291.4794642857143,287.5794642857143,79.48214285714286,16683.035714285714,69.84375,3.753623188405797,2670.0,99749.64285714286,287.4107142857143,295.48928571428576,285.65,4.330357142857143,-10.0,0.0,0.0,-45.0,0.2017857142857143,0.3928571428571428,0.2071428571428571,1.592857142857143,1.1785714285714286,2013-09-23,Automne
3528,201339,21,CHAMPAGNE-ARDENNE,-38.57142857142857,119.64285714285714,1.9196428571428572,289.2017857142857,285.9214285714286,82.42857142857143,12157.589285714286,77.54237288135593,2.5,2003.4375,100088.21428571428,283.3892857142857,293.7285714285714,280.93571428571425,3.7857142857142856,-10.0,0.0,0.0,-45.55555555555556,0.0142857142857142,0.0785714285714285,0.05,0.3,0.1714285714285714,2013-09-23,Automne
3529,201339,94,CORSE,-30.714285714285715,140.35714285714286,2.6464285714285714,292.83482142857144,287.7142857142857,73.9375,37732.142857142855,36.44444444444444,1.9523809523809523,2413.709677419354,101374.375,288.16785714285714,296.01785714285717,285.7928571428571,4.394642857142857,-10.0,0.0,0.0,-44.32835820895522,0.1553571428571428,0.4053571428571428,0.8714285714285713,0.9071428571428573,0.1285714285714285,2013-09-23,Automne
3530,201339,43,FRANCHE-COMTE,-36.72727272727273,222.1818181818182,1.87,289.5336363636364,286.67727272727274,84.3,16234.545454545454,82.18666666666667,4.1395348837209305,1102.878787878788,98450.18181818182,285.27222222222224,293.0833333333333,283.7928571428571,3.6772727272727272,-10.0,0.0,0.0,-42.666666666666664,0.0127272727272727,0.0527272727272727,0.1142857142857143,0.1703703703703704,0.1714285714285714,2013-09-23,Automne
3531,201339,23,HAUTE-NORMANDIE,-39.642857142857146,93.92857142857144,4.147321428571429,289.6401785714286,287.68035714285713,88.86607142857143,9386.559139784946,76.37333333333333,5.148148148148148,1913.4920634920632,100275.17857142857,287.025,291.63214285714287,281.57857142857137,6.588288288288288,-10.0,0.0,0.0,-45.65217391304348,0.0357142857142857,0.1357142857142857,0.1357142857142857,0.4142857142857142,0.8142857142857143,2013-09-23,Automne
3532,201339,91,LANGUEDOC-ROUSSILLON,-28.303571428571427,132.67857142857142,4.04375,293.4419642857143,289.19375,78.14285714285714,23975.0,68.90322580645162,4.852459016393443,1213.0379746835442,100346.78571428572,290.1928571428571,296.5642857142857,288.57857142857137,6.839285714285714,-10.0,0.0,0.0,-46.55172413793103,0.0035714285714285,0.0285714285714285,0.0357142857142857,0.0928571428571428,0.0714285714285714,2013-09-23,Automne
3533,201339,74,LIMOUSIN,-33.72727272727273,123.72727272727272,2.3145454545454545,291.9472727272727,287.98,79.5909090909091,31573.214285714286,67.44,3.2195121951219514,2334.8,98093.36363636365,287.5392857142857,296.0,286.07857142857137,4.26,-10.0,0.0,0.0,-44.516129032258064,0.0836363636363636,0.2872727272727272,1.0142857142857142,1.1214285714285714,2.25,2013-09-23,Automne
3534,201339,41,LORRAINE,0.8518339768339769,193.21428571428572,3.340515796260477,284.8620535714286,280.4638392857143,76.875,22941.964285714286,77.08380069025021,4.472972972972973,1404.9461206896551,100070.444015444,281.3357142857143,288.05357142857144,279.2928571428571,6.159821428571428,-10.0,0.0,0.0,-45.0,0.05740025740025735,0.18908730158730155,0.3345238095238095,0.7571428571428571,1.5214285714285716,2013-09-23,Automne
3535,201339,73,MIDI-PYRENEES,-24.285714285714285,164.01785714285714,3.069642857142857,293.46160714285713,287.9125,72.52678571428571,28797.46835443038,51.47540983606557,2.3684210526315788,2058.823529411765,97902.76785714286,288.20714285714286,297.6535714285714,285.93571428571425,6.227678571428571,-10.0,0.0,0.0,-45.6,0.0017857142857142,0.0267857142857142,0.0142857142857142,0.1071428571428571,0.0285714285714285,2013-09-23,Automne
3536,201339,31,NORD-PAS-DE-CALAIS,-39.369369369369366,95.13513513513512,2.9063063063063064,288.6193693693694,285.12207207207206,81.10810810810811,10825.454545454546,60.81481481481482,3.742424242424242,2734.3939393939395,100693.96396396396,284.73148148148147,292.20185185185187,283.7653846153846,4.6899999999999995,-10.0,0.0,0.0,-43.6,0.0126126126126126,0.0201834862385321,0.0518518518518518,0.0846153846153846,0.1666666666666666,2013-09-23,Automne
3537,201339,52,PAYS-DE-LA-LOIRE,0.8518339768339769,193.21428571428572,3.340515796260477,284.8620535714286,280.4638392857143,76.875,22941.964285714286,77.08380069025021,4.472972972972973,1404.9461206896551,100070.444015444,281.3357142857143,288.05357142857144,279.2928571428571,6.159821428571428,-10.0,0.0,0.0,-45.0,0.05740025740025735,0.18908730158730155,0.3345238095238095,0.7571428571428571,1.5214285714285716,2013-09-23,Automne
3538,201339,22,PICARDIE,-39.369369369369366,95.13513513513512,2.9063063063063064,288.6193693693694,285.12207207207206,81.10810810810811,10825.454545454546,60.81481481481482,3.742424242424242,2734.3939393939395,100693.96396396396,284.73148148148147,292.20185185185187,283.7653846153846,4.6899999999999995,-10.0,0.0,0.0,-43.6,0.0126126126126126,0.0201834862385321,0.0518518518518518,0.0846153846153846,0.1666666666666666,2013-09-23,Automne
3539,201339,54,POITOU-CHARENTES,-36.63636363636363,126.0909090909091,2.264545454545454,291.8727272727273,288.4818181818182,82.38181818181818,19874.698795180724,74.30666666666667,3.4651162790697674,2245.2830188679245,99490.18181818182,287.3357142857143,296.25,286.15,4.212727272727273,-10.0,0.0,0.0,-45.0,0.14,0.3109090909090909,0.5142857142857143,1.2428571428571429,2.0,2013-09-23,Automne
3540,201339,93,PROVENCE-ALPES-COTE-D-AZUR,0.8518339768339769,193.21428571428572,3.340515796260477,284.8620535714286,280.4638392857143,76.875,22941.964285714286,77.08380069025021,4.472972972972973,1404.9461206896551,100070.444015444,281.3357142857143,288.05357142857144,279.2928571428571,6.159821428571428,-10.0,0.0,0.0,-45.0,0.05740025740025735,0.18908730158730155,0.3345238095238095,0.7571428571428571,1.5214285714285716,2013-09-23,Automne
3541,201339,11,ILE-DE-FRANCE,-40.892857142857146,111.25,2.2785714285714285,290.95,286.94464285714287,78.69642857142857,15767.857142857143,63.392857142857146,3.851063829787234,2904.8936170212764,100227.67857142857,287.0571428571429,294.65000000000003,284.15,4.389285714285714,-10.0,0.0,0.0,-45.0,0.1999999999999999,0.3964285714285714,0.0571428571428571,1.5857142857142856,0.1714285714285714,2013-09-23,Automne
3542,201339,82,RHONE-ALPES,-33.392857142857146,155.53571428571428,3.060714285714286,292.4660714285714,287.20535714285717,73.875,24005.35714285714,52.92727272727273,2.35,3405.294117647059,98524.64285714286,288.32142857142856,296.07142857142856,285.2928571428571,5.7375,-10.0,0.0,0.0,-44.716981132075475,0.1964285714285714,0.4678571428571428,1.4285714285714286,1.8,0.4857142857142857,2013-09-23,Automne
3543,201338,42,ALSACE,23.333333333333332,198.8288288288288,3.545945945945946,286.8878378378378,283.01216216216216,78.7927927927928,39135.13513513513,97.63013698630137,4.472972972972973,1019.6153846153846,99337.47747747749,283.06851851851854,290.2055555555556,282.0730769230769,6.514414414414414,-10.0,0.0,0.0,-45.0,0.0666666666666666,0.2072072072072072,0.45,0.8296296296296297,1.507692307692308,2013-09-16,Automne
3544,201338,72,AQUITAINE,6.964285714285714,232.5,3.4499999999999997,289.99642857142857,285.8705357142857,78.11607142857143,37142.1875,78.55,4.608108108108108,1208.3870967741937,100762.58928571428,286.1928571428572,292.91785714285714,284.43571428571425,6.2,-10.0,0.0,0.0,-46.40625,0.0785714285714285,0.1571428571428571,0.2714285714285714,0.6,1.2285714285714284,2013-09-16,Automne
3545,201338,83,AUVERGNE,19.636363636363637,182.9090909090909,2.7872727272727276,288.1372727272727,282.6390909090909,70.96363636363637,30341.81818181818,72.22222222222223,4.0,2070.909090909091,97902.90909090907,284.18571428571425,291.60714285714283,281.8642857142857,6.201818181818182,-10.0,0.0,0.0,-45.0,0.0347826086956521,0.0755555555555555,0.2,0.2461538461538461,1.0,2013-09-16,Automne
3546,201338,25,BASSE-NORMANDIE,32.589285714285715,238.30357142857144,4.100892857142857,287.6723214285714,284.2107142857143,80.83928571428571,23630.35714285714,84.1304347826087,5.089285714285714,1043.1632653061224,100324.91071428572,284.00357142857143,290.6928571428571,282.15,7.33125,-10.0,0.0,0.0,-45.0,0.0660714285714285,0.1696428571428571,0.3785714285714285,0.7214285714285714,1.4285714285714286,2013-09-16,Automne
3547,201338,26,BOURGOGNE,20.982142857142858,213.75,3.50625,287.64285714285717,283.7839285714286,78.83928571428571,30105.35714285714,89.03846153846153,4.346153846153846,1021.9753086419752,99356.875,283.7785714285714,290.62142857142857,282.93571428571425,6.649107142857143,-10.0,0.0,0.0,-45.0,0.0464285714285714,0.1642857142857142,0.3071428571428571,0.7,1.4428571428571428,2013-09-16,Automne
3548,201338,53,BRETAGNE,26.40718562874251,227.06586826347305,4.355089820359281,288.62784431137726,285.19550898203596,81.17365269461078,22934.246575342466,88.65079365079364,6.325,870.1626016260162,100915.08982035928,285.8880952380952,290.75714285714287,282.8642857142857,8.220359281437126,-10.0,0.0,0.0,-45.294117647058826,0.0335329341317365,0.1029940119760479,0.4292682926829269,0.6428571428571429,1.3,2013-09-16,Automne
3549,201338,24,CENTRE,26.428571428571427,236.07142857142856,3.4714285714285715,287.88392857142856,284.07410714285714,79.10714285714286,21033.928571428572,79.95,4.753086419753086,1442.3,100103.66071428572,284.4,290.75,282.8642857142857,6.860714285714286,-10.0,0.0,0.0,-45.0,0.0607142857142857,0.1732142857142857,0.2,0.7571428571428571,1.4785714285714284,2013-09-16,Automne
3550,201338,21,CHAMPAGNE-ARDENNE,30.535714285714285,217.32142857142856,3.617857142857143,286.6821428571429,283.6642857142857,82.96428571428571,17842.85714285714,91.6867469879518,4.821428571428571,950.8988764044944,100238.92857142857,282.925,289.5285714285714,280.57857142857137,6.774107142857143,-10.0,0.0,0.0,-45.0,0.0999999999999999,0.3232142857142857,0.5214285714285715,1.3142857142857145,2.628571428571429,2013-09-16,Automne
3551,201338,94,CORSE,18.571428571428573,163.48214285714286,3.0303571428571425,292.7214285714286,286.5160714285714,69.58928571428571,36044.642857142855,40.674157303370784,1.858974358974359,1400.0,101121.875,288.69642857142856,295.77500000000003,285.93571428571425,5.372321428571429,-10.0,0.0,0.0,-42.94117647058823,0.0017857142857142,0.0035714285714285,0.0071428571428571,0.0142857142857142,2.157142857142857,2013-09-16,Automne
3552,201338,43,FRANCHE-COMTE,22.946428571428573,213.125,3.1973214285714286,286.6821428571429,282.90535714285716,79.15178571428571,33106.25,84.38636363636364,4.363636363636363,1034.2528735632184,98669.375,283.0142857142857,289.7357142857143,281.72142857142853,6.369642857142857,-10.0,0.0,0.0,-43.69565217391305,0.0625,0.2607142857142857,0.55,1.0071428571428571,2.0357142857142856,2013-09-16,Automne
3553,201338,23,HAUTE-NORMANDIE,36.07142857142857,249.1071428571429,5.553571428571429,287.6723214285714,284.98084112149536,85.1588785046729,18363.157894736843,89.26436781609195,6.415384615384616,841.4444444444445,100490.0,285.50357142857143,289.35714285714283,280.43571428571425,8.811607142857143,-10.0,0.0,0.0,-45.55555555555556,0.0598214285714285,0.25,0.3857142857142857,1.042857142857143,2.2785714285714285,2013-09-16,Automne
3554,201338,91,LANGUEDOC-ROUSSILLON,10.267857142857142,250.625,4.451785714285714,291.59196428571425,284.36607142857144,65.33035714285714,47830.357142857145,63.802083333333336,2.7971014492753623,2710.112359550562,100827.32142857143,286.76785714285717,295.1714285714285,284.93571428571425,7.669642857142857,-10.0,0.0,0.0,-45.51724137931034,0.0303571428571428,0.0396396396396396,0.1142857142857143,0.15,0.3285714285714285,2013-09-16,Automne
3555,201338,74,LIMOUSIN,14.821428571428571,211.25,3.527678571428571,287.9741071428571,284.4419642857143,80.9375,39053.44827586207,80.95402298850574,5.020833333333333,1296.7073170731708,98729.375,284.62857142857143,290.575,283.2928571428571,6.578571428571428,-10.0,0.0,0.0,-45.0,0.1017857142857142,0.3045045045045045,0.6214285714285713,1.2148148148148148,2.5214285714285714,2013-09-16,Automne
3556,201338,41,LORRAINE,0.8518339768339769,193.21428571428572,3.340515796260477,284.8620535714286,280.4638392857143,76.875,22941.964285714286,77.08380069025021,4.472972972972973,1404.9461206896551,100070.444015444,281.3357142857143,288.05357142857144,279.2928571428571,6.159821428571428,-10.0,0.0,0.0,-45.0,0.05740025740025735,0.18908730158730155,0.3345238095238095,0.7571428571428571,1.5214285714285716,2013-09-16,Automne
3557,201338,73,MIDI-PYRENEES,6.607142857142857,231.78571428571428,3.029464285714286,289.35089285714287,284.9732142857143,77.01785714285714,36432.0987654321,71.33802816901408,3.811320754716981,2014.7887323943664,98670.0,284.675,292.7892857142857,283.0071428571428,5.922321428571428,-10.0,0.0,0.0,-45.84905660377358,0.0857142857142857,0.1491071428571428,0.4571428571428572,0.6071428571428571,1.2357142857142858,2013-09-16,Automne
3558,201338,31,NORD-PAS-DE-CALAIS,40.535714285714285,241.16071428571428,3.8285714285714287,286.7875,283.5125,81.90178571428571,22789.285714285714,78.86904761904762,5.827160493827161,1064.9382716049383,100610.26785714286,283.9321428571429,288.9535714285714,282.3642857142857,6.6241071428571425,-10.0,0.0,0.0,-43.63636363636363,0.1366071428571428,0.4535714285714285,0.8071428571428572,2.085714285714286,4.1,2013-09-16,Automne
3559,201338,52,PAYS-DE-LA-LOIRE,0.8518339768339769,193.21428571428572,3.340515796260477,284.8620535714286,280.4638392857143,76.875,22941.964285714286,77.08380069025021,4.472972972972973,1404.9461206896551,100070.444015444,281.3357142857143,288.05357142857144,279.2928571428571,6.159821428571428,-10.0,0.0,0.0,-45.0,0.05740025740025735,0.18908730158730155,0.3345238095238095,0.7571428571428571,1.5214285714285716,2013-09-16,Automne
3560,201338,22,PICARDIE,40.535714285714285,241.16071428571428,3.8285714285714287,286.7875,283.5125,81.90178571428571,22789.285714285714,78.86904761904762,5.827160493827161,1064.9382716049383,100610.26785714286,283.9321428571429,288.9535714285714,282.3642857142857,6.6241071428571425,-10.0,0.0,0.0,-43.63636363636363,0.1366071428571428,0.4535714285714285,0.8071428571428572,2.085714285714286,4.1,2013-09-16,Automne
3561,201338,54,POITOU-CHARENTES,18.839285714285715,217.58928571428572,3.59375,288.3803571428571,284.5776785714286,79.42857142857143,27493.02325581395,80.29411764705883,4.604166666666667,1060.0,100050.80357142857,284.525,291.325,283.0071428571428,6.685714285714286,-10.0,0.0,0.0,-45.0,0.0517857142857142,0.1428571428571428,0.1785714285714285,0.6071428571428571,1.2857142857142858,2013-09-16,Automne
3562,201338,93,PROVENCE-ALPES-COTE-D-AZUR,0.8518339768339769,193.21428571428572,3.340515796260477,284.8620535714286,280.4638392857143,76.875,22941.964285714286,77.08380069025021,4.472972972972973,1404.9461206896551,100070.444015444,281.3357142857143,288.05357142857144,279.2928571428571,6.159821428571428,-10.0,0.0,0.0,-45.0,0.05740025740025735,0.18908730158730155,0.3345238095238095,0.7571428571428571,1.5214285714285716,2013-09-16,Automne
3563,201338,11,ILE-DE-FRANCE,31.785714285714285,250.3571428571429,3.560714285714286,287.58035714285717,283.8607142857143,79.5,22250.0,77.67857142857143,4.945454545454545,1635.4545454545455,100460.53571428572,284.35,290.4214285714286,282.57857142857137,6.982142857142857,-10.0,0.0,0.0,-45.0,0.075,0.1928571428571428,0.1714285714285714,0.8285714285714285,1.5,2013-09-16,Automne
3564,201338,82,RHONE-ALPES,15.178571428571429,186.96428571428572,2.9250000000000003,288.08035714285717,283.74642857142857,76.42857142857143,32457.14285714286,74.81818181818181,4.9,1324.313725490196,98906.78571428572,285.2642857142857,290.8285714285714,282.57857142857137,5.523214285714286,-10.0,0.0,0.0,-45.283018867924525,0.0357142857142857,0.0428571428571428,0.0857142857142857,0.2142857142857142,0.3999999999999999,2013-09-16,Automne
3565,201337,42,ALSACE,-14.017857142857142,198.92857142857144,2.549107142857143,287.77232142857144,284.49375,81.97321428571429,36548.21428571428,97.60416666666669,4.472972972972973,1034.4554455445543,99577.41071428572,285.3464285714286,290.14285714285717,284.93571428571425,5.107142857142857,-10.0,0.0,0.0,-45.0,0.0857142857142857,0.3803571428571429,1.05,1.6,3.457142857142857,2013-09-09,Automne
3566,201337,72,AQUITAINE,-13.703703703703704,263.3333333333333,3.3361111111111112,290.2166666666667,285.3611111111111,74.85185185185185,41976.71232876712,80.0,4.603448275862069,1084.042553191489,100996.94444444444,286.6722222222222,293.43148148148146,285.22142857142853,6.0398148148148145,-10.0,0.0,0.0,-45.88235294117647,0.1,0.1962616822429906,0.1629629629629629,0.8384615384615385,1.7923076923076924,2013-09-09,Automne
3567,201337,83,AUVERGNE,-11.454545454545457,167.45454545454547,1.5818181818181818,287.83181818181816,283.26272727272726,75.12727272727273,27727.272727272728,85.0909090909091,5.7924528301886795,1010.5454545454544,98181.63636363635,284.80384615384617,290.0423076923077,283.15,3.876363636363636,-10.0,0.0,0.0,-44.34782608695652,0.1056603773584905,0.2239999999999999,0.7846153846153846,1.0666666666666669,2.3333333333333335,2013-09-09,Automne
3568,201337,25,BASSE-NORMANDIE,-21.25,259.55357142857144,3.9169642857142857,287.75892857142856,284.4625,81.76785714285714,26800.89285714286,90.26041666666669,6.072727272727272,738.0,100650.80357142857,285.1,290.10714285714283,282.43571428571425,7.036607142857143,-10.0,0.0,0.0,-44.72727272727273,0.05,0.2232142857142857,0.5214285714285715,0.8714285714285713,1.853846153846154,2013-09-09,Automne
3569,201337,26,BOURGOGNE,-13.214285714285714,229.19642857142856,2.7089285714285714,287.95982142857144,284.21875,79.59821428571429,29048.214285714286,95.95,6.535714285714286,931.7525773195875,99613.21428571428,285.24285714285713,290.5678571428571,284.57857142857137,5.360714285714286,-10.0,0.0,0.0,-45.0,0.1267857142857142,0.4535714285714285,0.9142857142857144,1.8285714285714287,3.8428571428571425,2013-09-09,Automne
3570,201337,53,BRETAGNE,-17.321428571428573,281.8452380952381,4.411309523809524,288.20178571428573,285.189880952381,83.42857142857143,25585.034013605444,85.58778625954199,6.152941176470589,633.0597014925373,101290.35714285714,285.802380952381,290.3452380952381,283.2928571428571,8.0,-10.0,0.0,0.0,-45.319148936170215,0.1095238095238095,0.3857142857142857,0.6666666666666666,1.380952380952381,2.7714285714285714,2013-09-09,Automne
3571,201337,24,CENTRE,-16.071428571428573,256.1607142857143,3.255357142857143,287.83035714285717,284.32410714285714,80.70535714285714,20258.035714285714,88.86238532110092,6.185185185185185,862.1359223300971,100388.83928571428,285.11785714285713,290.38214285714287,283.22142857142853,6.2491071428571425,-10.0,0.0,0.0,-45.0,0.1714285714285714,0.5535714285714286,1.1,2.257142857142857,4.5,2013-09-09,Automne
3572,201337,21,CHAMPAGNE-ARDENNE,-15.982142857142858,238.21428571428572,3.767857142857143,287.2330357142857,284.5651785714286,84.77678571428571,16323.214285714286,95.95604395604396,6.555555555555555,897.3,100525.98214285714,284.0285714285714,289.67857142857144,282.15,6.898214285714286,-10.0,0.0,0.0,-44.44444444444444,0.225,0.5785714285714285,0.7857142857142857,2.35,4.914285714285714,2013-09-09,Automne
3573,201337,94,CORSE,-12.252252252252251,165.13513513513513,3.3063063063063063,293.7608108108108,286.51126126126127,65.49549549549549,35936.93693693694,55.526315789473685,2.3095238095238093,1203.804347826087,101529.0990990991,290.2357142857143,296.83214285714286,288.0071428571428,5.70990990990991,-10.0,0.0,0.0,-44.03225806451613,0.0558558558558558,0.3783783783783784,1.0571428571428572,1.4928571428571429,0.8714285714285713,2013-09-09,Automne
3574,201337,43,FRANCHE-COMTE,-13.392857142857142,208.125,2.5223214285714284,287.72589285714287,284.22053571428575,80.59821428571429,33996.42857142857,92.8921568627451,5.214285714285714,1069.0384615384614,98915.89285714286,285.3,290.05357142857144,284.65,5.434862385321101,-10.0,0.0,0.0,-43.125,0.0785714285714285,0.2936936936936937,1.3285714285714287,1.707142857142857,3.7357142857142858,2013-09-09,Automne
3575,201337,23,HAUTE-NORMANDIE,-21.964285714285715,259.375,5.289285714285714,287.79017857142856,284.7785714285714,82.89285714285714,13788.04347826087,86.95294117647059,5.901639344262295,721.1764705882352,100853.57142857143,286.04285714285714,289.49285714285713,282.0071428571428,8.272972972972973,-10.0,0.0,0.0,-43.84615384615385,0.1875,0.5089285714285714,1.2642857142857142,2.0142857142857142,3.9071428571428575,2013-09-09,Automne
3576,201337,91,LANGUEDOC-ROUSSILLON,-11.696428571428571,274.4642857142857,4.3428571428571425,291.9125,283.94910714285714,62.642857142857146,52166.96428571428,57.5,2.5517241379310347,1922.3529411764705,101095.26785714286,287.56071428571425,295.6107142857143,286.0071428571428,7.474107142857143,-10.0,0.0,0.0,-46.15384615384615,0.0392857142857142,0.125,0.2642857142857143,0.5071428571428571,1.0214285714285716,2013-09-09,Automne
3577,201337,74,LIMOUSIN,-12.946428571428571,251.875,2.9848214285714287,287.4535714285714,284.1982142857143,82.23214285714286,38938.333333333336,91.8080808080808,6.48,895.625,99000.08928571428,284.5107142857143,290.41785714285714,282.7928571428571,5.521428571428571,-10.0,0.0,0.0,-45.0,0.2696428571428571,0.5714285714285714,0.85,2.292857142857143,4.55,2013-09-09,Automne
3578,201337,41,LORRAINE,0.8518339768339769,193.21428571428572,3.340515796260477,284.8620535714286,280.4638392857143,76.875,22941.964285714286,77.08380069025021,4.472972972972973,1404.9461206896551,100070.444015444,281.3357142857143,288.05357142857144,279.2928571428571,6.159821428571428,-10.0,0.0,0.0,-45.0,0.05740025740025735,0.18908730158730155,0.3345238095238095,0.7571428571428571,1.5214285714285716,2013-09-09,Automne
3579,201337,73,MIDI-PYRENEES,-13.173076923076923,251.55339805825244,2.9893203883495145,290.0105769230769,285.11634615384617,74.75,39915.0,73.98550724637681,4.413043478260869,1301.5277777777778,99017.5,286.05384615384617,293.36153846153843,284.84230769230766,5.759223300970874,-10.0,0.0,0.0,-44.680851063829785,0.1,0.3436893203883495,0.9384615384615383,0.624,1.325,2013-09-09,Automne
3580,201337,31,NORD-PAS-DE-CALAIS,-25.357142857142858,244.375,3.9642857142857144,286.46160714285713,284.325,88.01785714285714,17913.39285714286,81.30952380952381,5.867469879518072,903.132530120482,100968.83928571428,283.9428571428571,288.6571428571429,282.5071428571428,6.8125,-10.0,0.0,0.0,-44.21052631578947,0.2196428571428571,0.625,0.75,2.2857142857142856,4.721428571428571,2013-09-09,Automne
3581,201337,52,PAYS-DE-LA-LOIRE,0.8518339768339769,193.21428571428572,3.340515796260477,284.8620535714286,280.4638392857143,76.875,22941.964285714286,77.08380069025021,4.472972972972973,1404.9461206896551,100070.444015444,281.3357142857143,288.05357142857144,279.2928571428571,6.159821428571428,-10.0,0.0,0.0,-45.0,0.05740025740025735,0.18908730158730155,0.3345238095238095,0.7571428571428571,1.5214285714285716,2013-09-09,Automne
3582,201337,22,PICARDIE,-25.357142857142858,244.375,3.9642857142857144,286.46160714285713,284.325,88.01785714285714,17913.39285714286,81.30952380952381,5.867469879518072,903.132530120482,100968.83928571428,283.9428571428571,288.6571428571429,282.5071428571428,6.8125,-10.0,0.0,0.0,-44.21052631578947,0.2196428571428571,0.625,0.75,2.2857142857142856,4.721428571428571,2013-09-09,Automne
3583,201337,54,POITOU-CHARENTES,-13.482142857142858,258.30357142857144,3.0651785714285715,288.2026785714286,284.3589285714286,79.34821428571429,29275.0,92.12871287128714,6.384615384615385,980.3191489361702,100322.58928571428,284.9857142857143,291.4035714285714,283.15,5.8741071428571425,-10.0,0.0,0.0,-45.0,0.2589285714285714,0.6124999999999999,0.8142857142857143,2.435714285714286,4.778571428571429,2013-09-09,Automne
3584,201337,93,PROVENCE-ALPES-COTE-D-AZUR,0.8518339768339769,193.21428571428572,3.340515796260477,284.8620535714286,280.4638392857143,76.875,22941.964285714286,77.08380069025021,4.472972972972973,1404.9461206896551,100070.444015444,281.3357142857143,288.05357142857144,279.2928571428571,6.159821428571428,-10.0,0.0,0.0,-45.0,0.05740025740025735,0.18908730158730155,0.3345238095238095,0.7571428571428571,1.5214285714285716,2013-09-09,Automne
3585,201337,11,ILE-DE-FRANCE,-18.75,253.75,3.6089285714285713,287.46785714285716,284.49285714285713,83.25,20033.928571428572,84.83928571428571,6.0,851.8181818181819,100764.82142857143,284.89285714285717,289.8071428571429,282.57857142857137,6.667857142857143,-10.0,0.0,0.0,-45.0,0.1357142857142857,0.5321428571428571,1.3714285714285714,2.1714285714285713,4.485714285714286,2013-09-09,Automne
3586,201337,82,RHONE-ALPES,-11.428571428571429,165.17857142857142,2.4,288.9892857142857,283.8910714285714,73.25,31500.0,75.18518518518519,4.1923076923076925,1668.75,99140.89285714286,285.92857142857144,291.49285714285713,284.15,4.983928571428572,-10.0,0.0,0.0,-45.0,0.075,0.175,0.3999999999999999,0.7999999999999999,2.857142857142857,2013-09-09,Automne
3587,201336,42,ALSACE,-11.875,210.8928571428571,2.1357142857142857,292.37857142857143,285.9785714285714,70.25892857142857,36232.142857142855,97.28571428571428,4.472972972972973,1009.032258064516,99743.03571428572,286.9107142857143,297.37142857142857,285.22142857142853,4.192857142857142,-10.0,0.0,0.0,-45.0,0.2321428571428571,0.5178571428571429,1.2571428571428571,2.042857142857143,3.778571428571429,2013-09-02,Automne
3588,201336,72,AQUITAINE,-0.8928571428571429,184.1071428571429,2.775,293.4982142857143,284.8482142857143,63.00892857142857,37145.454545454544,59.411764705882355,4.4,1204.9122807017543,100738.21428571428,288.5785714285714,298.6642857142857,286.65,5.114285714285714,-10.0,0.0,0.0,-46.36363636363637,0.0928571428571428,0.3053571428571429,0.5214285714285715,1.2,2.2642857142857142,2013-09-02,Automne
3589,201336,83,AUVERGNE,-7.321428571428571,140.35714285714286,1.7,291.76964285714286,283.0732142857143,62.17857142857143,27500.0,44.36363636363637,3.358974358974359,3602.5641025641025,98154.46428571428,286.49285714285713,296.6928571428571,284.72142857142853,4.176785714285715,-10.0,0.0,0.0,-44.72727272727273,0.1019607843137254,0.4652173913043478,0.7833333333333333,3.0,4.716666666666667,2013-09-02,Automne
3590,201336,25,BASSE-NORMANDIE,-16.339285714285715,179.46428571428572,2.465178571428571,289.6035714285714,283.05892857142857,69.95535714285714,27204.464285714286,52.294117647058826,2.1777777777777776,2995.6666666666665,100695.53571428572,283.5464285714286,295.48928571428576,279.93571428571425,4.841071428571429,-10.0,0.0,0.0,-45.27272727272727,0.0126126126126126,0.0345454545454545,0.074074074074074,0.0846153846153846,0.2571428571428572,2013-09-02,Automne
3591,201336,26,BOURGOGNE,-11.071428571428571,187.8571428571429,2.0982142857142856,292.2,284.18571428571425,64.67857142857143,30781.08108108108,72.5,2.7222222222222223,2072.7906976744184,99656.07142857143,286.3357142857143,297.46785714285716,284.65,4.084821428571429,-10.0,0.0,0.0,-45.0,0.0910714285714285,0.2875,0.6928571428571428,1.207142857142857,2.1357142857142857,2013-09-02,Automne
3592,201336,53,BRETAGNE,-18.63095238095238,187.3809523809524,3.1017857142857146,288.46190476190475,283.4011904761905,75.56547619047619,27892.1768707483,57.647619047619045,3.232876712328767,2485.5172413793102,101192.79761904762,283.3952380952381,293.31666666666666,278.22142857142853,5.717857142857143,-10.0,0.0,0.0,-45.27272727272727,0.0273809523809523,0.0916666666666666,0.0904761904761904,0.3190476190476191,0.3428571428571428,2013-09-02,Automne
3593,201336,24,CENTRE,-13.303571428571429,179.55357142857142,2.1303571428571426,292.43571428571425,283.7160714285714,61.330357142857146,27171.171171171172,46.25,2.327272727272727,3843.548387096774,100435.53571428572,286.24642857142857,297.6821428571429,282.93571428571425,4.197321428571429,-10.0,0.0,0.0,-45.0,0.0285714285714285,0.1071428571428571,0.2714285714285714,0.4642857142857143,0.9,2013-09-02,Automne
3594,201336,21,CHAMPAGNE-ARDENNE,-15.714285714285714,181.6071428571429,1.9428571428571428,291.1794642857143,285.5732142857143,73.29464285714286,19529.464285714286,62.7,2.0,2601.2820512820513,100690.17857142857,284.675,296.8892857142857,281.3642857142857,3.8276785714285713,-10.0,0.0,0.0,-45.0,0.0875,0.2142857142857142,0.45,0.8142857142857143,1.4071428571428573,2013-09-02,Automne
3595,201336,94,CORSE,2.4324324324324325,140.54054054054055,2.627927927927928,296.1619266055046,289.89036697247707,69.1743119266055,34621.62162162162,31.88888888888889,1.5671641791044777,1572.7941176470588,101726.3063063063,291.4769230769231,299.8538461538461,289.07857142857137,4.372072072072072,-10.0,0.0,0.0,-44.18181818181818,0.0037037037037037,0.0336448598130841,0.0074074074074074,0.1384615384615384,0.2769230769230769,2013-09-02,Automne
3596,201336,43,FRANCHE-COMTE,-11.339285714285714,211.33928571428572,2.00625,291.9633928571429,285.7044642857143,71.04464285714286,34162.5,60.208333333333336,2.325,1575.7407407407406,99043.57142857143,286.34285714285716,296.98928571428576,284.43571428571425,3.955357142857143,-10.0,0.0,0.0,-43.125,0.1357142857142857,0.5819819819819819,1.2214285714285715,1.9259259259259256,3.35,2013-09-02,Automne
3597,201336,23,HAUTE-NORMANDIE,-21.60377358490566,200.0,3.457547169811321,289.45377358490566,285.0433962264151,77.32075471698113,20156.666666666668,58.63768115942029,3.693877551020408,2516.9811320754716,100928.77358490566,285.63846153846157,292.80384615384617,277.15,5.9075471698113216,-10.0,0.0,0.0,-45.0,0.0283018867924528,0.0811320754716981,0.1333333333333333,0.3307692307692307,0.4307692307692307,2013-09-02,Automne
3598,201336,91,LANGUEDOC-ROUSSILLON,1.25,192.32142857142856,3.005357142857143,294.4392857142857,286.38839285714283,64.6875,36815.17857142857,51.77272727272727,3.533333333333333,1867.9032258064517,100945.35714285714,289.7285714285714,298.8535714285714,287.7928571428571,5.236607142857143,-10.0,0.0,0.0,-46.666666666666664,0.0857142857142857,0.1875,0.35,0.7357142857142858,1.4857142857142858,2013-09-02,Automne
3599,201336,74,LIMOUSIN,-8.035714285714286,177.23214285714286,2.6473214285714284,291.51785714285717,282.51875,60.63392857142857,51433.333333333336,58.6764705882353,2.8,2811.8,98900.98214285714,285.85714285714283,296.5964285714286,283.22142857142853,4.908035714285715,-10.0,0.0,0.0,-45.78947368421053,0.1089285714285714,0.1607142857142857,0.2928571428571428,0.6357142857142858,1.25,2013-09-02,Automne
3600,201336,41,LORRAINE,0.8518339768339769,193.21428571428572,3.340515796260477,284.8620535714286,280.4638392857143,76.875,22941.964285714286,77.08380069025021,4.472972972972973,1404.9461206896551,100070.444015444,281.3357142857143,288.05357142857144,279.2928571428571,6.159821428571428,-10.0,0.0,0.0,-45.0,0.05740025740025735,0.18908730158730155,0.3345238095238095,0.7571428571428571,1.5214285714285716,2013-09-02,Automne
3601,201336,73,MIDI-PYRENEES,0.2678571428571428,214.55357142857144,2.317857142857143,292.75624999999997,286.25178571428575,70.84821428571429,34650.60240963855,59.6875,5.194444444444445,1393.6,98617.58928571428,287.60714285714283,297.4785714285714,285.3642857142857,4.675,-10.0,0.0,0.0,-44.680851063829785,0.1125,0.2821428571428571,0.8714285714285713,1.1071428571428572,2.157142857142857,2013-09-02,Automne
3602,201336,31,NORD-PAS-DE-CALAIS,-15.714285714285714,189.19642857142856,2.7196428571428575,291.13660714285714,285.3705357142857,72.54464285714286,22962.946428571428,37.26190476190476,2.234375,2489.6774193548385,101185.35714285714,286.37857142857143,295.42857142857144,284.8642857142857,4.8133928571428575,-10.0,0.0,0.0,-43.81578947368421,0.0410714285714285,0.0732142857142857,0.1142857142857143,0.2214285714285714,0.3857142857142857,2013-09-02,Automne
3603,201336,52,PAYS-DE-LA-LOIRE,0.8518339768339769,193.21428571428572,3.340515796260477,284.8620535714286,280.4638392857143,76.875,22941.964285714286,77.08380069025021,4.472972972972973,1404.9461206896551,100070.444015444,281.3357142857143,288.05357142857144,279.2928571428571,6.159821428571428,-10.0,0.0,0.0,-45.0,0.05740025740025735,0.18908730158730155,0.3345238095238095,0.7571428571428571,1.5214285714285716,2013-09-02,Automne
3604,201336,22,PICARDIE,-15.714285714285714,189.19642857142856,2.7196428571428575,291.13660714285714,285.3705357142857,72.54464285714286,22962.946428571428,37.26190476190476,2.234375,2489.6774193548385,101185.35714285714,286.37857142857143,295.42857142857144,284.8642857142857,4.8133928571428575,-10.0,0.0,0.0,-43.81578947368421,0.0410714285714285,0.0732142857142857,0.1142857142857143,0.2214285714285714,0.3857142857142857,2013-09-02,Automne
3605,201336,54,POITOU-CHARENTES,-10.625,175.80357142857142,2.236607142857143,291.8625,283.10267857142856,61.67857142857143,37755.813953488374,56.04477611940298,2.3076923076923075,2917.0454545454545,100270.08928571428,285.43928571428575,297.5642857142857,282.65,4.236607142857143,-10.0,0.0,0.0,-45.0,0.0375,0.0589285714285714,0.0285714285714285,0.2714285714285714,0.5714285714285714,2013-09-02,Automne
3606,201336,93,PROVENCE-ALPES-COTE-D-AZUR,0.8518339768339769,193.21428571428572,3.340515796260477,284.8620535714286,280.4638392857143,76.875,22941.964285714286,77.08380069025021,4.472972972972973,1404.9461206896551,100070.444015444,281.3357142857143,288.05357142857144,279.2928571428571,6.159821428571428,-10.0,0.0,0.0,-45.0,0.05740025740025735,0.18908730158730155,0.3345238095238095,0.7571428571428571,1.5214285714285716,2013-09-02,Automne
3607,201336,11,ILE-DE-FRANCE,-15.0,203.3928571428571,2.280357142857143,292.3982142857143,284.1732142857143,62.107142857142854,27303.571428571428,38.75,2.135135135135135,4527.027027027027,100864.10714285714,286.06428571428575,297.37142857142857,281.57857142857137,4.314285714285714,-10.0,0.0,0.0,-45.0,0.0,0.1285714285714286,0.5142857142857143,0.5142857142857143,0.9714285714285714,2013-09-02,Automne
3608,201336,82,RHONE-ALPES,-4.642857142857143,186.96428571428572,3.3392857142857144,293.925,284.6,59.642857142857146,37333.92857142857,41.07142857142857,2.4615384615384617,2940.7894736842104,99137.85714285714,288.8857142857143,298.49285714285713,286.43571428571425,6.083928571428571,-10.0,0.0,0.0,-44.72727272727273,0.225,0.8071428571428572,0.8571428571428571,3.2142857142857144,5.142857142857143,2013-09-02,Automne
3609,201335,42,ALSACE,25.892857142857142,224.46428571428572,2.284821428571429,290.49107142857144,285.3955357142857,74.5,26187.5,96.0909090909091,4.472972972972973,1106.71875,99712.94642857143,286.425,294.02500000000003,284.65,4.304464285714286,-10.0,0.0,0.0,-45.0,0.1232142857142857,0.2464285714285714,0.4142857142857143,1.0285714285714287,2.0214285714285714,2013-08-26,Ete
3610,201335,72,AQUITAINE,22.053571428571427,258.92857142857144,2.851785714285714,293.2660714285715,285.13392857142856,62.9375,33518.46153846154,45.963855421686745,2.107692307692308,2182.876712328767,100855.80357142857,287.9714285714286,297.5464285714285,285.72142857142853,5.428571428571429,-10.0,0.0,0.0,-46.25,0.0017857142857142,0.0017857142857142,0.0214285714285714,0.0285714285714285,0.7357142857142857,2013-08-26,Ete
3611,201335,83,AUVERGNE,25.892857142857142,114.46428571428572,1.4303571428571429,289.84464285714284,283.87678571428575,69.89285714285714,24276.785714285714,57.98076923076923,4.111111111111111,1263.8297872340424,98178.03571428572,285.31428571428575,293.89285714285717,282.43571428571425,3.675,-10.0,0.0009090909090909,0.0,-45.0,0.0,0.0170212765957446,0.0499999999999999,0.0499999999999999,0.1999999999999999,2013-08-26,Ete
3612,201335,25,BASSE-NORMANDIE,30.18018018018018,185.5855855855856,2.6297297297297297,289.6599099099099,284.0346846846847,72.98198198198199,22245.945945945947,61.68181818181818,2.7962962962962963,2014.5070422535211,100999.27927927928,283.99285714285713,294.2642857142857,279.93571428571425,5.281081081081082,-10.0,0.0,0.0,-45.27272727272727,0.009090909090909,0.0181818181818181,0.037037037037037,0.074074074074074,0.2769230769230769,2013-08-26,Ete
3613,201335,26,BOURGOGNE,26.607142857142858,230.3571428571429,2.3214285714285716,290.5214285714286,284.70714285714286,71.50892857142857,23698.214285714286,79.0677966101695,3.576923076923077,1299.3846153846157,99697.85714285714,286.0571428571429,294.26785714285717,284.43571428571425,4.411607142857143,-10.0,0.0,0.0,-45.0,0.0839285714285714,0.1696428571428571,0.3428571428571428,0.7357142857142858,1.7142857142857142,2013-08-26,Ete
3614,201335,53,BRETAGNE,27.916666666666668,193.33333333333337,3.2375,290.09285714285716,285.93928571428575,79.13095238095238,19267.465753424654,80.23076923076923,5.2025316455696204,1289.223300970874,101570.29761904762,286.697619047619,293.4214285714286,282.93571428571425,5.623214285714286,-10.0,0.0,0.0,-44.716981132075475,0.0083832335329341,0.0192771084337349,0.0146341463414634,0.075,0.3846153846153846,2013-08-26,Ete
3615,201335,24,CENTRE,27.232142857142858,223.92857142857144,2.4205357142857147,290.94464285714287,284.59196428571425,69.08035714285714,19425.0,61.52173913043478,3.0675675675675675,2308.8372093023254,100576.25,286.14285714285717,294.9035714285714,283.65,4.915178571428571,-10.0,0.0,0.0,-45.18072289156626,0.0071428571428571,0.0267857142857142,0.0285714285714285,0.1,1.0571428571428572,2013-08-26,Ete
3616,201335,21,CHAMPAGNE-ARDENNE,25.714285714285715,269.01785714285717,2.402678571428571,289.65982142857143,284.83125,75.72321428571429,15403.57142857143,80.2542372881356,3.28,1515.9420289855072,100791.96428571428,284.29285714285714,294.2285714285714,281.57857142857137,4.485714285714286,-10.0,0.0,0.0,-43.84615384615385,0.0107142857142857,0.0803571428571428,0.15,0.3214285714285714,0.7214285714285714,2013-08-26,Ete
3617,201335,94,CORSE,16.964285714285715,149.82142857142858,3.003571428571429,295.5607142857143,287.94375,63.69642857142857,37473.21428571428,43.20224719101124,1.7763157894736843,1649.382716049383,101366.69642857143,291.11785714285713,299.13214285714287,288.43571428571425,5.1553571428571425,-10.0,0.0,0.0,-43.23529411764706,0.0035714285714285,0.0124999999999999,0.0142857142857142,0.05,0.0999999999999999,2013-08-26,Ete
3618,201335,43,FRANCHE-COMTE,25.714285714285715,232.7678571428571,2.0723214285714286,290.1535714285714,285.2473214285714,75.15178571428571,24980.35714285714,80.71428571428571,3.3260869565217392,1123.58024691358,98995.98214285714,285.92857142857144,293.7214285714286,284.15,4.1954954954954955,-10.0,0.0,0.0,-43.40425531914894,0.0821428571428571,0.1714285714285714,0.3142857142857142,0.7357142857142858,1.342857142857143,2013-08-26,Ete
3619,201335,23,HAUTE-NORMANDIE,26.875,210.9821428571429,3.435714285714286,289.8050561797753,286.1106741573034,80.12359550561797,18025.0,66.6,3.420289855072464,1826.875,101262.58928571428,286.9409090909091,292.27272727272725,280.8642857142857,5.565178571428571,-10.0,0.0,0.0,-43.2,0.0053571428571428,0.0125,0.0285714285714285,0.0642857142857143,0.4714285714285715,2013-08-26,Ete
3620,201335,91,LANGUEDOC-ROUSSILLON,18.839285714285715,257.67857142857144,3.4366071428571425,294.96785714285716,284.50714285714287,54.035714285714285,43625.0,38.0722891566265,1.6229508196721312,2656.4285714285716,100882.41071428572,289.3357142857143,298.95714285714286,287.15,6.111607142857143,-10.0,0.0,0.0,-47.0,0.0035714285714285,0.0035714285714285,0.0214285714285714,0.0357142857142857,0.2285714285714285,2013-08-26,Ete
3621,201335,74,LIMOUSIN,27.589285714285715,148.66071428571428,2.503571428571429,290.77232142857144,284.38839285714283,68.70535714285714,36896.42857142857,59.465753424657535,3.320754716981132,1843.3870967741937,99026.96428571428,285.9642857142857,294.69642857142856,283.72142857142853,4.87909090909091,-10.0,0.0,0.0,-45.0,0.0,0.0035714285714285,0.0142857142857142,0.0142857142857142,1.8285714285714287,2013-08-26,Ete
3622,201335,41,LORRAINE,0.8518339768339769,193.21428571428572,3.340515796260477,284.8620535714286,280.4638392857143,76.875,22941.964285714286,77.08380069025021,4.472972972972973,1404.9461206896551,100070.444015444,281.3357142857143,288.05357142857144,279.2928571428571,6.159821428571428,-10.0,0.0,0.0,-45.0,0.05740025740025735,0.18908730158730155,0.3345238095238095,0.7571428571428571,1.5214285714285716,2013-08-26,Ete
3623,201335,73,MIDI-PYRENEES,20.089285714285715,244.375,2.3214285714285716,292.21875,285.5151785714286,68.28571428571429,32987.951807228914,55.96774193548387,3.018867924528302,1738.095238095238,98727.58928571428,287.2214285714286,296.29285714285714,285.0071428571428,4.774107142857143,-10.0,0.0,0.0,-45.0,0.0196428571428571,0.1339285714285714,0.4857142857142857,0.5428571428571429,1.2642857142857145,2013-08-26,Ete
3624,201335,31,NORD-PAS-DE-CALAIS,24.107142857142858,234.91071428571428,3.100892857142857,290.0910714285714,285.24821428571425,75.88392857142857,19362.053571428572,70.1566265060241,3.6052631578947367,1977.3684210526317,101426.07142857143,286.4214285714286,293.62142857142857,284.65,5.448214285714285,-10.0,0.0,0.0,-43.81578947368421,0.0321428571428571,0.0378378378378378,0.0148148148148148,0.1555555555555555,0.4,2013-08-26,Ete
3625,201335,52,PAYS-DE-LA-LOIRE,0.8518339768339769,193.21428571428572,3.340515796260477,284.8620535714286,280.4638392857143,76.875,22941.964285714286,77.08380069025021,4.472972972972973,1404.9461206896551,100070.444015444,281.3357142857143,288.05357142857144,279.2928571428571,6.159821428571428,-10.0,0.0,0.0,-45.0,0.05740025740025735,0.18908730158730155,0.3345238095238095,0.7571428571428571,1.5214285714285716,2013-08-26,Ete
3626,201335,22,PICARDIE,24.107142857142858,234.91071428571428,3.100892857142857,290.0910714285714,285.24821428571425,75.88392857142857,19362.053571428572,70.1566265060241,3.6052631578947367,1977.3684210526317,101426.07142857143,286.4214285714286,293.62142857142857,284.65,5.448214285714285,-10.0,0.0,0.0,-43.81578947368421,0.0321428571428571,0.0378378378378378,0.0148148148148148,0.1555555555555555,0.4,2013-08-26,Ete
3627,201335,54,POITOU-CHARENTES,28.125,218.83928571428572,2.3651785714285714,290.93928571428575,284.675,69.84821428571429,25257.14285714286,60.61643835616438,3.018867924528302,1640.0,100403.125,285.8642857142857,295.32142857142856,283.7928571428571,4.566964285714286,-10.0,0.0,0.0,-45.0,0.0053571428571428,0.0124999999999999,0.0357142857142857,0.0571428571428571,1.1928571428571428,2013-08-26,Ete
3628,201335,93,PROVENCE-ALPES-COTE-D-AZUR,0.8518339768339769,193.21428571428572,3.340515796260477,284.8620535714286,280.4638392857143,76.875,22941.964285714286,77.08380069025021,4.472972972972973,1404.9461206896551,100070.444015444,281.3357142857143,288.05357142857144,279.2928571428571,6.159821428571428,-10.0,0.0,0.0,-45.0,0.05740025740025735,0.18908730158730155,0.3345238095238095,0.7571428571428571,1.5214285714285716,2013-08-26,Ete
3629,201335,11,ILE-DE-FRANCE,26.785714285714285,223.21428571428572,2.710714285714286,291.1017857142857,284.6589285714286,68.25,19625.0,57.857142857142854,2.7916666666666665,2917.9591836734694,101042.67857142857,286.2714285714286,294.90714285714284,283.0071428571428,5.544642857142857,-10.0,0.0,0.0,-45.27272727272727,0.0035714285714285,0.0321428571428571,0.0,0.0999999999999999,1.1714285714285713,2013-08-26,Ete
3630,201335,82,RHONE-ALPES,24.285714285714285,258.0357142857143,3.308928571428571,290.9035714285714,285.325,72.26785714285714,24239.285714285714,42.09090909090909,2.6511627906976742,2073.478260869565,99074.28571428572,286.97857142857146,294.8142857142857,284.2928571428571,6.123214285714285,-10.0,0.0,0.0,-44.42307692307692,0.0142857142857142,0.0499999999999999,0.2571428571428572,0.2571428571428572,0.5142857142857143,2013-08-26,Ete
3631,201334,42,ALSACE,-5.089285714285714,198.21428571428572,2.757142857142857,291.78035714285716,284.90982142857143,67.17857142857143,40080.357142857145,94.48717948717947,4.472972972972973,1277.5,99597.5,287.525,296.39285714285717,285.15,5.265178571428572,-10.0,0.0,0.0,-45.0,0.1089285714285714,0.325,1.0785714285714283,1.2428571428571429,2.528571428571429,2013-08-19,Ete
3632,201334,72,AQUITAINE,-6.388888888888889,221.11111111111111,3.3935185185185186,294.38518518518515,286.6333333333333,65.11111111111111,35939.68253968254,57.5,4.52,1324.4117647058824,100677.22222222222,289.66785714285714,299.25,287.3642857142857,6.126851851851852,-10.0,0.0,0.0,-46.41509433962264,0.037037037037037,0.1121495327102803,0.1481481481481481,0.3851851851851852,0.0307692307692307,2013-08-19,Ete
3633,201334,83,AUVERGNE,-6.363636363636363,163.0909090909091,1.8690909090909091,292.5409090909091,283.9318181818182,59.50909090909091,36272.72727272727,37.54716981132076,2.6666666666666665,2195.8333333333335,98025.45454545454,287.85,297.50714285714287,285.15,4.542592592592593,-10.0,0.0,0.0,-45.0,0.0041666666666666,0.0044444444444444,0.0,0.0153846153846153,0.0285714285714285,2013-08-19,Ete
3634,201334,25,BASSE-NORMANDIE,-1.7857142857142858,187.5,3.3276785714285713,291.39907407407406,284.48796296296297,67.89814814814815,28790.178571428572,61.41891891891892,2.92156862745098,2830.15873015873,100639.55357142857,286.1653846153846,296.55384615384617,282.72142857142853,6.004464285714286,-10.0,0.0,0.0,-45.0,0.0160714285714285,0.0636363636363636,0.1142857142857143,0.2769230769230769,0.3833333333333333,2013-08-19,Ete
3635,201334,26,BOURGOGNE,-4.375,184.82142857142856,3.045535714285714,292.7660714285715,284.16339285714287,60.392857142857146,34580.357142857145,69.28571428571429,3.3181818181818183,2427.450980392157,99520.44642857143,287.7642857142857,297.64285714285717,285.65,5.927678571428571,-10.0,0.0,0.0,-45.0,0.0499999999999999,0.2517857142857143,0.6142857142857142,1.0,1.6428571428571428,2013-08-19,Ete
3636,201334,53,BRETAGNE,0.0,191.1309523809524,3.1470238095238097,290.69940476190476,285.60535714285714,75.2202380952381,27679.45205479452,58.99082568807339,3.382716049382716,2130.9574468085107,101181.30952380953,286.3547619047619,294.7095238095238,281.57857142857137,5.70952380952381,-10.0,0.0,0.0,-45.0,0.0470238095238095,0.1401197604790419,0.4146341463414634,0.551219512195122,0.7714285714285715,2013-08-19,Ete
3637,201334,24,CENTRE,-2.4107142857142856,169.55357142857142,3.0187500000000003,292.6973214285714,284.15714285714284,61.276785714285715,24928.571428571428,53.56382978723404,3.0,3264.102564102564,100344.19642857143,287.31071428571425,297.5892857142857,284.43571428571425,5.894642857142857,-10.0,0.0,0.0,-45.0,0.075,0.2232142857142857,0.3,0.8642857142857142,0.9357142857142858,2013-08-19,Ete
3638,201334,21,CHAMPAGNE-ARDENNE,-0.5405405405405406,201.1711711711712,2.637837837837838,291.14639639639637,284.42657657657657,68.62162162162163,19729.72972972973,69.73214285714286,2.391304347826087,2167.9245283018868,100597.2072072072,285.2,296.75357142857143,282.43571428571425,5.036036036036036,-10.0,0.0,0.0,-45.55555555555556,0.1405405405405405,0.3423423423423423,0.25,1.35,2.692857142857143,2013-08-19,Ete
3639,201334,94,CORSE,-14.553571428571429,158.92857142857142,3.2660714285714287,297.2888888888889,289.76574074074074,64.06481481481481,33027.232142857145,29.782608695652176,1.7837837837837838,1148.148148148148,101345.89285714286,293.2083333333333,300.51666666666665,291.0071428571428,5.4875,-10.0,0.0,0.0,-43.97727272727273,0.0,0.0,0.0,0.0,0.0,2013-08-19,Ete
3640,201334,43,FRANCHE-COMTE,-5.585585585585585,223.66071428571428,2.617857142857143,291.5419642857143,284.98125,68.35714285714286,36066.96428571428,65.73529411764706,2.2666666666666666,1990.3389830508472,98882.85714285714,287.01785714285717,296.375,284.57857142857137,5.324107142857143,-10.0,0.0,0.0,-42.5,0.0504504504504504,0.3836363636363636,1.3071428571428572,1.5333333333333332,3.269230769230769,2013-08-19,Ete
3641,201334,23,HAUTE-NORMANDIE,1.25,184.6428571428571,4.08125,290.2455357142857,285.7107142857143,76.61607142857143,20981.25,61.02564102564103,3.689655172413793,2180.144927536232,100899.10714285714,286.8464285714286,293.48928571428576,282.15,6.515178571428572,-10.0,0.0,0.0,-41.73913043478261,0.1441441441441441,0.2846846846846847,0.6214285714285713,1.1777777777777778,2.4692307692307693,2013-08-19,Ete
3642,201334,91,LANGUEDOC-ROUSSILLON,-7.297297297297297,217.6576576576577,3.9351351351351354,295.52567567567564,286.90315315315314,61.78378378378378,39956.75675675676,49.310344827586206,3.6,1947.462686567164,100821.26126126126,291.025,300.0,289.0071428571428,6.727927927927928,-10.0,0.0,0.0,-46.55172413793103,0.009009009009009,0.027027027027027,0.0,0.0888888888888888,0.0307692307692307,2013-08-19,Ete
3643,201334,74,LIMOUSIN,-7.142857142857143,165.53571428571428,3.3,291.81607142857143,284.31071428571425,65.25,48396.55172413793,58.97260273972603,3.3,2166.55737704918,98820.89285714286,286.69642857142856,296.9214285714285,283.93571428571425,5.8428571428571425,-10.0,0.0,0.0,-45.0,0.0678571428571428,0.2464285714285714,0.7214285714285714,0.9642857142857144,0.1428571428571428,2013-08-19,Ete
3644,201334,41,LORRAINE,0.8518339768339769,193.21428571428572,3.340515796260477,284.8620535714286,280.4638392857143,76.875,22941.964285714286,77.08380069025021,4.472972972972973,1404.9461206896551,100070.444015444,281.3357142857143,288.05357142857144,279.2928571428571,6.159821428571428,-10.0,0.0,0.0,-45.0,0.05740025740025735,0.18908730158730155,0.3345238095238095,0.7571428571428571,1.5214285714285716,2013-08-19,Ete
3645,201334,73,MIDI-PYRENEES,-6.428571428571429,227.32142857142856,2.7241071428571426,293.2714285714286,287.25,71.63392857142857,34932.91139240506,62.166666666666664,5.081081081081081,1334.107142857143,98615.26785714286,288.6642857142857,297.94642857142856,286.22142857142853,5.2803571428571425,-10.0,0.0,0.0,-44.69387755102041,0.0232142857142857,0.0785714285714285,0.0928571428571428,0.2928571428571428,0.4428571428571429,2013-08-19,Ete
3646,201334,31,NORD-PAS-DE-CALAIS,2.4107142857142856,162.05357142857142,3.294642857142857,291.23660714285717,285.55892857142857,73.38392857142857,20651.785714285714,60.36144578313253,3.6973684210526314,2511.1111111111113,101113.21428571428,287.1607142857143,295.22499999999997,285.8642857142857,5.654464285714285,-10.0,0.0,0.0,-43.421052631578945,0.1714285714285714,0.4089285714285715,0.9142857142857144,1.6642857142857144,3.25,2013-08-19,Ete
3647,201334,52,PAYS-DE-LA-LOIRE,0.8518339768339769,193.21428571428572,3.340515796260477,284.8620535714286,280.4638392857143,76.875,22941.964285714286,77.08380069025021,4.472972972972973,1404.9461206896551,100070.444015444,281.3357142857143,288.05357142857144,279.2928571428571,6.159821428571428,-10.0,0.0,0.0,-45.0,0.05740025740025735,0.18908730158730155,0.3345238095238095,0.7571428571428571,1.5214285714285716,2013-08-19,Ete
3648,201334,22,PICARDIE,2.4107142857142856,162.05357142857142,3.294642857142857,291.23660714285717,285.55892857142857,73.38392857142857,20651.785714285714,60.36144578313253,3.6973684210526314,2511.1111111111113,101113.21428571428,287.1607142857143,295.22499999999997,285.8642857142857,5.654464285714285,-10.0,0.0,0.0,-43.421052631578945,0.1714285714285714,0.4089285714285715,0.9142857142857144,1.6642857142857144,3.25,2013-08-19,Ete
3649,201334,54,POITOU-CHARENTES,-5.446428571428571,166.42857142857142,3.0151785714285713,292.4741071428571,284.36339285714286,62.982142857142854,34376.470588235294,54.5945945945946,3.1463414634146343,2765.254237288136,100178.21428571428,286.57142857142856,297.99285714285713,283.65,5.715178571428572,-10.0,0.0,0.0,-45.34883720930232,0.0517857142857142,0.1625,0.3642857142857142,0.6571428571428571,0.2142857142857143,2013-08-19,Ete
3650,201334,93,PROVENCE-ALPES-COTE-D-AZUR,0.8518339768339769,193.21428571428572,3.340515796260477,284.8620535714286,280.4638392857143,76.875,22941.964285714286,77.08380069025021,4.472972972972973,1404.9461206896551,100070.444015444,281.3357142857143,288.05357142857144,279.2928571428571,6.159821428571428,-10.0,0.0,0.0,-45.0,0.05740025740025735,0.18908730158730155,0.3345238095238095,0.7571428571428571,1.5214285714285716,2013-08-19,Ete
3651,201334,11,ILE-DE-FRANCE,-0.5357142857142857,174.64285714285714,3.1089285714285713,292.3589285714286,284.3071428571429,63.214285714285715,25410.714285714286,51.339285714285715,2.8372093023255816,3411.7021276595747,100785.71428571428,287.3428571428571,296.86428571428576,283.72142857142853,5.858928571428572,-10.0,0.0,0.0,-45.0,0.1071428571428571,0.3071428571428571,0.5857142857142856,1.157142857142857,1.5,2013-08-19,Ete
3652,201334,82,RHONE-ALPES,-5.714285714285714,204.82142857142856,3.107142857142857,293.88214285714287,285.325,60.607142857142854,37321.42857142857,37.31481481481482,2.257142857142857,3225.675675675676,98958.57142857143,289.60714285714283,298.65000000000003,287.15,5.976785714285714,-10.0,0.0,0.0,-45.0,0.0142857142857142,0.2857142857142857,1.1428571428571428,1.2142857142857142,2.371428571428571,2013-08-19,Ete
3653,201333,42,ALSACE,-5.089285714285714,203.30357142857144,2.05,292.4544642857143,284.4875,63.32142857142857,45026.78571428572,90.52631578947368,4.472972972972973,1738.4615384615386,99695.08928571428,286.49285714285713,298.1464285714286,283.57857142857137,4.340178571428572,-10.0,0.0,0.0,-45.0,0.0303571428571428,0.0821428571428571,0.2857142857142857,0.3214285714285714,0.6,2013-08-12,Ete
3654,201333,72,AQUITAINE,-0.8035714285714286,224.375,2.711607142857143,295.4276785714286,286.2107142857143,59.410714285714285,43956.25,36.25,1.1206896551724137,3620.0,100752.5,289.2607142857143,300.825,286.72142857142853,4.950892857142857,-10.0,0.0,0.0,-46.55172413793103,0.0035714285714285,0.0126126126126126,0.0296296296296296,0.037037037037037,0.1076923076923076,2013-08-12,Ete
3655,201333,83,AUVERGNE,-4.363636363636363,119.45454545454544,1.6272727272727272,293.10818181818183,284.79545454545456,61.41818181818182,39196.42857142857,28.839285714285715,1.4878048780487805,3621.951219512195,98131.81818181818,287.04285714285714,298.14285714285717,284.72142857142853,4.156363636363636,-10.0,0.0,0.0,-45.30612244897959,0.0,0.0,0.0,0.0,0.0,2013-08-12,Ete
3656,201333,25,BASSE-NORMANDIE,-7.232142857142857,217.8571428571429,3.0169642857142853,290.9830357142857,285.1294642857143,71.52678571428571,31143.75,71.19736842105263,3.75,1635.0,100704.82142857143,286.0285714285714,295.65000000000003,282.3642857142857,5.632142857142857,-10.0,0.0,0.0,-45.0,0.0196428571428571,0.0321428571428571,0.0214285714285714,0.1214285714285714,0.2428571428571428,2013-08-12,Ete
3657,201333,26,BOURGOGNE,-5.0,204.6428571428571,2.4160714285714286,293.1410714285715,283.9973214285714,58.44642857142857,37125.0,54.404761904761905,1.7307692307692308,3379.7297297297296,99636.25,286.7285714285714,298.625,284.65,4.855357142857143,-10.0,0.0,0.0,-45.55555555555556,0.0,0.0,0.0,0.0,0.0,2013-08-12,Ete
3658,201333,53,BRETAGNE,-7.857142857142857,240.0,3.4303571428571424,290.5678571428572,286.12857142857143,77.42857142857143,29648.299319727892,72.63559322033899,4.375,1250.8196721311476,101223.45238095238,286.43571428571425,294.35238095238094,281.15,6.123214285714286,-10.0,0.0,0.0,-44.44444444444444,0.0431137724550898,0.0958083832335329,0.1951219512195122,0.3804878048780488,0.8285714285714285,2013-08-12,Ete
3659,201333,24,CENTRE,-6.339285714285714,218.92857142857144,2.638392857142857,293.125,284.50892857142856,60.455357142857146,29419.64285714286,48.53932584269663,2.6621621621621623,3082.0,100433.125,287.35714285714283,298.11785714285713,283.93571428571425,5.234821428571428,-10.0,0.0,0.0,-45.18072289156626,0.0071428571428571,0.009009009009009,0.0,0.0,0.0,2013-08-12,Ete
3660,201333,21,CHAMPAGNE-ARDENNE,-7.207207207207207,211.53153153153153,2.49009009009009,291.5184684684685,284.5536036036036,67.54954954954955,22864.864864864863,70.27272727272727,2.7777777777777777,2108.620689655173,100653.51351351352,285.32142857142856,297.3607142857143,281.22142857142853,4.725225225225225,-10.0,0.0,0.0,-45.55555555555556,0.0072072072072072,0.018018018018018,0.0,0.05,0.0999999999999999,2013-08-12,Ete
3661,201333,94,CORSE,4.910714285714286,145.53571428571428,2.9214285714285713,297.8707207207207,291.4654545454546,68.83636363636364,39151.78571428572,25.113636363636363,1.3428571428571427,1706.164383561644,101467.58928571428,293.8462962962963,301.31666666666666,291.07857142857137,4.677678571428571,-10.0,0.0,0.0,-43.285714285714285,0.0,0.0018867924528301,0.0071428571428571,0.0083333333333333,0.0181818181818181,2013-08-12,Ete
3662,201333,43,FRANCHE-COMTE,-4.553571428571429,225.3571428571429,2.124107142857143,292.51160714285714,284.8544642857143,64.46428571428571,40955.357142857145,48.813559322033896,1.7173913043478262,1876.3636363636365,98991.60714285714,286.21785714285716,297.9642857142857,283.65,4.422321428571428,-10.0,0.0,0.0,-43.125,0.0,0.0017857142857142,0.0,0.0,0.0,2013-08-12,Ete
3663,201333,23,HAUTE-NORMANDIE,-7.767857142857143,236.21621621621625,4.075675675675676,290.29684684684685,286.34549549549547,79.26126126126127,24669.696969696968,64.825,3.6769230769230767,2230.8536585365855,100917.05357142857,287.4107142857143,293.40000000000003,280.2928571428571,6.444642857142857,-10.0,0.0,0.0,-45.0,0.0446428571428571,0.1464285714285714,0.3642857142857142,0.6357142857142858,0.7999999999999999,2013-08-12,Ete
3664,201333,91,LANGUEDOC-ROUSSILLON,-0.2678571428571428,200.9821428571429,2.8580357142857147,297.01160714285714,287.46785714285716,58.151785714285715,47053.57142857143,35.75,1.1132075471698113,4202.0,100861.42857142857,291.35,301.83214285714286,289.15,5.169642857142857,-10.0,0.0,0.0,-46.15384615384615,0.0035714285714285,0.0124999999999999,0.0285714285714285,0.0357142857142857,0.0999999999999999,2013-08-12,Ete
3665,201333,74,LIMOUSIN,-3.0357142857142856,169.90740740740742,2.9416666666666664,292.63571428571424,284.6732142857143,62.50892857142857,58771.929824561405,41.74242424242424,1.5714285714285714,3111.2244897959185,98925.08928571428,286.9321428571429,297.6392857142857,283.8642857142857,5.386111111111112,-10.0,0.0,0.0,-44.21052631578947,0.0017857142857142,0.0017857142857142,0.0,0.0071428571428571,0.0142857142857142,2013-08-12,Ete
3666,201333,41,LORRAINE,0.8518339768339769,193.21428571428572,3.340515796260477,284.8620535714286,280.4638392857143,76.875,22941.964285714286,77.08380069025021,4.472972972972973,1404.9461206896551,100070.444015444,281.3357142857143,288.05357142857144,279.2928571428571,6.159821428571428,-10.0,0.0,0.0,-45.0,0.05740025740025735,0.18908730158730155,0.3345238095238095,0.7571428571428571,1.5214285714285716,2013-08-12,Ete
3667,201333,73,MIDI-PYRENEES,-0.8035714285714286,202.5,2.101785714285714,295.1732142857143,287.47767857142856,65.19642857142857,41222.22222222222,38.94736842105263,1.7179487179487178,3214.7727272727275,98628.21428571428,289.0964285714286,300.425,286.65,4.494642857142857,-10.0,0.0,0.0,-45.625,0.0303571428571428,0.2107142857142857,0.8214285714285714,0.8285714285714285,1.6857142857142855,2013-08-12,Ete
3668,201333,31,NORD-PAS-DE-CALAIS,-7.321428571428571,240.625,3.3919642857142853,291.07589285714283,285.49642857142857,72.11607142857143,30508.928571428572,68.57142857142857,4.308641975308642,1446.341463414634,101116.96428571428,287.5964285714286,294.59999999999997,285.57857142857137,5.964285714285714,-10.0,0.0,0.0,-43.63636363636363,0.0142857142857142,0.0642857142857143,0.0571428571428571,0.2642857142857143,0.4571428571428572,2013-08-12,Ete
3669,201333,52,PAYS-DE-LA-LOIRE,0.8518339768339769,193.21428571428572,3.340515796260477,284.8620535714286,280.4638392857143,76.875,22941.964285714286,77.08380069025021,4.472972972972973,1404.9461206896551,100070.444015444,281.3357142857143,288.05357142857144,279.2928571428571,6.159821428571428,-10.0,0.0,0.0,-45.0,0.05740025740025735,0.18908730158730155,0.3345238095238095,0.7571428571428571,1.5214285714285716,2013-08-12,Ete
3670,201333,22,PICARDIE,-7.321428571428571,240.625,3.3919642857142853,291.07589285714283,285.49642857142857,72.11607142857143,30508.928571428572,68.57142857142857,4.308641975308642,1446.341463414634,101116.96428571428,287.5964285714286,294.59999999999997,285.57857142857137,5.964285714285714,-10.0,0.0,0.0,-43.63636363636363,0.0142857142857142,0.0642857142857143,0.0571428571428571,0.2642857142857143,0.4571428571428572,2013-08-12,Ete
3671,201333,54,POITOU-CHARENTES,-4.196428571428571,198.75,2.5839285714285714,292.91964285714283,284.7241071428571,62.25892857142857,38988.09523809524,47.68115942028985,1.94,3122.549019607843,100291.33928571428,286.65714285714284,298.3357142857143,283.72142857142853,4.985714285714286,-10.0,0.0,0.0,-45.38461538461539,0.0017857142857142,0.0017857142857142,0.0,0.0071428571428571,0.0142857142857142,2013-08-12,Ete
3672,201333,93,PROVENCE-ALPES-COTE-D-AZUR,0.8518339768339769,193.21428571428572,3.340515796260477,284.8620535714286,280.4638392857143,76.875,22941.964285714286,77.08380069025021,4.472972972972973,1404.9461206896551,100070.444015444,281.3357142857143,288.05357142857144,279.2928571428571,6.159821428571428,-10.0,0.0,0.0,-45.0,0.05740025740025735,0.18908730158730155,0.3345238095238095,0.7571428571428571,1.5214285714285716,2013-08-12,Ete
3673,201333,11,ILE-DE-FRANCE,-7.321428571428571,242.5,2.880357142857143,292.78214285714284,284.925,63.357142857142854,29642.85714285714,49.910714285714285,3.1666666666666665,2554.1666666666665,100854.82142857143,287.5,297.5,282.72142857142853,5.5,-10.0,0.0,0.0,-45.0,0.0142857142857142,0.0181818181818181,0.0,0.0,0.0,2013-08-12,Ete
3674,201333,82,RHONE-ALPES,-5.535714285714286,210.3571428571429,3.101785714285714,294.7285714285714,285.86607142857144,59.357142857142854,36553.57142857143,19.454545454545453,1.1794871794871795,4481.578947368421,99067.85714285714,288.9714285714286,299.05,286.0071428571428,5.482142857142857,-10.0,0.0,0.0,-44.72727272727273,0.0,0.0,0.0,0.0,0.0,2013-08-12,Ete
3675,201332,42,ALSACE,-1.7857142857142858,193.125,2.2392857142857143,293.58035714285717,287.8,71.91071428571429,36425.892857142855,94.48979591836736,4.472972972972973,1243.6065573770493,99550.89285714286,289.4142857142857,297.675,287.93571428571425,4.676785714285714,-10.0,0.0,0.0,-45.0,0.0714285714285714,0.2946428571428571,0.4142857142857142,1.2214285714285715,2.414285714285714,2013-08-05,Ete
3676,201332,72,AQUITAINE,-0.1785714285714285,241.875,3.005357142857143,294.0,288.0705357142857,71.01785714285714,39240.0,64.95876288659794,4.288135593220339,1231.6455696202531,100765.98214285714,290.09285714285716,297.9392857142857,288.57857142857137,5.6375,-10.0,0.0,0.0,-46.0,0.1642857142857142,0.4339285714285714,0.7928571428571428,1.7428571428571429,3.4499999999999997,2013-08-05,Ete
3677,201332,83,AUVERGNE,-0.3571428571428571,117.14285714285714,1.6928571428571428,292.5214285714286,287.53035714285716,74.875,27187.5,54.27272727272727,4.0,1320.5882352941176,98018.03571428572,288.57142857142856,297.07142857142856,286.8642857142857,4.491071428571429,-10.0,0.0,0.0,-45.0,0.6,2.04,5.616666666666667,8.600000000000001,15.957142857142856,2013-08-05,Ete
3678,201332,25,BASSE-NORMANDIE,-0.4464285714285714,181.78571428571428,2.753571428571429,291.05892857142857,285.68125,73.23214285714286,26104.545454545456,83.2089552238806,4.818181818181818,1249.382716049383,100613.92857142857,287.1821428571429,295.46785714285716,283.15,5.216964285714285,-10.0,0.0,0.0,-45.0,0.0214285714285714,0.1017857142857142,0.0428571428571428,0.3999999999999999,0.75,2013-08-05,Ete
3679,201332,26,BOURGOGNE,-1.1607142857142858,227.7678571428571,2.40625,293.1035714285714,287.19642857142856,71.02678571428571,29604.464285714286,82.02898550724638,4.142857142857143,1460.0,99518.48214285714,288.6642857142857,297.1928571428571,287.57857142857137,4.867857142857143,-10.0,0.0,0.0,-45.0,0.0857142857142857,0.2482142857142857,0.4071428571428571,1.0071428571428571,2.0214285714285714,2013-08-05,Ete
3680,201332,53,BRETAGNE,5.0,227.97619047619048,3.2434523809523808,290.79523809523806,286.4577380952381,77.32738095238095,31557.241379310344,80.16528925619835,5.372093023255814,1149.6774193548388,101130.77380952382,287.8285714285714,294.0309523809524,284.07857142857137,5.939880952380952,-10.0,0.0,0.0,-45.0,0.0226190476190476,0.0666666666666666,0.1285714285714286,0.2619047619047619,0.5642857142857143,2013-08-05,Ete
3681,201332,24,CENTRE,-1.25,224.55357142857144,2.4482142857142857,292.69374999999997,286.2910714285714,68.83928571428571,26187.5,65.82474226804123,3.618421052631579,1768.8172043010752,100328.125,288.0571428571429,297.13571428571424,285.57857142857137,5.116964285714286,-10.0,0.0,0.0,-45.2054794520548,0.0517857142857142,0.2517857142857143,0.35,1.0071428571428571,2.0142857142857142,2013-08-05,Ete
3682,201332,21,CHAMPAGNE-ARDENNE,-1.6964285714285714,229.7321428571429,2.5812500000000003,292.0357142857143,286.2446428571429,71.83928571428571,20208.035714285714,79.35185185185185,4.148148148148148,1382.394366197183,100528.92857142857,286.69642857142856,297.32142857142856,283.43571428571425,5.038392857142857,-10.0,0.0,0.0,-45.0,0.0428571428571428,0.1767857142857143,0.2285714285714286,0.7,1.407142857142857,2013-08-05,Ete
3683,201332,94,CORSE,-6.25,147.94642857142858,3.180357142857143,298.86160714285717,290.26339285714283,61.38392857142857,36178.57142857143,36.95652173913044,1.640625,1934.375,101301.96428571428,294.37142857142857,302.89285714285717,291.43571428571425,5.991964285714286,-10.0,0.0,0.0,-44.21052631578947,0.0666666666666666,0.1925925925925926,0.6296296296296297,0.674074074074074,1.6454545454545453,2013-08-05,Ete
3684,201332,43,FRANCHE-COMTE,-1.6071428571428572,209.91071428571428,2.2348214285714287,293.4428571428571,288.24821428571425,74.25892857142857,28765.178571428572,70.57692307692308,2.8979591836734695,1331.1538461538462,98857.14285714286,289.4107142857143,297.37142857142857,288.15,4.802678571428571,-10.0,0.0,0.0,-43.2,0.0964285714285714,0.3464285714285714,0.8071428571428572,1.45,4.164285714285715,2013-08-05,Ete
3685,201332,23,HAUTE-NORMANDIE,0.625,203.03571428571428,3.7607142857142857,290.36785714285713,286.31339285714284,78.5,23939.39393939394,74.62962962962963,4.173913043478261,1665.6470588235295,100845.35714285714,287.63214285714287,293.425,282.15,6.223214285714286,-10.0,0.0,0.0,-45.6,0.05,0.1803571428571428,0.6642857142857144,0.7000000000000001,1.2071428571428573,2013-08-05,Ete
3686,201332,91,LANGUEDOC-ROUSSILLON,-1.0714285714285714,231.16071428571428,4.191964285714286,296.3910714285715,288.74375,65.39285714285714,40722.32142857143,55.670103092783506,3.941176470588235,1103.3783783783783,100823.75,292.2285714285714,299.9642857142857,291.0071428571428,6.909821428571428,-10.0,0.0,0.0,-45.51724137931034,0.2946428571428571,0.4946428571428571,1.1785714285714286,1.9642857142857144,3.9785714285714286,2013-08-05,Ete
3687,201332,74,LIMOUSIN,-1.7857142857142858,213.86138613861385,2.415841584158416,291.4294642857143,287.1482142857143,77.86607142857143,42594.91525423729,78.4320987654321,4.775510204081633,1146.625,98858.21428571428,287.51785714285717,295.3464285714286,285.57857142857137,4.613131313131313,-10.0,0.0,0.0,-45.0,0.0571428571428571,0.3446428571428571,1.05,1.3857142857142857,2.814285714285714,2013-08-05,Ete
3688,201332,41,LORRAINE,0.8518339768339769,193.21428571428572,3.340515796260477,284.8620535714286,280.4638392857143,76.875,22941.964285714286,77.08380069025021,4.472972972972973,1404.9461206896551,100070.444015444,281.3357142857143,288.05357142857144,279.2928571428571,6.159821428571428,-10.0,0.0,0.0,-45.0,0.05740025740025735,0.18908730158730155,0.3345238095238095,0.7571428571428571,1.5214285714285716,2013-08-05,Ete
3689,201332,73,MIDI-PYRENEES,-0.4464285714285714,248.83928571428572,2.804464285714286,293.8625,288.5366071428571,73.67857142857143,34818.072289156626,68.3108108108108,4.888888888888889,1020.3125,98648.48214285714,289.825,297.48214285714283,288.2928571428571,5.260714285714286,-10.0,0.0,0.0,-44.44444444444444,0.2071428571428571,0.4553571428571428,0.7142857142857143,1.8785714285714288,3.728571428571428,2013-08-05,Ete
3690,201332,31,NORD-PAS-DE-CALAIS,-2.857142857142857,209.0178571428571,3.4366071428571425,290.73214285714283,285.59285714285716,74.21428571428571,24201.785714285714,69.10843373493977,4.259740259740259,2027.2151898734176,101063.48214285714,287.37142857142857,294.52500000000003,285.65,6.0687500000000005,-10.0,0.0,0.0,-44.61538461538461,0.0839285714285714,0.1892857142857142,0.6071428571428571,0.7571428571428571,1.5214285714285718,2013-08-05,Ete
3691,201332,52,PAYS-DE-LA-LOIRE,0.8518339768339769,193.21428571428572,3.340515796260477,284.8620535714286,280.4638392857143,76.875,22941.964285714286,77.08380069025021,4.472972972972973,1404.9461206896551,100070.444015444,281.3357142857143,288.05357142857144,279.2928571428571,6.159821428571428,-10.0,0.0,0.0,-45.0,0.05740025740025735,0.18908730158730155,0.3345238095238095,0.7571428571428571,1.5214285714285716,2013-08-05,Ete
3692,201332,22,PICARDIE,-2.857142857142857,209.0178571428571,3.4366071428571425,290.73214285714283,285.59285714285716,74.21428571428571,24201.785714285714,69.10843373493977,4.259740259740259,2027.2151898734176,101063.48214285714,287.37142857142857,294.52500000000003,285.65,6.0687500000000005,-10.0,0.0,0.0,-44.61538461538461,0.0839285714285714,0.1892857142857142,0.6071428571428571,0.7571428571428571,1.5214285714285718,2013-08-05,Ete
3693,201332,54,POITOU-CHARENTES,-1.7857142857142858,225.3571428571429,2.2330357142857142,292.3857142857143,287.1723214285714,73.875,30954.02298850575,76.40243902439025,4.132075471698113,1485.3658536585365,100199.10714285714,288.09285714285716,296.5285714285714,286.15,4.552678571428571,-10.0,0.0,0.0,-45.0,0.075,0.2446428571428571,0.3785714285714285,0.9857142857142858,1.9928571428571429,2013-08-05,Ete
3694,201332,93,PROVENCE-ALPES-COTE-D-AZUR,0.8518339768339769,193.21428571428572,3.340515796260477,284.8620535714286,280.4638392857143,76.875,22941.964285714286,77.08380069025021,4.472972972972973,1404.9461206896551,100070.444015444,281.3357142857143,288.05357142857144,279.2928571428571,6.159821428571428,-10.0,0.0,0.0,-45.0,0.05740025740025735,0.18908730158730155,0.3345238095238095,0.7571428571428571,1.5214285714285716,2013-08-05,Ete
3695,201332,11,ILE-DE-FRANCE,-1.4285714285714286,211.25,2.5839285714285714,292.3232142857143,285.61785714285713,67.51785714285714,28660.714285714286,58.0188679245283,3.3125,1934.6938775510205,100751.25,287.5285714285714,297.0357142857143,283.72142857142853,5.305357142857143,-10.0,0.0,0.0,-45.283018867924525,0.0392857142857142,0.1999999999999999,0.4285714285714285,0.7999999999999999,1.585714285714286,2013-08-05,Ete
3696,201332,82,RHONE-ALPES,0.0,196.96428571428572,3.2339285714285713,294.39285714285717,288.05892857142857,69.96428571428571,29767.85714285714,45.535714285714285,2.466666666666667,1701.1363636363635,98969.64285714286,290.7857142857143,298.0642857142857,288.57857142857137,6.1553571428571425,-10.0,0.0,0.0,-45.0,0.2035714285714285,0.7345454545454545,1.6428571428571428,2.871428571428571,5.700000000000001,2013-08-05,Ete
3697,201331,42,ALSACE,8.660714285714286,206.96428571428572,2.586607142857143,296.07142857142856,288.43839285714284,65.1875,44107.142857142855,92.70833333333331,4.472972972972973,1370.377358490566,99640.80357142857,291.4678571428571,300.51785714285717,289.43571428571425,5.264285714285714,-10.0,0.0,0.0,-45.0,0.0214285714285714,0.0288288288288288,0.0714285714285714,0.1185185185185185,4.861538461538461,2013-07-29,Ete
3698,201331,72,AQUITAINE,3.75,195.2678571428571,3.6776785714285714,297.5392857142857,288.23839285714286,58.94642857142857,43759.375,43.31395348837209,2.7142857142857144,2121.323529411765,100691.60714285714,292.59999999999997,302.3,291.22142857142853,6.800000000000001,-10.0,0.0,0.0,-46.19047619047619,0.036036036036036,0.1037037037037037,0.3925925925925926,0.5037037037037037,1.869230769230769,2013-07-29,Ete
3699,201331,83,AUVERGNE,10.181818181818182,209.0909090909091,2.9909090909090907,296.50636363636363,286.09727272727275,55.4,36709.09090909091,36.94444444444444,3.076923076923077,1896.1538461538464,98090.90909090907,291.0,301.14285714285717,288.72142857142853,6.347272727272728,-10.0,0.0,0.0,-45.55555555555556,0.0074074074074074,0.0196078431372549,0.0,0.1428571428571428,1.5,2013-07-29,Ete
3700,201331,25,BASSE-NORMANDIE,15.909090909090908,209.1818181818182,4.002727272727273,293.53545454545457,287.8590909090909,73.2,30395.327102803734,65.97222222222223,4.1875,1191.6666666666667,100394.27272727272,288.9785714285714,298.0392857142857,285.93571428571425,7.175454545454546,-10.0,0.0,0.0,-45.57692307692308,0.0454545454545454,0.1163636363636363,0.2,0.5571428571428572,1.042857142857143,2013-07-29,Ete
3701,201331,26,BOURGOGNE,8.214285714285714,204.6428571428571,2.8375,295.8285714285715,288.01964285714286,64.83035714285714,32651.785714285714,72.66129032258064,3.4761904761904763,1753.8983050847455,99559.91071428572,290.6607142857143,300.71785714285716,289.07857142857137,5.579464285714286,-10.0,0.0,0.0,-45.55555555555556,0.0285714285714285,0.0803571428571428,0.7000000000000001,0.7785714285714286,5.892857142857143,2013-07-29,Ete
3702,201331,53,BRETAGNE,12.61904761904762,206.48809523809524,5.039285714285715,292.1041666666667,288.1970238095238,79.67261904761905,27153.401360544216,74.51754385964912,5.079545454545454,835.6910569105692,100774.58333333331,289.32142857142856,295.247619047619,287.5071428571428,8.79107142857143,-10.0,0.0,0.0,-45.6,0.0345238095238095,0.1154761904761904,0.2714285714285714,0.4714285714285714,2.2714285714285714,2013-07-29,Ete
3703,201331,24,CENTRE,9.196428571428571,211.16071428571428,3.30625,295.94821428571424,287.5026785714286,62.517857142857146,28330.35714285714,49.0,3.2419354838709675,2103.2894736842104,100266.07142857143,290.625,301.0571428571429,288.72142857142853,6.4750000000000005,-10.0,0.0,0.0,-45.36585365853659,0.0071428571428571,0.1053571428571428,0.8071428571428572,1.0571428571428572,2.15,2013-07-29,Ete
3704,201331,21,CHAMPAGNE-ARDENNE,9.910714285714286,195.0,3.25,295.3491071428571,288.1142857142857,67.35714285714286,20817.85714285714,69.82142857142857,3.9047619047619047,1422.857142857143,100493.30357142857,290.3392857142857,300.5571428571429,287.65,6.1875,-10.0,0.0,0.0,-44.44444444444444,0.0499999999999999,0.1410714285714285,0.1928571428571428,0.5857142857142856,1.2,2013-07-29,Ete
3705,201331,94,CORSE,5.267857142857143,151.69642857142858,3.224107142857143,299.2690909090909,290.20454545454544,59.3,39455.357142857145,12.444444444444445,1.2,1673.75,101619.19642857143,294.9685185185185,303.3685185185185,291.43571428571425,5.254464285714286,-10.0,0.0,0.0,-43.714285714285715,0.0,0.0222222222222222,0.0923076923076923,0.096,0.2166666666666666,2013-07-29,Ete
3706,201331,43,FRANCHE-COMTE,8.660714285714286,202.2321428571429,2.3598214285714287,295.5151785714285,288.83035714285717,68.88392857142857,33732.142857142855,62.5,2.75,1512.9411764705883,98966.69642857143,290.99642857142857,300.12142857142857,289.07857142857137,4.945535714285714,-10.0,0.0,0.0,-42.857142857142854,0.0774774774774774,0.4036363636363636,0.925925925925926,1.776923076923077,8.46923076923077,2013-07-29,Ete
3707,201331,23,HAUTE-NORMANDIE,14.464285714285714,201.25,4.821428571428571,292.4089285714286,288.2089285714286,78.92857142857143,26359.0,56.125,3.672131147540984,1213.2432432432431,100557.58928571428,289.27142857142854,295.95,285.0071428571428,7.882142857142857,-10.0,0.0,0.0,-43.84615384615385,0.0527272727272727,0.2709090909090909,0.6222222222222222,0.953846153846154,1.9916666666666665,2013-07-29,Ete
3708,201331,91,LANGUEDOC-ROUSSILLON,5.982142857142857,191.33928571428572,3.9625,298.3482142857143,288.88214285714287,58.419642857142854,44433.92857142857,28.132530120481928,1.818181818181818,2791.176470588235,100925.35714285714,293.2214285714286,302.65000000000003,291.3642857142857,7.145045045045046,-10.0,0.0,0.0,-46.875,0.0198198198198198,0.0440366972477064,0.0962962962962963,0.2714285714285714,1.2714285714285716,2013-07-29,Ete
3709,201331,74,LIMOUSIN,8.035714285714286,202.8571428571429,3.1535714285714285,294.6723214285715,287.9214285714286,68.20535714285714,47042.372881355936,50.54794520547945,3.081081081081081,1639.2727272727273,98825.35714285714,290.05357142857144,299.0785714285715,287.3642857142857,5.928571428571429,-10.0,0.0,0.0,-45.0,0.0928571428571428,0.2267857142857142,0.6071428571428571,0.8642857142857142,1.7571428571428571,2013-07-29,Ete
3710,201331,41,LORRAINE,0.8518339768339769,193.21428571428572,3.340515796260477,284.8620535714286,280.4638392857143,76.875,22941.964285714286,77.08380069025021,4.472972972972973,1404.9461206896551,100070.444015444,281.3357142857143,288.05357142857144,279.2928571428571,6.159821428571428,-10.0,0.0,0.0,-45.0,0.05740025740025735,0.18908730158730155,0.3345238095238095,0.7571428571428571,1.5214285714285716,2013-07-29,Ete
3711,201331,73,MIDI-PYRENEES,4.553571428571429,205.08928571428572,3.189285714285714,296.9919642857143,288.59375,61.982142857142854,41617.07317073171,36.610169491525426,2.725,2497.0588235294117,98612.14285714286,291.66785714285714,301.86428571428576,289.5071428571428,6.41981981981982,-10.0,0.0,0.0,-45.283018867924525,0.027027027027027,0.0605504587155963,0.074074074074074,0.3214285714285714,1.4,2013-07-29,Ete
3712,201331,31,NORD-PAS-DE-CALAIS,14.642857142857142,197.67857142857144,3.794642857142857,293.75357142857143,287.83125,72.08928571428571,30575.89285714286,46.97530864197531,3.746268656716418,1755.2238805970148,100870.44642857143,289.95,297.8,288.07857142857137,6.779464285714285,-10.0,0.0,0.0,-44.0,0.0785714285714285,0.1464285714285714,0.3285714285714286,0.6,1.1785714285714286,2013-07-29,Ete
3713,201331,52,PAYS-DE-LA-LOIRE,0.8518339768339769,193.21428571428572,3.340515796260477,284.8620535714286,280.4638392857143,76.875,22941.964285714286,77.08380069025021,4.472972972972973,1404.9461206896551,100070.444015444,281.3357142857143,288.05357142857144,279.2928571428571,6.159821428571428,-10.0,0.0,0.0,-45.0,0.05740025740025735,0.18908730158730155,0.3345238095238095,0.7571428571428571,1.5214285714285716,2013-07-29,Ete
3714,201331,22,PICARDIE,14.642857142857142,197.67857142857144,3.794642857142857,293.75357142857143,287.83125,72.08928571428571,30575.89285714286,46.97530864197531,3.746268656716418,1755.2238805970148,100870.44642857143,289.95,297.8,288.07857142857137,6.779464285714285,-10.0,0.0,0.0,-44.0,0.0785714285714285,0.1464285714285714,0.3285714285714286,0.6,1.1785714285714286,2013-07-29,Ete
3715,201331,54,POITOU-CHARENTES,8.839285714285714,207.94642857142856,3.1714285714285713,295.4428571428571,288.26875,67.30357142857143,34160.91954022989,52.86666666666667,3.0,1726.7241379310344,100153.83928571428,290.1107142857143,300.42857142857144,287.65,5.942857142857143,-10.0,0.0,0.0,-45.55555555555556,0.0446428571428571,0.1107142857142857,0.7714285714285715,0.8928571428571429,1.8571428571428572,2013-07-29,Ete
3716,201331,93,PROVENCE-ALPES-COTE-D-AZUR,0.8518339768339769,193.21428571428572,3.340515796260477,284.8620535714286,280.4638392857143,76.875,22941.964285714286,77.08380069025021,4.472972972972973,1404.9461206896551,100070.444015444,281.3357142857143,288.05357142857144,279.2928571428571,6.159821428571428,-10.0,0.0,0.0,-45.0,0.05740025740025735,0.18908730158730155,0.3345238095238095,0.7571428571428571,1.5214285714285716,2013-07-29,Ete
3717,201331,11,ILE-DE-FRANCE,10.178571428571429,205.53571428571428,3.557142857142857,295.69107142857143,287.4035714285714,62.67857142857143,29910.714285714286,40.54545454545455,3.1219512195121952,2151.190476190476,100637.14285714286,290.7,300.5642857142857,288.2928571428571,6.964285714285714,-10.0,0.0,0.0,-45.27272727272727,0.0,0.1071428571428571,0.3571428571428571,0.7857142857142857,1.542857142857143,2013-07-29,Ete
3718,201331,82,RHONE-ALPES,5.454545454545454,188.72727272727272,3.5272727272727273,297.3118181818182,287.8445454545455,58.90909090909091,44772.72727272727,29.074074074074073,2.586206896551724,1865.5172413793105,99103.63636363635,292.5357142857143,300.6642857142857,290.43571428571425,6.834545454545454,-10.0,0.0,0.0,-45.0,0.0181818181818181,0.1418181818181818,0.7384615384615384,0.8428571428571429,4.457142857142857,2013-07-29,Ete
3719,201330,42,ALSACE,-3.2142857142857144,189.19642857142856,1.9732142857142856,297.76339285714283,290.05892857142857,65.63392857142857,32349.10714285714,94.47368421052632,4.472972972972973,1167.391304347826,99184.91071428572,292.575,303.39285714285717,290.43571428571425,4.678571428571429,-10.0,0.0,0.0,-45.0,0.2363636363636363,0.6090909090909091,1.4074074074074074,2.4814814814814814,0.5461538461538461,2013-07-22,Ete
3720,201330,72,AQUITAINE,0.5357142857142857,202.7678571428571,2.9910714285714284,298.48214285714283,291.0080357142857,66.0,23973.015873015873,60.41379310344828,2.65625,1644.125,100166.51785714286,293.66785714285714,303.94642857142856,291.65,5.751785714285715,-10.0,0.0,0.0,-46.59574468085106,0.0892857142857142,0.8232142857142858,2.642857142857143,3.2214285714285715,5.635714285714286,2013-07-22,Ete
3721,201330,83,AUVERGNE,-2.857142857142857,140.89285714285714,2.4,297.4982142857143,288.7785714285714,62.69642857142857,27214.285714285714,52.77777777777778,2.5510204081632653,2578.5714285714284,97604.64285714286,292.24285714285713,303.11428571428576,290.2928571428571,5.723214285714286,-10.0,0.0,0.0,-45.57692307692308,0.3320754716981132,1.0081632653061223,1.4285714285714286,3.4545454545454546,7.719999999999999,2013-07-22,Ete
3722,201330,25,BASSE-NORMANDIE,-9.196428571428571,164.10714285714286,2.7964285714285713,294.0580357142857,288.6410714285714,73.75892857142857,25521.978021978022,80.07692307692308,3.6944444444444446,1322.03125,100054.01785714286,290.0464285714286,298.48928571428576,287.5071428571428,5.496428571428572,-10.0,0.0,0.0,-45.0,0.2160714285714285,0.7446428571428572,0.6357142857142858,3.164285714285714,6.428571428571429,2013-07-22,Ete
3723,201330,26,BOURGOGNE,-1.9090909090909092,171.27272727272728,2.287272727272727,297.59363636363634,290.0672727272727,66.2909090909091,28437.272727272728,79.05172413793103,2.28,1877.3809523809523,99061.27272727272,292.29814814814813,302.9425925925926,290.7928571428571,4.826363636363636,-10.0,0.0,0.0,-46.8,0.3,0.8277777777777778,1.525925925925926,2.9384615384615387,1.5230769230769228,2013-07-22,Ete
3724,201330,53,BRETAGNE,-9.94047619047619,194.6428571428571,3.2083333333333335,291.989880952381,288.0208333333333,79.42857142857143,20270.344827586207,80.46428571428571,4.116279069767442,1113.274336283186,100494.88095238096,288.9690476190476,295.5595238095238,286.07857142857137,5.957142857142857,-10.0,0.0,0.0,-45.0,0.2232142857142857,0.5107142857142857,1.180952380952381,2.0523809523809526,3.75,2013-07-22,Ete
3725,201330,24,CENTRE,-2.909090909090909,171.0,2.5636363636363635,297.5318181818182,290.12454545454545,66.11818181818182,24018.18181818182,65.38461538461539,2.0759493670886076,2166.4772727272725,99813.36363636365,292.6277777777778,302.5870370370371,290.2928571428571,5.17909090909091,-10.0,0.0,0.0,-45.56962025316456,0.1345454545454545,0.4818181818181818,0.1214285714285714,1.2814814814814814,2.7142857142857144,2013-07-22,Ete
3726,201330,21,CHAMPAGNE-ARDENNE,-4.464285714285714,183.83928571428572,2.274107142857143,296.51160714285714,290.58125,72.52678571428571,18814.285714285714,78.30357142857143,2.3703703703703702,1791.071428571429,100071.875,291.82142857142856,302.675,289.2928571428571,5.176785714285714,-10.0,0.0,0.0,-44.44444444444444,0.2053571428571428,0.6612612612612613,1.5185185185185186,2.725925925925926,3.776923076923077,2013-07-22,Ete
3727,201330,94,CORSE,-0.9821428571428572,144.01785714285714,3.241964285714286,299.39181818181817,292.24363636363637,66.2,21883.928571428572,12.738095238095235,1.25,1582.4561403508771,101419.01785714286,295.26599999999996,302.906,292.65,5.203571428571428,-10.0,0.0,0.0,-43.6764705882353,0.0,0.0,0.0,0.0,0.0,2013-07-22,Ete
3728,201330,43,FRANCHE-COMTE,-2.9464285714285716,199.375,2.007142857142857,297.98839285714286,289.7294642857143,63.982142857142854,31063.39285714286,63.785714285714285,1.8333333333333333,1726.923076923077,98503.21428571428,292.4535714285714,303.84999999999997,290.43571428571425,4.54375,-10.0,0.0,0.0,-42.666666666666664,0.2654545454545454,0.6781818181818181,1.4074074074074074,2.6888888888888887,0.5923076923076922,2013-07-22,Ete
3729,201330,23,HAUTE-NORMANDIE,-10.892857142857142,170.35714285714286,3.308928571428571,292.23839285714286,288.62678571428575,80.875,19220.388349514564,79.51685393258427,4.388059701492537,1454.1379310344828,100299.64285714286,289.3,295.7214285714286,287.0071428571428,5.932142857142857,-10.0,0.0,0.0,-45.0,0.3081081081081081,0.7472727272727273,0.7407407407407407,3.076923076923077,6.583333333333333,2013-07-22,Ete
3730,201330,91,LANGUEDOC-ROUSSILLON,-3.6607142857142856,165.625,3.85,299.39375,292.2955357142857,66.875,23839.285714285714,47.083333333333336,3.2549019607843137,2115.151515151515,100446.875,295.04285714285714,303.3,293.22142857142853,6.622321428571429,-10.0,0.0,0.0,-46.95652173913044,0.0214285714285714,0.1339285714285714,0.0714285714285714,0.4642857142857143,0.1428571428571428,2013-07-22,Ete
3731,201330,74,LIMOUSIN,-2.5892857142857144,190.08928571428572,2.413392857142857,296.04910714285717,290.08125,71.57142857142857,35500.0,69.30555555555556,2.9454545454545453,1803.5384615384617,98328.75,291.19642857142856,301.1714285714285,289.5071428571428,4.819642857142857,-10.0,0.0,0.0,-45.0,0.3517857142857142,0.6054545454545454,0.3714285714285714,2.515384615384616,5.4750000000000005,2013-07-22,Ete
3732,201330,41,LORRAINE,0.8518339768339769,193.21428571428572,3.340515796260477,284.8620535714286,280.4638392857143,76.875,22941.964285714286,77.08380069025021,4.472972972972973,1404.9461206896551,100070.444015444,281.3357142857143,288.05357142857144,279.2928571428571,6.159821428571428,-10.0,0.0,0.0,-45.0,0.05740025740025735,0.18908730158730155,0.3345238095238095,0.7571428571428571,1.5214285714285716,2013-07-22,Ete
3733,201330,73,MIDI-PYRENEES,-1.0714285714285714,189.46428571428572,2.711607142857143,297.8151785714286,291.08035714285717,68.33928571428571,25109.756097560978,55.25,3.255813953488372,1732.321428571429,98103.48214285714,292.6928571428571,302.9785714285714,289.7928571428571,5.495535714285714,-10.0,0.0,0.0,-45.65217391304348,0.0267857142857142,0.2910714285714286,0.4285714285714285,1.1071428571428572,1.4214285714285717,2013-07-22,Ete
3734,201330,31,NORD-PAS-DE-CALAIS,-15.229357798165138,181.9811320754717,2.530188679245283,295.193119266055,289.1389908256881,71.63302752293578,25367.88990825688,67.83132530120481,2.8780487804878048,2498.170731707317,100599.54128440368,291.16785714285714,299.73928571428576,289.57857142857137,5.245283018867925,-10.0,0.0,0.0,-44.050632911392405,0.1504587155963302,0.7522935779816514,1.962962962962963,3.2714285714285714,6.514285714285714,2013-07-22,Ete
3735,201330,52,PAYS-DE-LA-LOIRE,0.8518339768339769,193.21428571428572,3.340515796260477,284.8620535714286,280.4638392857143,76.875,22941.964285714286,77.08380069025021,4.472972972972973,1404.9461206896551,100070.444015444,281.3357142857143,288.05357142857144,279.2928571428571,6.159821428571428,-10.0,0.0,0.0,-45.0,0.05740025740025735,0.18908730158730155,0.3345238095238095,0.7571428571428571,1.5214285714285716,2013-07-22,Ete
3736,201330,22,PICARDIE,-15.229357798165138,181.9811320754717,2.530188679245283,295.193119266055,289.1389908256881,71.63302752293578,25367.88990825688,67.83132530120481,2.8780487804878048,2498.170731707317,100599.54128440368,291.16785714285714,299.73928571428576,289.57857142857137,5.245283018867925,-10.0,0.0,0.0,-44.050632911392405,0.1504587155963302,0.7522935779816514,1.962962962962963,3.2714285714285714,6.514285714285714,2013-07-22,Ete
3737,201330,54,POITOU-CHARENTES,-2.0,192.72727272727272,2.435454545454545,296.7281818181818,290.6054545454545,71.5,26780.48780487805,70.54794520547945,2.7735849056603774,1829.516129032258,99654.54545454546,291.7351851851852,301.8425925925926,289.7928571428571,4.8109090909090915,-10.0,0.0,0.0,-46.8,0.1509090909090909,0.4407407407407407,0.4714285714285714,1.376,3.0999999999999996,2013-07-22,Ete
3738,201330,93,PROVENCE-ALPES-COTE-D-AZUR,0.8518339768339769,193.21428571428572,3.340515796260477,284.8620535714286,280.4638392857143,76.875,22941.964285714286,77.08380069025021,4.472972972972973,1404.9461206896551,100070.444015444,281.3357142857143,288.05357142857144,279.2928571428571,6.159821428571428,-10.0,0.0,0.0,-45.0,0.05740025740025735,0.18908730158730155,0.3345238095238095,0.7571428571428571,1.5214285714285716,2013-07-22,Ete
3739,201330,11,ILE-DE-FRANCE,-5.0,179.64285714285714,2.6035714285714286,297.41964285714283,289.7285714285714,64.625,25517.85714285714,63.27272727272727,1.9814814814814816,2193.75,100228.75,292.6642857142857,302.5142857142857,289.72142857142853,5.316071428571428,-10.0,0.0,0.0,-45.0,0.15,0.5464285714285714,0.0142857142857142,1.8,3.614285714285714,2013-07-22,Ete
3740,201330,82,RHONE-ALPES,-0.5357142857142857,174.46428571428572,3.5517857142857143,299.575,288.25892857142856,53.857142857142854,26410.714285714286,41.69642857142857,1.849056603773585,2994.705882352941,98626.96428571428,294.67857142857144,305.0285714285714,293.0071428571428,7.389285714285714,-10.0,0.0,0.0,-45.0,0.2142857142857142,0.5107142857142858,0.2857142857142857,1.6714285714285713,0.6,2013-07-22,Ete
3741,201329,42,ALSACE,-7.0,172.1818181818182,2.9872727272727273,296.68454545454546,287.12545454545455,57.59090909090909,32529.090909090908,92.27272727272728,4.472972972972973,1730.7692307692307,99739.18181818182,291.30384615384617,301.5192307692308,288.61153846153843,5.5663636363636355,-10.0,0.0,0.0,-45.0,0.04,0.0872727272727272,0.2222222222222222,0.3538461538461538,0.7583333333333333,2013-07-15,Ete
3742,201329,72,AQUITAINE,-7.321428571428571,180.0,2.6625,298.1928571428571,289.1821428571429,61.169642857142854,20809.23076923077,48.21176470588235,1.2096774193548387,3208.4615384615386,100653.48214285714,292.69642857142856,303.47499999999997,289.93571428571425,5.208035714285714,-10.0,0.0,0.0,-47.234042553191486,0.0018018018018018,0.0018018018018018,0.0,0.0074074074074074,0.0153846153846153,2013-07-15,Ete
3743,201329,83,AUVERGNE,-6.785714285714286,112.14285714285714,1.5517857142857143,295.64285714285717,286.5053571428571,59.75,25553.571428571428,39.285714285714285,1.4166666666666667,3023.9583333333335,98102.14285714286,289.5285714285714,300.9357142857143,285.8642857142857,3.918181818181818,-10.0,0.0,0.0,-44.72727272727273,0.0156862745098039,0.0204081632653061,0.0833333333333333,0.0769230769230769,0.1666666666666666,2013-07-15,Ete
3744,201329,25,BASSE-NORMANDIE,-11.17117117117117,118.73873873873872,3.2018018018018015,294.52117117117115,287.80855855855856,68.72072072072072,18419.090909090908,49.916666666666664,0.9555555555555556,4608.260869565217,100878.37837837836,288.9607142857143,299.4428571428571,285.3642857142857,5.95945945945946,-10.0,0.0,0.0,-44.705882352941174,0.0018018018018018,0.0504504504504504,0.0074074074074074,0.0214285714285714,0.0428571428571428,2013-07-15,Ete
3745,201329,26,BOURGOGNE,-9.090909090909092,150.6422018348624,2.411009174311926,296.95818181818186,287.9227272727273,59.99090909090909,25592.727272727272,71.53061224489795,2.7916666666666665,2644.871794871795,99623.72727272728,291.28076923076924,301.79615384615386,289.30384615384617,4.777064220183487,-10.0,0.0,0.0,-45.0,0.0581818181818181,0.1763636363636363,0.4074074074074074,0.6923076923076923,1.4583333333333333,2013-07-15,Ete
3746,201329,53,BRETAGNE,-14.702380952380953,142.5,3.5613095238095234,293.0488095238095,288.12916666666666,76.01190476190476,14147.260273972604,52.62244897959184,1.7611940298507462,3469.125,101355.11904761904,288.6690476190476,297.32142857142856,286.0071428571428,6.154166666666667,-10.0,0.0,0.0,-44.72727272727273,0.0047619047619047,0.0202380952380952,0.0142857142857142,0.0809523809523809,0.1714285714285714,2013-07-15,Ete
3747,201329,24,CENTRE,-10.178571428571429,89.72972972972973,3.0486486486486486,297.3491071428571,287.95535714285717,58.49107142857143,22901.785714285714,48.37078651685393,1.864864864864865,3921.794871794872,100475.08928571428,291.68928571428575,301.99285714285713,289.07857142857137,5.89009009009009,-10.0,0.0,0.0,-44.81481481481482,0.0178571428571428,0.0892857142857142,0.1785714285714285,0.3214285714285714,0.6142857142857142,2013-07-15,Ete
3748,201329,21,CHAMPAGNE-ARDENNE,-10.0,159.46428571428572,2.6374999999999997,296.1705357142857,287.73125,62.473214285714285,19354.464285714286,51.911764705882355,1.6666666666666667,3192.3076923076924,100762.5,289.31071428571425,301.85714285714283,285.65,5.027678571428572,-10.0,0.0,0.0,-45.0,0.0,0.0017857142857142,0.0,0.0071428571428571,0.0142857142857142,2013-07-15,Ete
3749,201329,94,CORSE,-1.7857142857142858,139.19642857142858,2.982142857142857,297.9526785714285,291.9535714285714,70.24107142857143,20473.214285714286,31.182795698924732,1.6363636363636365,1629.6052631578948,101610.0,294.2392857142857,301.4107142857143,291.43571428571425,5.185714285714285,-10.0,0.0,0.0,-43.63636363636363,0.009009009009009,0.0,0.0,0.0,0.0,2013-07-15,Ete
3750,201329,43,FRANCHE-COMTE,-7.181818181818182,235.0,2.4009090909090913,295.80636363636364,287.85,64.02727272727273,24576.363636363636,55.0,1.7555555555555555,2075.098039215686,98998.36363636365,290.2730769230769,300.88846153846157,287.61153846153843,4.736697247706422,-10.0,0.0,0.0,-42.857142857142854,0.1045871559633027,0.1798165137614679,0.3333333333333333,0.7384615384615384,1.525,2013-07-15,Ete
3751,201329,23,HAUTE-NORMANDIE,-12.232142857142858,95.89285714285714,4.38125,293.0598214285714,287.1616071428571,71.55357142857143,17221.428571428572,55.026666666666664,1.6610169491525424,4367.96875,101209.82142857143,289.1928571428571,296.73214285714283,286.43571428571425,6.904504504504504,-10.0,0.0,0.0,-43.75,0.0035714285714285,0.0053571428571428,0.0,0.0142857142857142,0.0285714285714285,2013-07-15,Ete
3752,201329,91,LANGUEDOC-ROUSSILLON,-3.6607142857142856,186.33928571428572,3.086607142857143,298.0026785714286,289.9625,63.526785714285715,21982.14285714286,42.5,1.7321428571428572,3005.223880597015,100871.69642857143,293.2892857142857,302.2357142857143,290.7928571428571,5.461607142857142,-10.0,0.0,0.0,-49.354838709677416,0.0,0.0053571428571428,0.0,0.0214285714285714,0.0428571428571428,2013-07-15,Ete
3753,201329,74,LIMOUSIN,-8.660714285714286,119.55357142857144,2.503571428571429,296.64553571428576,287.59464285714284,59.67857142857143,33366.666666666664,49.12698412698413,1.9,3742.1052631578946,98870.89285714286,291.225,301.075,288.07857142857137,4.76875,-10.0,0.0,0.0,-44.34782608695652,0.0160714285714285,0.0446428571428571,0.0071428571428571,0.1857142857142857,0.3642857142857143,2013-07-15,Ete
3754,201329,41,LORRAINE,0.8518339768339769,193.21428571428572,3.340515796260477,284.8620535714286,280.4638392857143,76.875,22941.964285714286,77.08380069025021,4.472972972972973,1404.9461206896551,100070.444015444,281.3357142857143,288.05357142857144,279.2928571428571,6.159821428571428,-10.0,0.0,0.0,-45.0,0.05740025740025735,0.18908730158730155,0.3345238095238095,0.7571428571428571,1.5214285714285716,2013-07-15,Ete
3755,201329,73,MIDI-PYRENEES,-6.428571428571429,183.83928571428572,2.4517857142857147,296.01160714285714,289.58125,69.89285714285714,24120.481927710844,44.67213114754098,1.9574468085106385,2810.5263157894738,98599.91071428572,290.69642857142856,300.8607142857143,287.72142857142853,5.216964285714285,-10.0,0.0,0.0,-46.15384615384615,0.0124999999999999,0.1053571428571428,0.4071428571428571,0.7357142857142858,1.5642857142857145,2013-07-15,Ete
3756,201329,31,NORD-PAS-DE-CALAIS,-9.910714285714286,93.21428571428572,3.678571428571429,294.58482142857144,287.0026785714286,64.80357142857143,19797.297297297297,46.54761904761905,0.7123287671232876,5261.029411764706,101508.39285714286,289.30357142857144,299.0857142857143,286.8642857142857,6.2124999999999995,-10.0,0.0,0.0,-43.84615384615385,0.0017857142857142,0.0017857142857142,0.0,0.0071428571428571,0.0142857142857142,2013-07-15,Ete
3757,201329,52,PAYS-DE-LA-LOIRE,0.8518339768339769,193.21428571428572,3.340515796260477,284.8620535714286,280.4638392857143,76.875,22941.964285714286,77.08380069025021,4.472972972972973,1404.9461206896551,100070.444015444,281.3357142857143,288.05357142857144,279.2928571428571,6.159821428571428,-10.0,0.0,0.0,-45.0,0.05740025740025735,0.18908730158730155,0.3345238095238095,0.7571428571428571,1.5214285714285716,2013-07-15,Ete
3758,201329,22,PICARDIE,-9.910714285714286,93.21428571428572,3.678571428571429,294.58482142857144,287.0026785714286,64.80357142857143,19797.297297297297,46.54761904761905,0.7123287671232876,5261.029411764706,101508.39285714286,289.30357142857144,299.0857142857143,286.8642857142857,6.2124999999999995,-10.0,0.0,0.0,-43.84615384615385,0.0017857142857142,0.0017857142857142,0.0,0.0071428571428571,0.0142857142857142,2013-07-15,Ete
3759,201329,54,POITOU-CHARENTES,-9.910714285714286,136.3963963963964,2.2288288288288287,296.9232142857143,288.4223214285714,62.214285714285715,25574.71264367816,56.69230769230769,2.306122448979592,3303.7735849056603,100239.73214285714,290.85,301.9785714285714,287.7928571428571,4.525225225225225,-10.0,0.0,0.0,-45.0,0.0321428571428571,0.1321428571428571,0.1785714285714285,0.5,0.9642857142857144,2013-07-15,Ete
3760,201329,93,PROVENCE-ALPES-COTE-D-AZUR,0.8518339768339769,193.21428571428572,3.340515796260477,284.8620535714286,280.4638392857143,76.875,22941.964285714286,77.08380069025021,4.472972972972973,1404.9461206896551,100070.444015444,281.3357142857143,288.05357142857144,279.2928571428571,6.159821428571428,-10.0,0.0,0.0,-45.0,0.05740025740025735,0.18908730158730155,0.3345238095238095,0.7571428571428571,1.5214285714285716,2013-07-15,Ete
3761,201329,11,ILE-DE-FRANCE,-10.714285714285714,67.32142857142857,3.882142857142857,297.6196428571429,287.9232142857143,56.964285714285715,23321.428571428572,40.18181818181818,1.42,4435.0,100969.64285714286,292.37857142857143,301.9214285714285,289.2928571428571,7.153571428571429,-10.0,0.0,0.0,-44.72727272727273,0.0,0.0,0.0,0.0,0.0,2013-07-15,Ete
3762,201329,82,RHONE-ALPES,-5.0,196.6071428571429,2.4732142857142856,296.76071428571424,287.8357142857143,59.892857142857146,23535.714285714286,45.36363636363637,2.5238095238095237,2414.864864864865,99066.25,292.00714285714287,301.13571428571424,289.0071428571428,4.866071428571429,-10.0,0.0,0.0,-44.72727272727273,0.0107142857142857,0.1178571428571428,0.2857142857142857,0.4714285714285714,0.942857142857143,2013-07-15,Ete
3763,201328,42,ALSACE,-7.857142857142857,166.51785714285714,4.300892857142857,294.8285714285715,285.60089285714287,57.535714285714285,30776.785714285714,97.5,4.472972972972973,1412.5,99779.375,289.8178571428571,299.5571428571429,287.57857142857137,7.274107142857143,-10.0,0.0,0.0,-45.0,0.0,0.0,0.0,0.0,0.0,2013-07-08,Ete
3764,201328,72,AQUITAINE,-3.8392857142857144,113.125,2.8910714285714287,298.78035714285716,288.5214285714286,55.294642857142854,29134.328358208953,37.534246575342465,1.213114754098361,2632.7272727272725,100520.71428571428,293.25714285714287,304.075,290.2928571428571,5.483035714285714,-10.0,0.0,0.0,-47.234042553191486,0.0,0.0625,0.25,0.25,0.4714285714285714,2013-07-08,Ete
3765,201328,83,AUVERGNE,-5.636363636363637,124.0,1.8890909090909092,294.35727272727274,286.82272727272726,64.92727272727272,21836.363636363636,25.18867924528302,1.2093023255813953,3019.767441860465,98099.09090909093,288.0785714285714,299.6642857142857,284.0071428571428,4.378181818181818,-10.0,0.0,0.0,-45.319148936170215,0.0,0.0212765957446808,0.0,0.0714285714285714,0.1714285714285714,2013-07-08,Ete
3766,201328,25,BASSE-NORMANDIE,-10.63063063063063,86.12612612612612,3.8936936936936934,291.5175675675676,286.0698198198198,73.18018018018019,19082.075471698114,18.859649122807017,2.0357142857142856,3005.1612903225805,101129.36936936936,286.5285714285714,296.1857142857143,282.93571428571425,6.986486486486487,-10.0,0.0,0.0,-45.0,0.0,0.0108108108108108,0.0,0.0428571428571428,0.0857142857142857,2013-07-08,Ete
3767,201328,26,BOURGOGNE,-6.936936936936937,109.009009009009,4.126126126126126,295.52477477477476,286.1481981981982,57.26126126126126,24846.846846846845,21.875,1.0833333333333333,3025.0,99664.86486486488,290.3392857142857,300.1857142857143,288.22142857142853,7.22972972972973,-10.0,0.0,0.0,-45.0,0.0,0.0,0.0,0.0,0.0,2013-07-08,Ete
3768,201328,53,BRETAGNE,-8.083832335329342,66.2874251497006,4.707784431137725,291.65898203592815,285.9236526946108,71.74251497005989,17455.944055944055,17.359550561797754,2.027027027027027,4218.139534883721,101595.748502994,287.20476190476194,295.7738095238095,283.72142857142853,7.829341317365269,-10.0,0.0,0.0,-45.0,0.0023952095808383,0.0035928143712574,0.0,0.0142857142857142,0.0142857142857142,2013-07-08,Ete
3769,201328,24,CENTRE,-8.018018018018019,44.054054054054056,4.299099099099099,294.78783783783786,286.1418918918919,59.91891891891892,22270.27027027027,14.767441860465116,1.3888888888888888,3712.162162162162,100629.63963963964,289.5857142857143,299.34999999999997,287.57857142857137,7.837837837837838,-10.0,0.0,0.0,-45.0,0.0,0.0,0.0,0.0,0.0,2013-07-08,Ete
3770,201328,21,CHAMPAGNE-ARDENNE,-8.482142857142858,164.73214285714286,3.480357142857143,292.875,286.3830357142857,68.59821428571429,17941.81818181818,14.807692307692308,1.3333333333333333,3182.608695652174,100936.25,286.9785714285714,298.2142857142857,284.2928571428571,6.482142857142857,-10.0,0.0,0.0,-45.0,0.0,0.0035714285714285,0.0071428571428571,0.0142857142857142,0.0285714285714285,2013-07-08,Ete
3771,201328,94,CORSE,-4.196428571428571,142.23214285714286,2.8375,297.54910714285717,291.1714285714286,68.79464285714286,23500.0,31.647727272727273,1.2820512820512822,2085.064935064935,101503.83928571428,294.13214285714287,300.9857142857143,290.57857142857137,4.825892857142857,-10.0,0.0,0.0,-43.80952380952381,0.0,0.0109090909090909,0.0071428571428571,0.0461538461538461,0.0999999999999999,2013-07-08,Ete
3772,201328,43,FRANCHE-COMTE,-6.785714285714286,233.57142857142856,3.7803571428571425,294.47946428571424,286.3723214285714,61.9375,24187.5,34.6078431372549,1.2,2447.0,99027.76785714286,289.2642857142857,299.2107142857143,286.8642857142857,6.559821428571429,-10.0,0.0,0.0,-42.765957446808514,0.0017857142857142,0.0035714285714285,0.0071428571428571,0.0142857142857142,0.5642857142857143,2013-07-08,Ete
3773,201328,23,HAUTE-NORMANDIE,-11.696428571428571,66.16071428571429,5.099107142857143,290.54017857142856,285.4223214285714,73.55357142857143,16459.340659340658,29.84375,2.225,3685.227272727273,101474.28571428572,286.9642857142857,294.34285714285716,282.8642857142857,7.8116071428571425,-10.0,0.0,0.0,-45.0,0.0017857142857142,0.0035714285714285,0.0,0.0142857142857142,0.0285714285714285,2013-07-08,Ete
3774,201328,91,LANGUEDOC-ROUSSILLON,-5.267857142857143,186.6071428571429,2.7196428571428575,298.30178571428576,289.2651785714286,59.080357142857146,31794.64285714286,47.66233766233766,1.540983606557377,3291.176470588235,100726.69642857143,293.47499999999997,302.625,290.0071428571428,5.013392857142857,-10.0,0.0,0.0,-49.411764705882355,0.0,0.072072072072072,0.2857142857142857,0.2962962962962963,0.6153846153846154,2013-07-08,Ete
3775,201328,74,LIMOUSIN,-5.178571428571429,50.535714285714285,4.852678571428571,295.425,287.00892857142856,60.75892857142857,38684.21052631579,23.392857142857142,1.21875,4114.0625,98885.08928571428,290.3285714285714,300.09999999999997,288.15,8.075892857142858,-10.0,0.0,0.0,-45.0,0.0,0.0,0.0,0.0,0.0,2013-07-08,Ete
3776,201328,41,LORRAINE,0.8518339768339769,193.21428571428572,3.340515796260477,284.8620535714286,280.4638392857143,76.875,22941.964285714286,77.08380069025021,4.472972972972973,1404.9461206896551,100070.444015444,281.3357142857143,288.05357142857144,279.2928571428571,6.159821428571428,-10.0,0.0,0.0,-45.0,0.05740025740025735,0.18908730158730155,0.3345238095238095,0.7571428571428571,1.5214285714285716,2013-07-08,Ete
3777,201328,73,MIDI-PYRENEES,-3.8392857142857144,159.64285714285714,2.049107142857143,297.0785714285715,289.4633928571428,64.9375,29445.78313253012,47.81818181818182,2.326530612244898,2242.8571428571427,98425.80357142857,291.6535714285714,302.3357142857143,287.43571428571425,4.563392857142857,-10.0,0.0,0.0,-45.36585365853659,0.0321428571428571,0.3053571428571429,0.8571428571428571,0.9,1.8071428571428572,2013-07-08,Ete
3778,201328,31,NORD-PAS-DE-CALAIS,-13.125,77.41071428571429,4.0616071428571425,290.78482142857143,285.2857142857143,72.29464285714286,19021.428571428572,31.071428571428573,2.5555555555555554,2818.032786885246,101755.26785714286,286.6142857142857,295.0678571428571,284.07857142857137,7.077678571428572,-10.0,0.0,0.0,-43.63636363636363,0.0,0.0017857142857142,0.0071428571428571,0.0071428571428571,0.0142857142857142,2013-07-08,Ete
3779,201328,52,PAYS-DE-LA-LOIRE,0.8518339768339769,193.21428571428572,3.340515796260477,284.8620535714286,280.4638392857143,76.875,22941.964285714286,77.08380069025021,4.472972972972973,1404.9461206896551,100070.444015444,281.3357142857143,288.05357142857144,279.2928571428571,6.159821428571428,-10.0,0.0,0.0,-45.0,0.05740025740025735,0.18908730158730155,0.3345238095238095,0.7571428571428571,1.5214285714285716,2013-07-08,Ete
3780,201328,22,PICARDIE,-13.125,77.41071428571429,4.0616071428571425,290.78482142857143,285.2857142857143,72.29464285714286,19021.428571428572,31.071428571428573,2.5555555555555554,2818.032786885246,101755.26785714286,286.6142857142857,295.0678571428571,284.07857142857137,7.077678571428572,-10.0,0.0,0.0,-43.63636363636363,0.0,0.0017857142857142,0.0071428571428571,0.0071428571428571,0.0142857142857142,2013-07-08,Ete
3781,201328,54,POITOU-CHARENTES,-6.396396396396397,44.95495495495496,4.197297297297297,295.48783783783784,286.8355855855856,60.333333333333336,28380.95238095238,15.789473684210526,1.65,2955.2631578947367,100320.45045045044,289.9785714285714,300.5142857142857,287.8642857142857,7.474774774774775,-10.0,0.0,0.0,-45.0,0.0,0.0,0.0,0.0,0.0,2013-07-08,Ete
3782,201328,93,PROVENCE-ALPES-COTE-D-AZUR,0.8518339768339769,193.21428571428572,3.340515796260477,284.8620535714286,280.4638392857143,76.875,22941.964285714286,77.08380069025021,4.472972972972973,1404.9461206896551,100070.444015444,281.3357142857143,288.05357142857144,279.2928571428571,6.159821428571428,-10.0,0.0,0.0,-45.0,0.05740025740025735,0.18908730158730155,0.3345238095238095,0.7571428571428571,1.5214285714285716,2013-07-08,Ete
3783,201328,11,ILE-DE-FRANCE,-8.75,41.607142857142854,4.946428571428571,293.68392857142857,286.0910714285714,63.410714285714285,22535.714285714286,13.75,1.5416666666666667,3712.5,101188.03571428572,288.7142857142857,298.0571428571429,286.8642857142857,8.614285714285716,-10.0,0.0,0.0,-45.0,0.0,0.0,0.0,0.0,0.0,2013-07-08,Ete
3784,201328,82,RHONE-ALPES,-6.607142857142857,253.03571428571428,3.2196428571428575,296.2375,287.58214285714286,59.875,23803.571428571428,30.089285714285715,1.631578947368421,3032.8571428571427,99005.71428571428,291.3,300.9357142857143,288.72142857142853,6.1553571428571425,-10.0,0.0,0.0,-45.0,0.0,0.0,0.0,0.0,0.0,2013-07-08,Ete
3785,201327,42,ALSACE,4.774774774774775,196.3963963963964,2.999099099099099,292.92297297297296,287.17522522522523,71.6036036036036,35702.7027027027,97.28260869565216,4.472972972972973,1137.5,99904.86486486488,288.77592592592595,296.9203703703704,286.5346153846154,5.734545454545454,-10.0,0.0,0.0,-45.0,0.0563636363636363,0.2854545454545454,0.3928571428571428,1.2384615384615385,2.35,2013-07-01,Ete
3786,201327,72,AQUITAINE,3.6607142857142856,220.9821428571429,3.0339285714285715,294.96964285714284,288.2919642857143,68.77678571428571,34030.769230769234,51.80232558139535,3.1774193548387095,1459.0277777777778,100962.5,290.1,299.1857142857143,287.22142857142853,5.63963963963964,-10.0,0.0,0.0,-46.90909090909091,0.0342342342342342,0.0745454545454545,0.2214285714285714,0.3692307692307692,0.4499999999999999,2013-07-01,Ete
3787,201327,83,AUVERGNE,5.0,156.25,1.980357142857143,292.74642857142857,286.60535714285714,69.44642857142857,30535.714285714286,48.90909090909091,3.658536585365854,1722.7272727272727,98306.60714285714,287.65,296.7857142857143,284.43571428571425,4.7250000000000005,-10.0,0.0,0.0,-45.0,0.1038461538461538,0.0285714285714285,0.0,0.5142857142857143,1.0714285714285714,2013-07-01,Ete
3788,201327,25,BASSE-NORMANDIE,11.545454545454543,171.45454545454547,3.2,290.3354545454546,286.34727272727275,79.17272727272727,21742.45283018868,75.29113924050633,4.977777777777778,940.1470588235294,100984.27272727272,286.0214285714286,294.8178571428571,282.7928571428571,5.8509090909090915,-10.0,0.0,0.0,-45.283018867924525,0.0109090909090909,0.0345454545454545,0.1214285714285714,0.1571428571428571,0.3142857142857143,2013-07-01,Ete
3789,201327,26,BOURGOGNE,4.2342342342342345,171.0810810810811,3.0783783783783782,293.1391891891892,287.095045045045,70.36036036036036,30848.64864864865,80.95238095238095,3.5652173913043477,1503.225806451613,99829.54954954956,288.8759259259259,297.29814814814813,287.30384615384617,5.847272727272728,-10.0,0.0,0.0,-45.55555555555556,0.0454545454545454,0.2327272727272727,0.2642857142857143,0.9923076923076924,1.9083333333333332,2013-07-01,Ete
3790,201327,53,BRETAGNE,11.13095238095238,179.88095238095238,3.575,289.11369047619047,286.04523809523806,83.44642857142857,15555.78231292517,75.39344262295081,4.6395348837209305,2020.4166666666667,101496.42857142857,285.92857142857144,292.43571428571425,283.2928571428571,6.323809523809524,-10.0,0.0,0.0,-45.0,0.05,0.1654761904761904,0.1476190476190476,0.6428571428571429,1.5857142857142856,2013-07-01,Ete
3791,201327,24,CENTRE,8.928571428571429,170.44642857142858,3.024107142857143,293.1580357142857,287.13839285714283,70.57142857142857,22591.071428571428,63.125,3.842857142857143,1791.3793103448277,100649.55357142857,288.7785714285714,297.1857142857143,286.0071428571428,5.871428571428572,-10.0,0.0,0.0,-45.55555555555556,0.0160714285714285,0.0446428571428571,0.1142857142857143,0.1785714285714285,0.3857142857142857,2013-07-01,Ete
3792,201327,21,CHAMPAGNE-ARDENNE,9.464285714285714,190.17857142857144,2.4375,292.30357142857144,287.76785714285717,77.13392857142857,18758.928571428572,82.515625,3.692307692307693,1165.7142857142858,100894.82142857143,287.4,296.5571428571429,284.57857142857137,4.84375,-10.0,0.0,0.0,-45.0,0.0642857142857143,0.1508928571428571,0.3142857142857142,0.6071428571428571,1.1785714285714286,2013-07-01,Ete
3793,201327,94,CORSE,2.857142857142857,152.32142857142858,2.965178571428571,296.08125,289.0995495495495,66.53153153153153,32937.5,25.50561797752809,1.3623188405797102,1676.1194029850749,101718.30357142857,291.4769230769231,299.5615384615385,287.93571428571425,4.955357142857143,-10.0,0.0,0.0,-43.77049180327869,0.0,0.0,0.0,0.0,0.0,2013-07-01,Ete
3794,201327,43,FRANCHE-COMTE,3.873873873873874,216.12612612612617,2.808108108108108,292.56531531531533,287.14639639639637,72.90090090090091,29689.18918918919,69.30555555555556,3.4545454545454546,1255.3521126760563,99184.23423423425,288.31296296296296,296.72037037037035,286.0730769230769,5.606363636363636,-10.0,0.0,0.0,-43.333333333333336,0.1290909090909091,0.4345454545454545,0.3857142857142857,1.8615384615384616,3.091666666666667,2013-07-01,Ete
3795,201327,23,HAUTE-NORMANDIE,15.0,188.125,3.9482142857142857,288.9946428571429,285.92589285714286,83.23214285714286,16905.0,79.94666666666667,4.381818181818182,2046.764705882353,101223.48214285714,286.16785714285714,292.075,282.15,6.41875,-10.0,0.0,0.0,-45.6,0.0053571428571428,0.0504504504504504,0.1285714285714286,0.2296296296296296,0.4615384615384615,2013-07-01,Ete
3796,201327,91,LANGUEDOC-ROUSSILLON,4.910714285714286,209.7321428571429,3.3285714285714287,295.84999999999997,288.0883928571429,64.5,40024.107142857145,41.05813953488372,3.3333333333333335,1653.8983050847455,101099.55357142857,291.37142857142857,299.87857142857143,288.3642857142857,6.037837837837838,-10.0,0.0,0.0,-46.8,0.0324324324324324,0.0891891891891892,0.1178571428571428,0.4185185185185185,0.5461538461538461,2013-07-01,Ete
3797,201327,74,LIMOUSIN,6.428571428571429,153.66071428571428,3.389285714285714,292.6794642857143,287.25892857142856,73.23214285714286,41200.0,66.57142857142857,3.702127659574468,1810.5479452054792,99101.60714285714,288.4214285714286,296.32142857142856,285.5071428571428,6.222321428571428,-10.0,0.0,0.0,-45.483870967741936,0.0446428571428571,0.0875,0.2428571428571428,0.3714285714285714,0.7142857142857143,2013-07-01,Ete
3798,201327,41,LORRAINE,0.8518339768339769,193.21428571428572,3.340515796260477,284.8620535714286,280.4638392857143,76.875,22941.964285714286,77.08380069025021,4.472972972972973,1404.9461206896551,100070.444015444,281.3357142857143,288.05357142857144,279.2928571428571,6.159821428571428,-10.0,0.0,0.0,-45.0,0.05740025740025735,0.18908730158730155,0.3345238095238095,0.7571428571428571,1.5214285714285716,2013-07-01,Ete
3799,201327,73,MIDI-PYRENEES,4.375,227.1428571428571,2.2544642857142856,294.4142857142857,288.5151785714286,71.875,33714.28571428572,43.75,2.888888888888889,1694.915254237288,98850.71428571428,289.06071428571425,299.1464285714286,285.22142857142853,4.690090090090091,-10.0,0.0,0.0,-45.294117647058826,0.0252252252252252,0.1909909909909909,0.5214285714285715,0.8074074074074075,1.3384615384615386,2013-07-01,Ete
3800,201327,31,NORD-PAS-DE-CALAIS,16.576576576576578,181.8918918918919,3.721621621621622,290.3364864864865,286.4247747747748,79.98198198198199,19745.945945945947,65.85365853658537,4.930555555555555,1850.6756756756756,101445.22522522522,286.8607142857143,293.50357142857143,285.57857142857137,6.376576576576576,-10.0,0.0,0.0,-42.972972972972975,0.029090909090909,0.1436363636363636,0.3481481481481481,0.6074074074074074,0.7230769230769231,2013-07-01,Ete
3801,201327,52,PAYS-DE-LA-LOIRE,0.8518339768339769,193.21428571428572,3.340515796260477,284.8620535714286,280.4638392857143,76.875,22941.964285714286,77.08380069025021,4.472972972972973,1404.9461206896551,100070.444015444,281.3357142857143,288.05357142857144,279.2928571428571,6.159821428571428,-10.0,0.0,0.0,-45.0,0.05740025740025735,0.18908730158730155,0.3345238095238095,0.7571428571428571,1.5214285714285716,2013-07-01,Ete
3802,201327,22,PICARDIE,16.576576576576578,181.8918918918919,3.721621621621622,290.3364864864865,286.4247747747748,79.98198198198199,19745.945945945947,65.85365853658537,4.930555555555555,1850.6756756756756,101445.22522522522,286.8607142857143,293.50357142857143,285.57857142857137,6.376576576576576,-10.0,0.0,0.0,-42.972972972972975,0.029090909090909,0.1436363636363636,0.3481481481481481,0.6074074074074074,0.7230769230769231,2013-07-01,Ete
3803,201327,54,POITOU-CHARENTES,6.607142857142857,152.67857142857142,3.099107142857143,293.17857142857144,287.5339285714286,72.51785714285714,28538.095238095237,70.07792207792208,3.6595744680851063,1582.4324324324325,100475.17857142857,288.5678571428571,297.3142857142857,285.8642857142857,5.858035714285714,-10.0,0.0,0.0,-45.483870967741936,0.0375,0.0821428571428571,0.2857142857142857,0.3285714285714286,0.6714285714285715,2013-07-01,Ete
3804,201327,93,PROVENCE-ALPES-COTE-D-AZUR,0.8518339768339769,193.21428571428572,3.340515796260477,284.8620535714286,280.4638392857143,76.875,22941.964285714286,77.08380069025021,4.472972972972973,1404.9461206896551,100070.444015444,281.3357142857143,288.05357142857144,279.2928571428571,6.159821428571428,-10.0,0.0,0.0,-45.0,0.05740025740025735,0.18908730158730155,0.3345238095238095,0.7571428571428571,1.5214285714285716,2013-07-01,Ete
3805,201327,11,ILE-DE-FRANCE,11.607142857142858,193.75,3.1107142857142853,292.7482142857143,287.1589285714286,72.125,22500.0,56.964285714285715,3.978723404255319,1853.061224489796,101099.82142857143,288.50714285714287,296.6857142857143,284.72142857142853,5.9053571428571425,-10.0,0.0,0.0,-45.55555555555556,0.0107142857142857,0.0214285714285714,0.0428571428571428,0.0857142857142857,0.1714285714285714,2013-07-01,Ete
3806,201327,82,RHONE-ALPES,4.107142857142857,221.25,3.503571428571429,293.95,287.06964285714287,66.91071428571429,28071.428571428572,43.09090909090909,3.0434782608695654,2076.7391304347825,99265.89285714286,289.4428571428571,297.89285714285717,285.72142857142853,6.919642857142857,-10.0,0.0,0.0,-44.72727272727273,0.1321428571428571,0.175,0.4285714285714285,0.8285714285714285,1.5285714285714285,2013-07-01,Ete
3807,201326,42,ALSACE,5.585585585585585,233.6036036036036,2.527027027027027,287.81607142857143,282.5839285714286,72.77678571428571,38763.963963963964,96.71951219512196,4.472972972972973,1358.5567010309278,100179.73214285714,284.81428571428575,291.1035714285714,282.57857142857137,5.045045045045045,-10.0,0.0,0.0,-45.0,0.0964285714285714,0.2890909090909091,0.5777777777777778,0.7923076923076924,1.6916666666666669,2013-06-24,Ete
3808,201326,72,AQUITAINE,-12.410714285714286,260.80357142857144,3.713392857142857,290.4535714285714,284.0053571428571,68.17857142857143,36430.15873015873,72.77777777777777,4.2727272727272725,1254.470588235294,101511.42857142857,286.2357142857143,293.9107142857143,284.07857142857137,6.4071428571428575,-10.0,0.0,0.0,-45.73770491803279,0.0053571428571428,0.0108108108108108,0.0214285714285714,0.0444444444444444,0.1999999999999999,2013-06-24,Ete
3809,201326,83,AUVERGNE,-2.5,180.71428571428572,2.257142857142857,287.6821428571429,281.74821428571425,69.57142857142857,26107.14285714286,71.85185185185185,4.679245283018868,1529.6296296296296,98686.96428571428,283.9428571428571,291.05,280.43571428571425,4.939285714285715,-10.0,0.0,0.0,-44.44444444444444,0.0072727272727272,0.0792452830188679,0.0428571428571428,0.3142857142857143,0.6571428571428573,2013-06-24,Ete
3810,201326,25,BASSE-NORMANDIE,1.0714285714285714,230.53571428571428,3.363392857142857,287.8491071428571,283.1642857142857,75.64285714285714,24628.971962616823,72.73972602739725,3.7777777777777777,1223.7837837837835,101395.89285714286,283.8357142857143,291.6142857142857,279.7928571428571,6.065178571428571,-10.0,0.0,0.0,-45.27272727272727,0.0089285714285714,0.0214285714285714,0.0428571428571428,0.0857142857142857,0.3,2013-06-24,Ete
3811,201326,26,BOURGOGNE,2.3423423423423424,224.82142857142856,2.5401785714285716,287.9544642857143,282.56071428571425,72.17857142857143,31285.714285714286,85.48192771084338,4.884615384615385,1292.4719101123596,100204.28571428572,284.5142857142857,291.3357142857143,282.43571428571425,5.099107142857143,-10.0,0.0,0.0,-45.0,0.0464285714285714,0.1207207207207207,0.1629629629629629,0.4074074074074074,0.9846153846153848,2013-06-24,Ete
3812,201326,53,BRETAGNE,-1.8452380952380951,253.0952380952381,3.3291666666666666,287.2154761904762,283.22125,79.5875,16754.45205479452,85.56896551724138,5.351351351351352,872.1296296296297,102041.01190476192,284.3833333333333,290.22142857142853,280.43571428571425,6.114880952380952,-10.0,0.0,0.0,-45.27272727272727,0.0059523809523809,0.0203592814371257,0.0195121951219512,0.0829268292682926,0.2571428571428571,2013-06-24,Ete
3813,201326,24,CENTRE,1.0714285714285714,232.1428571428571,2.7017857142857147,288.6455357142857,282.5258928571429,69.125,23187.5,70.1470588235294,4.675675675675675,1267.032967032967,101046.25,284.7214285714286,292.10714285714283,282.3642857142857,5.544642857142857,-10.0,0.0,0.0,-45.18518518518518,0.0232142857142857,0.0482142857142857,0.1142857142857143,0.2285714285714286,0.6714285714285715,2013-06-24,Ete
3814,201326,21,CHAMPAGNE-ARDENNE,4.821428571428571,249.19642857142856,2.832142857142857,287.3625,283.30357142857144,78.38392857142857,18095.535714285714,90.91463414634148,5.3076923076923075,1185.3932584269662,101227.76785714286,284.04285714285714,290.85714285714283,281.65,5.270535714285714,-10.0,0.0,0.0,-45.0,0.0535714285714285,0.1142857142857143,0.5571428571428572,0.7785714285714286,1.7714285714285716,2013-06-24,Ete
3815,201326,94,CORSE,5.135135135135135,161.26126126126127,3.35045045045045,293.1346846846847,285.3346846846847,62.86486486486486,33036.036036036036,35.44444444444444,1.435897435897436,1275.6097560975609,101631.35135135136,289.5142857142857,296.8285714285715,285.07857142857137,5.736036036036037,-10.0,0.0,0.0,-43.84615384615385,0.0,0.0,0.0,0.0,0.0,2013-06-24,Ete
3816,201326,43,FRANCHE-COMTE,4.594594594594595,236.07142857142856,2.744642857142857,287.7357142857143,282.23214285714283,71.41071428571429,33678.57142857143,86.7032967032967,4.48936170212766,1292.0388349514562,99469.64285714286,284.66785714285714,290.9714285714286,282.72142857142853,5.520535714285714,-10.0,0.0,0.0,-43.40425531914894,0.0678571428571428,0.1666666666666666,0.2222222222222222,0.5851851851851853,1.2692307692307692,2013-06-24,Ete
3817,201326,23,HAUTE-NORMANDIE,3.8392857142857144,265.5357142857143,3.8133928571428575,287.0,283.49375,80.70535714285714,16118.08510638298,75.3625,4.5636363636363635,1585.2857142857142,101632.58928571428,284.5357142857143,289.49642857142857,279.8642857142857,6.449107142857143,-10.0,0.0,0.0,-45.0,0.0232142857142857,0.1053571428571428,0.1571428571428571,0.3714285714285714,0.7999999999999999,2013-06-24,Ete
3818,201326,91,LANGUEDOC-ROUSSILLON,-9.107142857142858,276.07142857142856,5.209821428571429,292.60714285714283,282.0875,53.75892857142857,45428.57142857143,54.75903614457831,2.8461538461538463,2151.9736842105262,101463.92857142857,288.00357142857143,296.53214285714284,285.65,8.751785714285715,-10.0,0.0,0.0,-44.4,0.0017857142857142,0.0018018018018018,0.0,0.0074074074074074,0.0153846153846153,2013-06-24,Ete
3819,201326,74,LIMOUSIN,-5.0,217.94642857142856,2.8642857142857143,288.2419642857143,283.21785714285716,73.73214285714286,37898.24561403509,77.32926829268293,4.6938775510204085,1562.0,99566.69642857143,284.57142857142856,291.3392857142857,281.8642857142857,5.432142857142857,-10.0,0.0,0.0,-45.0,0.0089285714285714,0.0303571428571428,0.0642857142857143,0.1214285714285714,0.3571428571428571,2013-06-24,Ete
3820,201326,41,LORRAINE,0.8518339768339769,193.21428571428572,3.340515796260477,284.8620535714286,280.4638392857143,76.875,22941.964285714286,77.08380069025021,4.472972972972973,1404.9461206896551,100070.444015444,281.3357142857143,288.05357142857144,279.2928571428571,6.159821428571428,-10.0,0.0,0.0,-45.0,0.05740025740025735,0.18908730158730155,0.3345238095238095,0.7571428571428571,1.5214285714285716,2013-06-24,Ete
3821,201326,73,MIDI-PYRENEES,-12.142857142857142,276.69642857142856,3.226785714285714,289.77232142857144,283.5053571428571,68.47321428571429,32843.3734939759,72.734375,4.531914893617022,1279.5774647887324,99341.60714285714,285.61785714285713,293.28214285714284,282.7928571428571,5.871428571428572,-10.0,0.0,0.0,-43.8,0.0035714285714285,0.0036036036036036,0.0071428571428571,0.0148148148148148,0.1384615384615384,2013-06-24,Ete
3822,201326,31,NORD-PAS-DE-CALAIS,8.482142857142858,263.6607142857143,3.7294642857142857,287.3723214285714,283.4526785714286,79.19642857142857,23472.321428571428,78.63095238095238,5.6075949367088604,1006.0,101744.28571428572,284.99642857142857,289.73214285714283,283.22142857142853,6.4991071428571425,-10.0,0.0,0.0,-43.421052631578945,0.0553571428571428,0.2071428571428571,0.4428571428571429,0.8857142857142858,1.9285714285714288,2013-06-24,Ete
3823,201326,52,PAYS-DE-LA-LOIRE,0.8518339768339769,193.21428571428572,3.340515796260477,284.8620535714286,280.4638392857143,76.875,22941.964285714286,77.08380069025021,4.472972972972973,1404.9461206896551,100070.444015444,281.3357142857143,288.05357142857144,279.2928571428571,6.159821428571428,-10.0,0.0,0.0,-45.0,0.05740025740025735,0.18908730158730155,0.3345238095238095,0.7571428571428571,1.5214285714285716,2013-06-24,Ete
3824,201326,22,PICARDIE,8.482142857142858,263.6607142857143,3.7294642857142857,287.3723214285714,283.4526785714286,79.19642857142857,23472.321428571428,78.63095238095238,5.6075949367088604,1006.0,101744.28571428572,284.99642857142857,289.73214285714283,283.22142857142853,6.4991071428571425,-10.0,0.0,0.0,-43.421052631578945,0.0553571428571428,0.2071428571428571,0.4428571428571429,0.8857142857142858,1.9285714285714288,2013-06-24,Ete
3825,201326,54,POITOU-CHARENTES,-2.5892857142857144,229.6428571428571,2.53125,288.7401785714286,283.40625,72.59821428571429,28918.82352941177,73.88235294117646,4.48,1463.125,100932.41071428572,284.6107142857143,292.4214285714286,281.72142857142853,5.003571428571428,-10.0,0.0,0.0,-45.0,0.0142857142857142,0.0357142857142857,0.0999999999999999,0.1428571428571428,0.4285714285714285,2013-06-24,Ete
3826,201326,93,PROVENCE-ALPES-COTE-D-AZUR,0.8518339768339769,193.21428571428572,3.340515796260477,284.8620535714286,280.4638392857143,76.875,22941.964285714286,77.08380069025021,4.472972972972973,1404.9461206896551,100070.444015444,281.3357142857143,288.05357142857144,279.2928571428571,6.159821428571428,-10.0,0.0,0.0,-45.0,0.05740025740025735,0.18908730158730155,0.3345238095238095,0.7571428571428571,1.5214285714285716,2013-06-24,Ete
3827,201326,11,ILE-DE-FRANCE,2.6785714285714284,252.32142857142856,3.0303571428571425,288.7089285714286,282.2142857142857,67.41071428571429,24839.285714285714,64.82142857142857,4.5625,1314.2857142857142,101471.07142857143,284.70714285714286,292.07142857142856,281.8642857142857,6.044642857142857,-10.0,0.0,0.0,-45.27272727272727,0.0178571428571428,0.0428571428571428,0.0999999999999999,0.2428571428571428,0.7142857142857143,2013-06-24,Ete
3828,201326,82,RHONE-ALPES,-1.0714285714285714,279.64285714285717,3.755357142857143,288.33035714285717,282.43392857142857,70.39285714285714,28294.64285714286,61.63636363636363,4.403846153846154,1754.8076923076924,99598.57142857143,284.9714285714286,291.56428571428575,282.15,6.860714285714286,-10.0,0.0,0.0,-45.27272727272727,0.0999999999999999,0.2142857142857142,0.4428571428571429,0.7999999999999999,1.6857142857142855,2013-06-24,Ete
3829,201325,42,ALSACE,11.160714285714286,210.0,3.1723214285714287,294.80357142857144,287.56071428571425,66.20535714285714,44156.75675675676,95.55555555555556,4.472972972972973,1244.7368421052631,99247.32142857143,290.6928571428571,299.79285714285714,288.2928571428571,6.418018018018018,-10.0,0.0,0.0,-45.0,0.0837837837837837,0.5027027027027028,0.8518518518518519,2.037037037037037,4.138461538461539,2013-06-17,Ete
3830,201325,72,AQUITAINE,33.30357142857143,240.53571428571428,4.325892857142857,289.75625,286.5160714285714,82.41964285714286,31638.46153846154,91.52380952380952,6.328767123287672,742.8703703703703,100522.41071428572,287.75357142857143,292.5857142857143,286.93571428571425,7.599107142857143,-10.0,0.0,0.0,-46.53061224489796,0.2517857142857143,1.1928571428571428,2.457142857142857,4.728571428571429,9.30714285714286,2013-06-17,Ete
3831,201325,83,AUVERGNE,21.071428571428573,172.5,3.001785714285714,292.1107142857143,284.7857142857143,64.76785714285714,31660.714285714286,73.92857142857143,4.132075471698113,2069.4444444444443,97735.17857142857,288.9,296.62142857142857,286.57857142857137,6.548214285714286,-10.0,0.0,0.0,-44.44444444444444,0.0274509803921568,0.1069767441860465,0.36,0.0333333333333333,0.7666666666666667,2013-06-17,Ete
3832,201325,25,BASSE-NORMANDIE,17.027027027027028,188.9189189189189,4.101801801801802,289.1283783783784,286.20045045045043,83.45945945945945,21383.809523809523,91.5111111111111,5.574074074074074,1013.4090909090908,100141.17117117115,286.5107142857143,292.5678571428571,284.72142857142853,7.588288288288289,-10.0,0.0,0.0,-45.0,0.1315315315315315,0.4720720720720721,0.8814814814814815,1.8928571428571428,3.642857142857143,2013-06-17,Ete
3833,201325,26,BOURGOGNE,19.813084112149532,214.2990654205607,3.3485981308411215,292.4004672897196,286.9696261682243,73.03738317757009,34333.64485981308,92.85714285714286,4.518518518518518,1147.027027027027,99205.04672897197,289.0425925925926,296.7833333333333,287.43571428571425,6.662616822429906,-10.0,0.0,0.0,-45.78947368421053,0.0831775700934579,0.4710280373831775,0.5925925925925926,1.7925925925925927,3.3500000000000005,2013-06-17,Ete
3834,201325,53,BRETAGNE,25.416666666666668,205.95238095238096,4.335119047619047,287.70892857142854,285.1410714285714,85.14285714285714,19413.698630136987,93.5774647887324,6.8522727272727275,705.0364963503649,100649.28571428572,285.8666666666667,290.42857142857144,283.7928571428571,8.244642857142859,-10.0,0.0,0.0,-45.0,0.0976190476190476,0.3773809523809524,0.4952380952380952,1.5523809523809524,3.064285714285714,2013-06-17,Ete
3835,201325,24,CENTRE,19.53271028037383,214.20560747663552,3.819626168224299,291.5621495327103,287.0845794392523,76.50467289719626,21691.58878504673,87.22772277227723,4.524390243902439,1289.4845360824745,99979.2523364486,288.70185185185187,295.23148148148147,287.8642857142857,7.53551401869159,-10.0,0.0,0.0,-45.0,0.0598130841121495,0.4710280373831775,0.5703703703703704,1.7703703703703704,3.2214285714285715,2013-06-17,Ete
3836,201325,21,CHAMPAGNE-ARDENNE,11.517857142857142,200.9821428571429,3.8428571428571425,292.2642857142857,288.4955357142857,79.98214285714286,18969.64285714286,90.8974358974359,4.2592592592592595,1306.2337662337663,100153.57142857143,289.0785714285714,295.99642857142857,287.07857142857137,7.288392857142858,-10.0,0.0,0.0,-44.44444444444444,0.1285714285714286,0.7142857142857143,1.8928571428571428,2.5714285714285716,4.864285714285714,2013-06-17,Ete
3837,201325,94,CORSE,-3.2142857142857144,150.625,3.15625,296.09909090909093,289.1818181818182,67.96363636363637,30955.35714285714,26.344086021505376,1.515625,1883.8235294117649,101486.60714285714,292.48846153846154,299.69615384615383,288.15,5.242857142857143,-10.0,0.0,0.0,-44.32835820895522,0.0,0.0018867924528301,0.0,0.008,0.0166666666666666,2013-06-17,Ete
3838,201325,43,FRANCHE-COMTE,12.142857142857142,205.0,2.9642857142857144,294.40267857142857,287.43839285714284,67.19642857142857,38649.107142857145,72.1875,2.5681818181818183,1520.0,98573.57142857143,290.0785714285714,299.1928571428571,287.65,6.2124999999999995,-10.0,0.0,0.0,-42.55813953488372,0.1598214285714285,0.5303571428571429,0.6857142857142857,2.0785714285714287,4.078571428571428,2013-06-17,Ete
3839,201325,23,HAUTE-NORMANDIE,12.5,188.3928571428571,5.504464285714286,288.35267857142856,285.95714285714286,86.125,16909.375,91.27173913043478,6.046153846153846,1016.3855421686746,100335.53571428572,286.41785714285714,291.0392857142857,285.2928571428571,9.069642857142858,-10.0,0.0,0.0,-45.0,0.0714285714285714,0.2517857142857143,0.4571428571428572,0.9928571428571428,2.0285714285714285,2013-06-17,Ete
3840,201325,91,LANGUEDOC-ROUSSILLON,20.9009009009009,218.73873873873873,4.91981981981982,292.8418918918919,286.8310810810811,70.5945945945946,36166.666666666664,71.1734693877551,4.253731343283582,1390.625,100709.36936936936,290.23214285714283,295.8607142857143,288.57857142857137,8.414414414414415,-10.0,0.0,0.0,-46.666666666666664,0.0882882882882882,0.409009009009009,0.45,1.6666666666666667,3.484615384615384,2013-06-17,Ete
3841,201325,74,LIMOUSIN,24.375,195.80357142857144,4.011607142857143,289.21785714285716,286.3955357142857,84.50892857142857,31222.80701754386,93.76190476190476,5.818181818181818,735.4455445544554,98512.76785714286,287.28214285714284,292.3642857142857,285.72142857142853,7.536607142857143,-10.0,0.0,0.0,-45.0,0.45,0.8982142857142856,1.657142857142857,3.692857142857143,7.228571428571429,2013-06-17,Ete
3842,201325,41,LORRAINE,0.8518339768339769,193.21428571428572,3.340515796260477,284.8620535714286,280.4638392857143,76.875,22941.964285714286,77.08380069025021,4.472972972972973,1404.9461206896551,100070.444015444,281.3357142857143,288.05357142857144,279.2928571428571,6.159821428571428,-10.0,0.0,0.0,-45.0,0.05740025740025735,0.18908730158730155,0.3345238095238095,0.7571428571428571,1.5214285714285716,2013-06-17,Ete
3843,201325,73,MIDI-PYRENEES,31.071428571428573,235.0,3.3026785714285714,289.51785714285717,285.83660714285713,80.21428571428571,26536.585365853654,90.06666666666666,6.038461538461538,825.0632911392405,98435.35714285714,286.825,292.9857142857143,285.5071428571428,6.430357142857143,-10.0,0.0,0.0,-46.15384615384615,0.1964285714285714,0.8232142857142858,0.9,3.292857142857143,6.464285714285714,2013-06-17,Ete
3844,201325,31,NORD-PAS-DE-CALAIS,2.767857142857143,191.78571428571428,4.394642857142857,290.2669642857143,287.29464285714283,83.91071428571429,17887.38738738739,89.64285714285714,5.240963855421687,1567.2619047619048,100581.69642857143,287.7642857142857,293.62857142857143,286.72142857142853,7.955357142857143,-10.0,0.0,0.0,-43.63636363636363,0.1589285714285714,0.5660714285714286,1.085714285714286,2.257142857142857,4.307142857142857,2013-06-17,Ete
3845,201325,52,PAYS-DE-LA-LOIRE,0.8518339768339769,193.21428571428572,3.340515796260477,284.8620535714286,280.4638392857143,76.875,22941.964285714286,77.08380069025021,4.472972972972973,1404.9461206896551,100070.444015444,281.3357142857143,288.05357142857144,279.2928571428571,6.159821428571428,-10.0,0.0,0.0,-45.0,0.05740025740025735,0.18908730158730155,0.3345238095238095,0.7571428571428571,1.5214285714285716,2013-06-17,Ete
3846,201325,22,PICARDIE,2.767857142857143,191.78571428571428,4.394642857142857,290.2669642857143,287.29464285714283,83.91071428571429,17887.38738738739,89.64285714285714,5.240963855421687,1567.2619047619048,100581.69642857143,287.7642857142857,293.62857142857143,286.72142857142853,7.955357142857143,-10.0,0.0,0.0,-43.63636363636363,0.1589285714285714,0.5660714285714286,1.085714285714286,2.257142857142857,4.307142857142857,2013-06-17,Ete
3847,201325,54,POITOU-CHARENTES,25.42056074766355,202.05607476635515,3.88785046728972,290.4771028037383,286.9004672897196,80.94392523364486,27642.5,91.68367346938776,5.0,925.4347826086956,99869.15887850468,288.0537037037037,294.0537037037037,286.72142857142853,7.530841121495326,-10.0,0.0,0.0,-45.65217391304348,0.3495327102803738,0.5794392523364486,0.6962962962962963,2.348148148148148,4.392857142857143,2013-06-17,Ete
3848,201325,93,PROVENCE-ALPES-COTE-D-AZUR,0.8518339768339769,193.21428571428572,3.340515796260477,284.8620535714286,280.4638392857143,76.875,22941.964285714286,77.08380069025021,4.472972972972973,1404.9461206896551,100070.444015444,281.3357142857143,288.05357142857144,279.2928571428571,6.159821428571428,-10.0,0.0,0.0,-45.0,0.05740025740025735,0.18908730158730155,0.3345238095238095,0.7571428571428571,1.5214285714285716,2013-06-17,Ete
3849,201325,11,ILE-DE-FRANCE,13.214285714285714,210.53571428571428,4.0,291.74285714285713,287.53214285714284,77.53571428571429,22232.14285714286,84.45454545454545,4.527272727272727,1403.6363636363635,100328.21428571428,288.81428571428575,295.2285714285714,287.72142857142853,7.698214285714286,-10.0,0.0,0.0,-44.72727272727273,0.0964285714285714,0.8321428571428572,0.9714285714285714,3.185714285714286,6.1000000000000005,2013-06-17,Ete
3850,201325,82,RHONE-ALPES,15.357142857142858,191.96428571428572,3.230357142857143,295.6875,285.49107142857144,54.214285714285715,37946.42857142857,58.660714285714285,3.018181818181818,2958.035714285714,98727.67857142857,292.15,299.6714285714285,289.2928571428571,6.446428571428571,-10.0,0.0,0.0,-45.27272727272727,0.0,0.1642857142857142,0.0,0.6428571428571429,1.3285714285714287,2013-06-17,Ete
3851,201324,42,ALSACE,8.518518518518519,194.40366972477065,2.1027522935779817,291.24174311926606,285.393119266055,71.07339449541284,37300.91743119266,95.30357142857144,4.472972972972973,1204.225352112676,99491.376146789,286.7269230769231,294.90769230769234,283.6884615384615,4.53394495412844,-10.0,0.0,0.0,-45.0,0.0660550458715596,0.2425925925925925,0.6538461538461539,0.8461538461538461,1.8166666666666669,2013-06-10,Ete
3852,201324,72,AQUITAINE,-8.571428571428571,205.44642857142856,2.7455357142857144,292.0785714285714,286.80625,73.76785714285714,30196.969696969696,70.80459770114942,4.75,1336.428571428571,100662.05357142857,287.79285714285714,295.84285714285716,285.72142857142853,5.213392857142857,-10.0,0.0,0.0,-47.36842105263158,0.0553571428571428,0.1321428571428571,0.25,0.5142857142857143,1.657142857142857,2013-06-10,Ete
3853,201324,83,AUVERGNE,2.2222222222222223,134.54545454545453,1.8836363636363636,291.51363636363635,285.5409090909091,70.49090909090908,31036.363636363636,57.72727272727273,3.62,1847.0,97932.18181818182,286.5285714285714,295.7785714285714,283.81666666666666,4.261818181818182,-10.0,0.0,0.0,-45.0,0.0042553191489361,0.0045454545454545,0.0,0.1818181818181818,1.6,2013-06-10,Ete
3854,201324,25,BASSE-NORMANDIE,-2.0535714285714284,189.91071428571428,3.882142857142857,288.2035714285714,283.86785714285713,76.69642857142857,24766.071428571428,92.07865168539324,5.236363636363636,1048.3870967741937,100362.5,285.0785714285714,291.33214285714286,282.57857142857137,7.123214285714285,-10.0,0.0,0.0,-45.27272727272727,0.0142857142857142,0.0607142857142857,0.1142857142857143,0.2285714285714286,0.4714285714285715,2013-06-10,Ete
3855,201324,26,BOURGOGNE,2.142857142857143,196.78571428571428,2.169642857142857,290.12410714285716,285.59285714285716,76.44642857142857,28126.785714285714,90.81428571428572,5.214285714285714,1279.493670886076,99453.66071428572,285.7142857142857,293.875,283.3642857142857,4.432142857142857,-10.0,0.0,0.0,-45.0,0.0571428571428571,0.2053571428571428,0.3285714285714285,0.7357142857142858,1.4,2013-06-10,Ete
3856,201324,53,BRETAGNE,-7.142857142857143,201.48809523809524,5.202976190476191,287.77857142857147,284.4059523809524,81.46428571428571,18569.444444444445,92.16666666666669,6.457831325301205,597.1317829457364,100736.36904761904,285.43571428571425,290.26190476190476,283.72142857142853,9.476785714285716,-10.0,0.0,0.0,-44.680851063829785,0.0595238095238095,0.2238095238095238,0.438095238095238,0.8761904761904761,2.1785714285714284,2013-06-10,Ete
3857,201324,24,CENTRE,0.625,192.8571428571429,2.691071428571429,289.5857142857143,285.1401785714286,76.48214285714286,21350.89285714286,82.2872340425532,4.590361445783133,1596.3366336633662,100219.55357142857,286.05357142857144,292.88214285714287,283.72142857142853,5.2491071428571425,-10.0,0.0,0.0,-45.2,0.0446428571428571,0.1517857142857142,0.15,0.5928571428571429,1.4642857142857142,2013-06-10,Ete
3858,201324,21,CHAMPAGNE-ARDENNE,2.090909090909091,187.45454545454547,2.7181818181818183,288.70818181818186,284.96090909090907,80.23636363636363,17035.454545454544,88.91780821917808,5.038461538461538,1047.972972972973,100455.81818181818,284.75357142857143,292.7142857142857,281.3642857142857,5.156363636363637,-10.0,0.0,0.0,-45.0,0.0581818181818181,0.2109090909090909,0.1333333333333333,0.8571428571428571,1.8142857142857145,2013-06-10,Ete
3859,201324,94,CORSE,8.125,147.94642857142858,2.53125,293.28214285714284,288.36607142857144,74.44642857142857,26999.10714285714,27.267441860465116,2.047619047619047,1980.4545454545455,101530.0,290.0107142857143,296.39285714285717,285.43571428571425,4.415178571428571,-10.0,0.0,0.0,-43.18181818181818,0.0160714285714285,0.0392857142857142,0.0357142857142857,0.1571428571428571,0.5857142857142856,2013-06-10,Ete
3860,201324,43,FRANCHE-COMTE,5.803571428571429,195.2678571428571,2.274107142857143,291.1125,285.6955357142857,72.75,33856.25,80.08974358974359,3.6666666666666665,1272.5,98801.78571428572,286.6357142857143,294.88571428571424,283.7928571428571,4.815178571428571,-10.0,0.0,0.0,-42.0,0.0571428571428571,0.3107142857142856,0.4074074074074074,1.0074074074074073,2.0846153846153843,2013-06-10,Ete
3861,201324,23,HAUTE-NORMANDIE,-2.0535714285714284,189.82142857142856,5.628571428571428,287.35,283.74910714285716,79.94642857142857,20875.24752475247,85.8695652173913,5.408450704225352,1136.4130434782608,100528.21428571428,284.9035714285714,289.9785714285714,281.0071428571428,9.011607142857144,-10.0,0.0,0.0,-45.0,0.0285714285714285,0.1189189189189189,0.2214285714285714,0.4518518518518518,0.8769230769230769,2013-06-10,Ete
3862,201324,91,LANGUEDOC-ROUSSILLON,2.0535714285714284,213.4821428571429,3.2857142857142856,293.81339285714284,287.3205357142857,68.5,38348.21428571428,46.30952380952381,2.9649122807017543,2217.323943661972,100801.16071428572,289.50714285714287,297.3892857142857,286.8642857142857,5.819642857142857,-10.0,0.0,0.0,-47.77777777777778,0.0144144144144144,0.0324324324324324,0.8857142857142858,0.9777777777777776,3.1153846153846154,2013-06-10,Ete
3863,201324,74,LIMOUSIN,-2.3423423423423424,204.32432432432432,2.387387387387387,289.1725225225225,285.42657657657657,80.03603603603604,33601.754385964916,84.3103448275862,5.074074074074074,1050.2247191011236,98726.57657657658,285.36785714285713,292.84999999999997,282.07857142857137,4.551351351351351,-10.0,0.0,0.0,-43.63636363636363,0.1495495495495495,0.4054545454545454,1.0857142857142856,1.6814814814814814,4.015384615384615,2013-06-10,Ete
3864,201324,41,LORRAINE,0.8518339768339769,193.21428571428572,3.340515796260477,284.8620535714286,280.4638392857143,76.875,22941.964285714286,77.08380069025021,4.472972972972973,1404.9461206896551,100070.444015444,281.3357142857143,288.05357142857144,279.2928571428571,6.159821428571428,-10.0,0.0,0.0,-45.0,0.05740025740025735,0.18908730158730155,0.3345238095238095,0.7571428571428571,1.5214285714285716,2013-06-10,Ete
3865,201324,73,MIDI-PYRENEES,-7.321428571428571,205.2678571428571,2.4125,291.92589285714286,286.9348214285714,74.78571428571429,30072.289156626503,66.29032258064517,4.739130434782608,1379.322033898305,98541.60714285714,287.1392857142857,295.7107142857143,283.57857142857137,5.013392857142857,-10.0,0.0,0.0,-45.88235294117647,0.0375,0.0910714285714285,0.0857142857142857,0.3785714285714285,3.2142857142857144,2013-06-10,Ete
3866,201324,31,NORD-PAS-DE-CALAIS,2.232142857142857,200.17857142857144,4.455357142857143,288.4839285714286,282.91785714285714,70.90178571428571,25258.928571428572,76.02409638554217,4.531645569620253,1123.4177215189873,100840.625,285.37857142857143,291.58214285714286,283.93571428571425,7.826785714285714,-10.0,0.0,0.0,-43.63636363636363,0.0196428571428571,0.0464285714285714,0.0642857142857143,0.1857142857142857,0.2615384615384615,2013-06-10,Ete
3867,201324,52,PAYS-DE-LA-LOIRE,0.8518339768339769,193.21428571428572,3.340515796260477,284.8620535714286,280.4638392857143,76.875,22941.964285714286,77.08380069025021,4.472972972972973,1404.9461206896551,100070.444015444,281.3357142857143,288.05357142857144,279.2928571428571,6.159821428571428,-10.0,0.0,0.0,-45.0,0.05740025740025735,0.18908730158730155,0.3345238095238095,0.7571428571428571,1.5214285714285716,2013-06-10,Ete
3868,201324,22,PICARDIE,2.232142857142857,200.17857142857144,4.455357142857143,288.4839285714286,282.91785714285714,70.90178571428571,25258.928571428572,76.02409638554217,4.531645569620253,1123.4177215189873,100840.625,285.37857142857143,291.58214285714286,283.93571428571425,7.826785714285714,-10.0,0.0,0.0,-43.63636363636363,0.0196428571428571,0.0464285714285714,0.0642857142857143,0.1857142857142857,0.2615384615384615,2013-06-10,Ete
3869,201324,54,POITOU-CHARENTES,-1.7117117117117118,206.93693693693697,2.5108108108108107,289.4445945945946,285.67792792792795,79.990990990991,24317.85714285714,87.4390243902439,5.0,1245.1724137931035,100096.12612612612,285.6607142857143,293.15714285714284,282.72142857142853,4.848648648648649,-10.0,0.0,0.0,-45.0,0.1099099099099099,0.3297297297297297,0.9428571428571428,1.3357142857142856,3.142857142857143,2013-06-10,Ete
3870,201324,93,PROVENCE-ALPES-COTE-D-AZUR,0.8518339768339769,193.21428571428572,3.340515796260477,284.8620535714286,280.4638392857143,76.875,22941.964285714286,77.08380069025021,4.472972972972973,1404.9461206896551,100070.444015444,281.3357142857143,288.05357142857144,279.2928571428571,6.159821428571428,-10.0,0.0,0.0,-45.0,0.05740025740025735,0.18908730158730155,0.3345238095238095,0.7571428571428571,1.5214285714285716,2013-06-10,Ete
3871,201324,11,ILE-DE-FRANCE,1.0714285714285714,180.53571428571428,3.0839285714285714,289.43035714285713,284.6589285714286,74.78571428571429,23982.14285714286,78.66071428571429,4.2727272727272725,1791.9642857142858,100614.28571428572,286.2857142857143,292.29285714285714,283.2928571428571,5.7749999999999995,-10.0,0.0,0.0,-45.27272727272727,0.0357142857142857,0.1464285714285714,0.1428571428571428,0.5,1.6285714285714286,2013-06-10,Ete
3872,201324,82,RHONE-ALPES,4.545454545454546,184.9090909090909,2.6872727272727275,292.57,285.98636363636365,68.89090909090909,29203.636363636364,53.27272727272727,2.764705882352941,2065.0,98921.63636363635,287.79615384615386,295.78076923076924,284.81666666666666,5.214814814814815,-10.0,0.0,0.0,-44.72727272727273,0.24,0.5272727272727272,0.5,2.230769230769231,4.733333333333333,2013-06-10,Ete
3873,201323,42,ALSACE,-24.375,140.17857142857142,3.1080357142857147,291.0285714285714,282.95625,61.5,45190.17857142857,95.96153846153848,4.472972972972973,1526.060606060606,99452.32142857143,285.69642857142856,295.7964285714285,282.43571428571425,5.741071428571429,-10.0,0.0,0.0,-45.0,0.0607142857142857,0.1857142857142857,0.3928571428571428,0.75,1.4785714285714284,2013-06-03,Ete
3874,201323,72,AQUITAINE,-17.946428571428573,167.32142857142858,3.5089285714285716,290.76160714285714,284.13392857142856,68.16071428571429,39076.92307692308,62.19101123595506,3.203125,1881.5068493150684,100315.44642857143,286.42857142857144,295.25,284.0071428571428,6.490178571428571,-10.0,0.0,0.0,-45.333333333333336,0.1366071428571428,0.5017857142857143,1.4428571428571428,1.9785714285714284,3.2642857142857147,2013-06-03,Ete
3875,201323,83,AUVERGNE,-22.321428571428573,163.21428571428572,2.3017857142857143,289.8267857142857,281.8875,61.910714285714285,32910.71428571428,42.09090909090909,2.22,2051.0,97726.78571428572,284.6571428571429,294.54285714285714,280.8642857142857,5.357142857142857,-10.0,0.0,0.0,-45.0,0.0039215686274509,0.0739130434782608,0.0166666666666666,0.3090909090909091,0.64,2013-06-03,Ete
3876,201323,25,BASSE-NORMANDIE,-27.232142857142858,79.73214285714286,4.00625,287.45625,283.51339285714283,78.91071428571429,15426.168224299065,64.453125,3.1481481481481484,1147.0588235294117,100638.125,284.2107142857143,291.0214285714286,280.7928571428571,7.173214285714286,-10.0,0.0,0.0,-45.0,0.0053571428571428,0.0846846846846847,0.2857142857142857,0.3259259259259259,0.0615384615384615,2013-06-03,Ete
3877,201323,26,BOURGOGNE,-24.107142857142858,125.08928571428572,3.0625,290.9330357142857,283.62321428571425,64.29464285714286,35681.25,69.36170212765957,2.3043478260869565,1942.608695652174,99312.14285714286,286.25714285714287,295.5785714285715,283.43571428571425,5.605357142857143,-10.0,0.0,0.0,-45.78947368421053,0.0107142857142857,0.0892857142857142,0.3571428571428571,0.3928571428571428,0.7642857142857142,2013-06-03,Ete
3878,201323,53,BRETAGNE,-27.797619047619047,81.60714285714286,4.628571428571429,287.36845238095236,283.622619047619,79.92261904761905,13443.835616438357,66.8785046728972,3.566265060240964,2387.3584905660377,101086.42857142857,284.1738095238095,290.8071428571428,280.65,7.933333333333333,-10.0,0.0,0.0,-44.57142857142857,0.0523809523809523,0.1844311377245509,0.4682926829268292,0.7523809523809524,2.1357142857142857,2013-06-03,Ete
3879,201323,24,CENTRE,-26.964285714285715,80.89285714285714,3.5160714285714287,290.9,283.57142857142856,64.54464285714286,22973.214285714286,50.747126436781606,2.646153846153846,2698.6486486486488,100190.53571428572,286.45714285714286,295.0892857142857,284.43571428571425,6.725892857142857,-10.0,0.0,0.0,-45.2112676056338,0.0875,0.3875,1.042857142857143,1.6071428571428572,2.892857142857143,2013-06-03,Ete
3880,201323,21,CHAMPAGNE-ARDENNE,-26.875,163.48214285714286,2.794642857142857,289.84375,283.77767857142857,70.08035714285714,19091.964285714286,61.30952380952381,1.7307692307692308,2129.591836734694,100507.23214285714,284.3642857142857,295.01071428571424,280.5071428571428,5.267857142857143,-10.0,0.0,0.0,-45.0,0.0446428571428571,0.1607142857142857,0.3928571428571428,0.7214285714285714,1.2714285714285711,2013-06-03,Ete
3881,201323,94,CORSE,-0.8035714285714286,133.66071428571428,2.5633928571428575,291.3392857142857,286.7910714285714,75.99107142857143,22142.85714285714,49.27835051546392,2.1666666666666665,1551.1363636363635,101431.33928571428,288.01785714285717,294.76785714285717,283.43571428571425,4.520535714285715,-10.0,0.0,0.0,-43.098591549295776,0.0124999999999999,0.0410714285714285,0.1071428571428571,0.1928571428571428,0.1,2013-06-03,Ete
3882,201323,43,FRANCHE-COMTE,-22.142857142857142,173.39285714285714,2.6517857142857144,290.31875,283.15982142857143,65.13392857142857,38038.392857142855,64.75806451612904,2.5681818181818183,1655.8064516129032,98720.625,285.24285714285713,295.2,281.43571428571425,5.213392857142857,-10.0,0.0,0.0,-42.391304347826086,0.0875,0.1603603603603603,0.5,0.65,1.2857142857142858,2013-06-03,Ete
3883,201323,23,HAUTE-NORMANDIE,-27.321428571428573,72.85714285714286,6.269642857142857,286.92857142857144,282.60267857142856,76.66964285714286,14756.25,59.30555555555556,3.2063492063492065,2441.014492753623,101004.55357142857,284.0571428571429,290.07142857142856,281.57857142857137,9.507142857142856,-10.0,0.0,0.0,-44.4,0.0196428571428571,0.0144144144144144,0.0357142857142857,0.0518518518518518,0.1076923076923076,2013-06-03,Ete
3884,201323,91,LANGUEDOC-ROUSSILLON,-14.464285714285714,183.75,3.790178571428571,290.5875,283.80892857142857,67.39285714285714,39830.357142857145,56.53409090909091,2.588235294117647,3330.0,100580.53571428572,286.6821428571429,294.50714285714287,284.15,6.497321428571429,-10.0,0.0,0.0,-44.21052631578947,0.0883928571428571,0.563963963963964,1.1142857142857143,1.407142857142857,1.8071428571428572,2013-06-03,Ete
3885,201323,74,LIMOUSIN,-23.482142857142858,113.48214285714286,3.2544642857142856,289.7892857142857,283.2973214285714,67.69642857142857,49830.50847457627,59.02777777777778,2.5833333333333335,2255.0,98500.17857142857,285.2107142857143,294.0607142857143,281.5071428571428,6.1625000000000005,-10.0,0.0,0.0,-43.63636363636363,0.0249999999999999,0.1232142857142857,0.0714285714285714,0.5071428571428571,0.5714285714285714,2013-06-03,Ete
3886,201323,41,LORRAINE,0.8518339768339769,193.21428571428572,3.340515796260477,284.8620535714286,280.4638392857143,76.875,22941.964285714286,77.08380069025021,4.472972972972973,1404.9461206896551,100070.444015444,281.3357142857143,288.05357142857144,279.2928571428571,6.159821428571428,-10.0,0.0,0.0,-45.0,0.05740025740025735,0.18908730158730155,0.3345238095238095,0.7571428571428571,1.5214285714285716,2013-06-03,Ete
3887,201323,73,MIDI-PYRENEES,-16.071428571428573,195.80357142857144,3.0473214285714287,289.51339285714283,283.82410714285714,71.70535714285714,35036.14457831325,61.666666666666664,3.375,2169.1525423728813,98200.98214285714,284.81071428571425,293.9321428571429,281.0071428571428,6.051785714285714,-10.0,0.0,0.0,-44.666666666666664,0.1687499999999999,0.4696428571428571,0.9571428571428572,1.8928571428571428,1.5285714285714285,2013-06-03,Ete
3888,201323,31,NORD-PAS-DE-CALAIS,-27.678571428571427,53.035714285714285,4.838392857142857,288.0214285714286,282.66964285714283,72.67857142857143,17469.64285714286,41.890243902439025,2.955223880597015,2332.2727272727275,101312.58928571428,283.8178571428571,292.63571428571424,281.93571428571425,8.133928571428571,-10.0,0.0,0.0,-43.6,0.0,0.0017857142857142,0.0071428571428571,0.0071428571428571,0.0142857142857142,2013-06-03,Ete
3889,201323,52,PAYS-DE-LA-LOIRE,0.8518339768339769,193.21428571428572,3.340515796260477,284.8620535714286,280.4638392857143,76.875,22941.964285714286,77.08380069025021,4.472972972972973,1404.9461206896551,100070.444015444,281.3357142857143,288.05357142857144,279.2928571428571,6.159821428571428,-10.0,0.0,0.0,-45.0,0.05740025740025735,0.18908730158730155,0.3345238095238095,0.7571428571428571,1.5214285714285716,2013-06-03,Ete
3890,201323,22,PICARDIE,-27.678571428571427,53.035714285714285,4.838392857142857,288.0214285714286,282.66964285714283,72.67857142857143,17469.64285714286,41.890243902439025,2.955223880597015,2332.2727272727275,101312.58928571428,283.8178571428571,292.63571428571424,281.93571428571425,8.133928571428571,-10.0,0.0,0.0,-43.6,0.0,0.0017857142857142,0.0071428571428571,0.0071428571428571,0.0142857142857142,2013-06-03,Ete
3891,201323,54,POITOU-CHARENTES,-25.446428571428573,111.42857142857144,3.0749999999999997,290.80089285714286,284.14910714285713,67.21428571428571,32918.604651162794,58.958333333333336,2.282608695652174,2320.3125,99909.28571428572,285.975,295.3178571428571,282.3642857142857,5.835714285714286,-10.0,0.0,0.0,-44.48275862068966,0.0089285714285714,0.0732142857142857,0.0785714285714285,0.3285714285714285,0.1285714285714286,2013-06-03,Ete
3892,201323,93,PROVENCE-ALPES-COTE-D-AZUR,0.8518339768339769,193.21428571428572,3.340515796260477,284.8620535714286,280.4638392857143,76.875,22941.964285714286,77.08380069025021,4.472972972972973,1404.9461206896551,100070.444015444,281.3357142857143,288.05357142857144,279.2928571428571,6.159821428571428,-10.0,0.0,0.0,-45.0,0.05740025740025735,0.18908730158730155,0.3345238095238095,0.7571428571428571,1.5214285714285716,2013-06-03,Ete
3893,201323,11,ILE-DE-FRANCE,-27.5,58.92857142857143,3.991071428571429,290.4946428571429,283.1642857142857,64.80357142857143,20875.0,44.32692307692308,2.8333333333333335,2982.9545454545455,100725.89285714286,286.0928571428571,294.54285714285714,284.0071428571428,7.701785714285714,-10.0,0.0,0.0,-45.0,0.175,0.7535714285714287,2.0142857142857142,3.0714285714285716,5.557142857142857,2013-06-03,Ete
3894,201323,82,RHONE-ALPES,-17.272727272727273,189.63636363636363,2.9600000000000004,291.09363636363634,282.6209090909091,60.38181818181818,36858.181818181816,46.36363636363637,1.9591836734693877,2691.304347826087,98744.90909090907,286.29285714285714,295.2857142857143,283.43571428571425,5.627272727272727,-10.0,0.0,0.0,-45.27272727272727,0.0181818181818181,0.0581818181818181,0.0714285714285714,0.2142857142857142,0.4857142857142857,2013-06-03,Ete
3895,201322,42,ALSACE,9.904761904761903,238.94230769230768,3.058653846153846,285.5195238095238,281.04238095238094,76.33333333333333,30909.615384615383,96.97297297297295,4.472972972972973,1181.375,98878.95238095238,281.914,288.39799999999997,279.6884615384615,6.000970873786408,-10.0,0.0,0.0,-45.0,0.1409523809523809,0.5230769230769231,1.176923076923077,2.183333333333333,4.933333333333333,2013-05-27,Printemps
3896,201322,72,AQUITAINE,13.571428571428571,251.16071428571428,5.171428571428572,286.5,282.5142857142857,78.45535714285714,25253.125,84.4954128440367,5.386666666666667,994.6601941747572,100337.41071428572,283.80357142857144,289.6607142857143,282.57857142857137,8.858035714285714,-10.0,0.0,0.0,-46.25,0.1517857142857142,0.6482142857142856,1.342857142857143,2.6571428571428575,5.242857142857143,2013-05-27,Printemps
3897,201322,83,AUVERGNE,11.071428571428571,239.82142857142856,3.1732142857142853,285.3464285714286,279.63392857142856,69.375,26250.0,82.41071428571429,5.6,1638.392857142857,97426.07142857143,282.1714285714286,288.4785714285714,280.43571428571425,6.957142857142857,-10.0,0.0,0.0,-45.27272727272727,0.0666666666666666,0.1254901960784313,0.3636363636363636,0.5714285714285714,1.1142857142857143,2013-05-27,Printemps
3898,201322,25,BASSE-NORMANDIE,20.0,250.71428571428572,3.527678571428571,285.0991071428571,281.04285714285714,78.08035714285714,20598.214285714286,79.12790697674419,5.37037037037037,1013.8888888888888,100128.21428571428,281.8071428571429,288.3535714285714,278.43571428571425,6.450892857142857,-10.0,0.0,0.0,-45.0,0.0410714285714285,0.2142857142857142,0.4428571428571429,0.8714285714285713,1.7142857142857142,2013-05-27,Printemps
3899,201322,26,BOURGOGNE,11.818181818181818,229.0,2.876363636363636,285.1181818181818,280.98636363636365,77.7090909090909,24860.0,92.95,5.739130434782608,1047.888888888889,98926.63636363635,281.6722222222222,288.5833333333333,279.5071428571428,5.778181818181818,-10.0,0.0,0.0,-45.0,0.1236363636363636,0.4054545454545454,0.85,1.474074074074074,3.4642857142857144,2013-05-27,Printemps
3900,201322,53,BRETAGNE,20.892857142857142,258.92857142857144,4.394047619047619,285.1625,281.4732142857143,79.71428571428571,19945.57823129252,69.128,4.0843373493975905,962.983870967742,100753.09523809524,282.41190476190474,287.92857142857144,278.43571428571425,8.033928571428572,-10.0,0.0,0.0,-45.55555555555556,0.1553571428571428,0.4761904761904761,0.9285714285714286,1.8857142857142857,4.228571428571429,2013-05-27,Printemps
3901,201322,24,CENTRE,17.142857142857142,227.2321428571429,3.2026785714285713,285.93392857142857,281.1642857142857,74.89285714285714,18365.178571428572,76.89795918367346,4.84,1341.9607843137255,99769.46428571428,282.3964285714286,289.4857142857143,280.2928571428571,6.473214285714286,-10.0,0.0,0.0,-45.42857142857143,0.1321428571428571,0.3839285714285714,0.7357142857142858,1.5714285714285714,3.1785714285714284,2013-05-27,Printemps
3902,201322,21,CHAMPAGNE-ARDENNE,17.946428571428573,246.42857142857144,3.442857142857143,285.1107142857143,281.0366071428571,78.375,16051.785714285714,85.73333333333333,4.0,997.3417721518988,99948.83928571428,281.23214285714283,289.1142857142857,278.3642857142857,6.453571428571429,-10.0,0.0,0.0,-45.55555555555556,0.0678571428571428,0.2678571428571428,0.5214285714285715,1.042857142857143,2.242857142857143,2013-05-27,Printemps
3903,201322,94,CORSE,-4.642857142857143,176.16071428571428,3.544642857142857,288.93571428571425,283.5705357142857,71.77678571428571,29392.85714285714,63.48484848484848,3.5176470588235293,961.1111111111112,100749.46428571428,285.67857142857144,291.45,281.72142857142853,5.748214285714285,-10.0,0.0,0.0,-43.67088607594937,0.0410714285714285,0.1642857142857143,0.3428571428571428,0.6642857142857144,1.3142857142857145,2013-05-27,Printemps
3904,201322,43,FRANCHE-COMTE,9.363636363636363,222.0,3.0063636363636363,284.96090909090907,280.7772727272727,77.48181818181818,27604.545454545456,91.7741935483871,5.468085106382978,1126.6315789473683,98164.81818181818,282.0870370370371,288.00925925925924,280.15,6.011818181818182,-10.0,0.0,0.0,-43.69565217391305,0.1845454545454545,0.509090909090909,1.2142857142857142,2.022222222222222,4.514285714285714,2013-05-27,Printemps
3905,201322,23,HAUTE-NORMANDIE,21.607142857142858,238.83928571428572,3.8642857142857143,284.84285714285716,281.3276785714286,80.10714285714286,15629.896907216496,70.54878048780488,4.140625,2227.701149425287,100381.51785714286,282.4107142857143,287.31428571428575,278.0071428571428,6.507142857142857,-10.0,0.0,0.0,-42.63157894736842,0.1,0.2464285714285714,0.7571428571428571,1.0857142857142856,2.092857142857143,2013-05-27,Printemps
3906,201322,91,LANGUEDOC-ROUSSILLON,7.410714285714286,250.9821428571429,6.278571428571429,287.9633928571429,280.9955357142857,66.83928571428571,36848.21428571428,73.41346153846153,4.154929577464789,1638.265306122449,100348.66071428572,284.6821428571429,291.1464285714286,282.65,10.438392857142858,-10.0,0.0,0.0,-44.44444444444444,0.1107142857142857,0.3696428571428571,1.0571428571428572,1.5,2.95,2013-05-27,Printemps
3907,201322,74,LIMOUSIN,14.642857142857142,229.55357142857144,3.3535714285714286,284.9294642857143,281.11875,79.32142857142857,38040.350877192985,85.45,5.327272727272727,1041.5533980582525,98304.375,281.68571428571425,288.1357142857143,279.7928571428571,6.560714285714285,-10.0,0.0,0.0,-45.0,0.1639639639639639,0.4612612612612612,0.7357142857142858,1.8714285714285712,3.664285714285714,2013-05-27,Printemps
3908,201322,41,LORRAINE,0.8518339768339769,193.21428571428572,3.340515796260477,284.8620535714286,280.4638392857143,76.875,22941.964285714286,77.08380069025021,4.472972972972973,1404.9461206896551,100070.444015444,281.3357142857143,288.05357142857144,279.2928571428571,6.159821428571428,-10.0,0.0,0.0,-45.0,0.05740025740025735,0.18908730158730155,0.3345238095238095,0.7571428571428571,1.5214285714285716,2013-05-27,Printemps
3909,201322,73,MIDI-PYRENEES,13.482142857142858,254.375,4.730357142857143,284.8901785714286,281.6276785714286,81.39285714285714,22614.4578313253,90.625,6.351851851851852,933.3333333333334,98224.46428571428,282.0464285714286,288.2785714285714,279.7928571428571,8.970535714285715,-10.0,0.0,0.0,-45.0,0.3366071428571429,1.0535714285714286,2.507142857142857,4.142857142857143,7.978571428571429,2013-05-27,Printemps
3910,201322,31,NORD-PAS-DE-CALAIS,23.303571428571427,267.4107142857143,4.251785714285714,284.94107142857143,281.03482142857143,79.34821428571429,19588.39285714286,71.07142857142857,5.0131578947368425,1558.4415584415583,100557.14285714286,281.96785714285716,288.06428571428575,280.22142857142853,7.045535714285714,-10.0,0.0,0.0,-44.02597402597402,0.0964285714285714,0.2089285714285714,0.3642857142857142,0.8428571428571429,1.742857142857143,2013-05-27,Printemps
3911,201322,52,PAYS-DE-LA-LOIRE,0.8518339768339769,193.21428571428572,3.340515796260477,284.8620535714286,280.4638392857143,76.875,22941.964285714286,77.08380069025021,4.472972972972973,1404.9461206896551,100070.444015444,281.3357142857143,288.05357142857144,279.2928571428571,6.159821428571428,-10.0,0.0,0.0,-45.0,0.05740025740025735,0.18908730158730155,0.3345238095238095,0.7571428571428571,1.5214285714285716,2013-05-27,Printemps
3912,201322,22,PICARDIE,23.303571428571427,267.4107142857143,4.251785714285714,284.94107142857143,281.03482142857143,79.34821428571429,19588.39285714286,71.07142857142857,5.0131578947368425,1558.4415584415583,100557.14285714286,281.96785714285716,288.06428571428575,280.22142857142853,7.045535714285714,-10.0,0.0,0.0,-44.02597402597402,0.0964285714285714,0.2089285714285714,0.3642857142857142,0.8428571428571429,1.742857142857143,2013-05-27,Printemps
3913,201322,54,POITOU-CHARENTES,15.535714285714286,237.5,3.164285714285714,285.6830357142857,281.5669642857143,78.01785714285714,25548.235294117647,86.4,5.56,1147.2448979591836,99656.16071428572,282.0964285714286,289.2607142857143,280.0071428571428,6.190178571428571,-10.0,0.0,0.0,-45.0,0.1910714285714285,0.4946428571428571,0.9214285714285716,2.0214285714285714,3.9642857142857144,2013-05-27,Printemps
3914,201322,93,PROVENCE-ALPES-COTE-D-AZUR,0.8518339768339769,193.21428571428572,3.340515796260477,284.8620535714286,280.4638392857143,76.875,22941.964285714286,77.08380069025021,4.472972972972973,1404.9461206896551,100070.444015444,281.3357142857143,288.05357142857144,279.2928571428571,6.159821428571428,-10.0,0.0,0.0,-45.0,0.05740025740025735,0.18908730158730155,0.3345238095238095,0.7571428571428571,1.5214285714285716,2013-05-27,Printemps
3915,201322,11,ILE-DE-FRANCE,18.571428571428573,220.17857142857144,3.501785714285714,286.18392857142857,281.01785714285717,73.0,19183.928571428572,67.32142857142857,4.4423076923076925,1675.0,100195.89285714286,282.6142857142857,289.82142857142856,279.8642857142857,6.933928571428572,-10.0,0.0,0.0,-45.55555555555556,0.0821428571428571,0.25,0.5,1.0142857142857142,2.1,2013-05-27,Printemps
3916,201322,82,RHONE-ALPES,14.074074074074074,208.36363636363637,3.470909090909091,284.9572727272727,281.37,79.81818181818181,23836.363636363636,75.63636363636364,5.490566037735849,1220.1923076923076,98366.72727272728,282.84230769230766,287.1115384615385,280.72142857142853,6.9,-10.0,0.0,0.0,-45.27272727272727,0.1890909090909091,0.5444444444444445,0.3384615384615385,2.3076923076923075,4.3,2013-05-27,Printemps
3917,201321,42,ALSACE,6.696428571428571,228.57142857142856,3.2982142857142853,282.18035714285713,279.13125,82.27678571428571,38892.857142857145,98.7378640776699,4.472972972972973,954.5454545454544,99098.03571428572,280.16785714285714,284.45,278.7928571428571,6.383035714285714,-10.0,0.0,0.0,-45.0,0.1669642857142857,0.5099099099099099,0.9777777777777776,2.051851851851852,4.2153846153846155,2013-05-20,Printemps
3918,201321,72,AQUITAINE,-4.464285714285714,249.82142857142856,4.745535714285714,284.96160714285713,280.4035714285714,75.99107142857143,29925.0,77.78350515463917,5.36986301369863,1026.2745098039215,100668.48214285714,281.95,287.7642857142857,279.93571428571425,8.332142857142857,-10.0,0.0,0.0,-46.41509433962264,0.0946428571428571,0.2571428571428572,0.45,1.05,2.414285714285714,2013-05-20,Printemps
3919,201321,83,AUVERGNE,3.5714285714285716,184.6428571428571,2.5678571428571426,282.4875,277.5,72.375,24642.85714285714,83.98148148148148,6.134615384615385,991.0714285714286,97676.42857142857,279.8285714285714,285.49285714285713,277.15,5.825,-10.0,0.0,0.0,-45.57692307692308,0.0545454545454545,0.2037735849056604,0.7076923076923076,0.8571428571428571,1.6571428571428573,2013-05-20,Printemps
3920,201321,25,BASSE-NORMANDIE,7.589285714285714,257.23214285714283,3.81875,282.96964285714284,279.81428571428575,82.16071428571429,18309.090909090908,85.74468085106383,5.607142857142857,919.6938775510204,100350.89285714286,280.59444444444443,285.40555555555557,277.84230769230766,7.257657657657658,-10.0,0.0,0.0,-45.0,0.1855855855855856,0.42,1.0222222222222224,1.8962962962962964,4.061538461538461,2013-05-20,Printemps
3921,201321,26,BOURGOGNE,6.607142857142857,259.9107142857143,3.351785714285714,282.25178571428575,279.24107142857144,82.65178571428571,26912.5,95.05,6.296296296296297,832.6470588235294,99145.17857142857,279.9107142857143,284.63214285714287,278.43571428571425,6.716964285714285,-10.0,0.0,0.0,-45.65217391304348,0.2330357142857143,0.6848214285714286,1.4857142857142858,2.9285714285714284,6.371428571428572,2013-05-20,Printemps
3922,201321,53,BRETAGNE,3.869047619047619,260.4761904761905,4.557142857142857,283.8803571428572,279.79464285714283,77.26190476190476,22255.102040816328,78.9172932330827,5.441860465116279,972.8676470588236,101112.85714285714,281.62380952380954,285.97857142857146,278.72142857142853,8.33095238095238,-10.0,0.0,0.0,-44.716981132075475,0.0202380952380952,0.1023809523809523,0.2238095238095238,0.4857142857142856,1.3285714285714287,2013-05-20,Printemps
3923,201321,24,CENTRE,7.589285714285714,274.9107142857143,3.4955357142857144,283.0366071428571,279.44375,80.19642857142857,16269.642857142857,87.12264150943396,5.807228915662651,1001.651376146789,99960.35714285714,280.5785714285714,285.36785714285713,279.07857142857137,7.105357142857143,-10.0,0.0,0.0,-45.18987341772152,0.2839285714285714,0.7687499999999999,1.6714285714285713,3.2285714285714286,6.778571428571429,2013-05-20,Printemps
3924,201321,21,CHAMPAGNE-ARDENNE,9.107142857142858,255.80357142857144,3.4598214285714284,282.37410714285716,279.4205357142857,82.89285714285714,16066.964285714286,96.88888888888889,6.814814814814815,790.3960396039604,100090.98214285714,280.0857142857143,284.9,278.93571428571425,6.648214285714286,-10.0,0.0,0.0,-45.55555555555556,0.2214285714285714,0.6875,0.9142857142857144,2.807142857142857,6.007142857142857,2013-05-20,Printemps
3925,201321,94,CORSE,-3.2142857142857144,208.21428571428572,4.2803571428571425,288.5723214285714,280.9160714285714,62.660714285714285,36214.28571428572,51.614583333333336,2.218390804597701,1137.7659574468084,100936.875,285.41785714285714,291.3285714285714,281.43571428571425,7.748214285714285,-10.0,0.0,0.0,-44.54545454545455,0.0642857142857143,0.0821428571428571,0.2571428571428572,0.3214285714285714,1.0285714285714287,2013-05-20,Printemps
3926,201321,43,FRANCHE-COMTE,6.517857142857143,234.82142857142856,3.292857142857143,281.94107142857143,278.77767857142857,81.39285714285714,30919.64285714286,96.27358490566036,6.361702127659575,859.047619047619,98410.26785714286,279.9428571428572,284.2285714285714,278.43571428571425,6.591071428571429,-10.0,0.0,0.0,-42.391304347826086,0.1919642857142857,0.6607142857142857,1.2214285714285715,2.7142857142857144,5.8999999999999995,2013-05-20,Printemps
3927,201321,23,HAUTE-NORMANDIE,7.747747747747748,269.3693693693694,5.148648648648648,282.9608108108108,279.5842342342342,80.55855855855856,16873.91304347826,80.5421686746988,5.728813559322034,1159.8809523809523,100594.50450450453,281.28214285714284,284.7714285714286,277.57857142857137,8.295495495495496,-10.0,0.0,0.0,-43.04347826086956,0.0828828828828828,0.2990990990990991,0.7000000000000001,1.2785714285714285,3.371428571428571,2013-05-20,Printemps
3928,201321,91,LANGUEDOC-ROUSSILLON,-3.6607142857142856,267.76785714285717,5.840178571428572,286.5026785714286,278.84464285714284,63.142857142857146,43410.71428571428,58.494623655913976,3.6615384615384614,1587.9120879120878,100689.64285714286,283.06071428571425,289.85714285714283,280.22142857142853,9.960714285714287,-10.0,0.0,0.0,-46.95652173913044,0.0589285714285714,0.15,0.2571428571428572,0.6285714285714287,1.5,2013-05-20,Printemps
3929,201321,74,LIMOUSIN,3.6607142857142856,244.82142857142856,3.632142857142857,282.6535714285714,279.4785714285714,82.51785714285714,25425.0,86.52083333333333,6.132075471698113,675.9375,98566.96428571428,279.8071428571429,285.2,277.93571428571425,7.097321428571428,-10.0,0.0,0.0,-45.0,0.1928571428571428,0.6410714285714285,1.1357142857142857,2.6714285714285713,6.028571428571428,2013-05-20,Printemps
3930,201321,41,LORRAINE,0.8518339768339769,193.21428571428572,3.340515796260477,284.8620535714286,280.4638392857143,76.875,22941.964285714286,77.08380069025021,4.472972972972973,1404.9461206896551,100070.444015444,281.3357142857143,288.05357142857144,279.2928571428571,6.159821428571428,-10.0,0.0,0.0,-45.0,0.05740025740025735,0.18908730158730155,0.3345238095238095,0.7571428571428571,1.5214285714285716,2013-05-20,Printemps
3931,201321,73,MIDI-PYRENEES,-5.892857142857143,242.58928571428572,4.2785714285714285,283.76339285714283,279.5732142857143,77.25892857142857,25730.95238095238,79.375,5.333333333333333,1014.025974025974,98528.75,280.6142857142857,286.6607142857143,277.72142857142853,8.329464285714286,-10.0,0.0,0.0,-44.680851063829785,0.1803571428571428,0.4522522522522523,0.9357142857142856,1.8444444444444443,3.5615384615384613,2013-05-20,Printemps
3932,201321,31,NORD-PAS-DE-CALAIS,8.378378378378379,271.44144144144144,4.385585585585586,282.2905405405405,279.368018018018,83.45945945945945,19958.55855855856,83.59756097560975,5.853658536585366,1062.3170731707316,100667.47747747749,280.20714285714286,284.2964285714286,279.0071428571428,7.480180180180181,-10.0,0.0,0.0,-44.0,0.1387387387387387,0.436036036036036,0.8785714285714287,1.707142857142857,3.721428571428571,2013-05-20,Printemps
3933,201321,52,PAYS-DE-LA-LOIRE,0.8518339768339769,193.21428571428572,3.340515796260477,284.8620535714286,280.4638392857143,76.875,22941.964285714286,77.08380069025021,4.472972972972973,1404.9461206896551,100070.444015444,281.3357142857143,288.05357142857144,279.2928571428571,6.159821428571428,-10.0,0.0,0.0,-45.0,0.05740025740025735,0.18908730158730155,0.3345238095238095,0.7571428571428571,1.5214285714285716,2013-05-20,Printemps
3934,201321,22,PICARDIE,8.378378378378379,271.44144144144144,4.385585585585586,282.2905405405405,279.368018018018,83.45945945945945,19958.55855855856,83.59756097560975,5.853658536585366,1062.3170731707316,100667.47747747749,280.20714285714286,284.2964285714286,279.0071428571428,7.480180180180181,-10.0,0.0,0.0,-44.0,0.1387387387387387,0.436036036036036,0.8785714285714287,1.707142857142857,3.721428571428571,2013-05-20,Printemps
3935,201321,54,POITOU-CHARENTES,5.535714285714286,269.10714285714283,3.5455357142857147,283.35267857142856,280.0267857142857,81.65178571428571,19192.85714285714,87.26804123711341,6.055555555555555,814.6,99903.48214285714,280.65714285714284,286.00357142857143,278.43571428571425,6.890178571428572,-10.0,0.0,0.0,-45.38461538461539,0.2357142857142857,0.6705357142857142,1.2714285714285716,2.9,6.521428571428571,2013-05-20,Printemps
3936,201321,93,PROVENCE-ALPES-COTE-D-AZUR,0.8518339768339769,193.21428571428572,3.340515796260477,284.8620535714286,280.4638392857143,76.875,22941.964285714286,77.08380069025021,4.472972972972973,1404.9461206896551,100070.444015444,281.3357142857143,288.05357142857144,279.2928571428571,6.159821428571428,-10.0,0.0,0.0,-45.0,0.05740025740025735,0.18908730158730155,0.3345238095238095,0.7571428571428571,1.5214285714285716,2013-05-20,Printemps
3937,201321,11,ILE-DE-FRANCE,8.928571428571429,266.60714285714283,3.716071428571429,283.0892857142857,279.1125,78.48214285714286,17375.0,83.57142857142857,5.571428571428571,1147.321428571429,100357.5,280.7357142857143,285.32142857142856,279.15,7.376785714285715,-10.0,0.0,0.0,-45.0,0.2714285714285714,0.7428571428571429,1.657142857142857,3.057142857142857,6.3,2013-05-20,Printemps
3938,201321,82,RHONE-ALPES,3.0357142857142856,223.21428571428572,3.1607142857142856,283.0857142857143,278.7660714285714,76.08928571428571,29375.0,86.96428571428571,6.446428571428571,1118.75,98640.89285714286,280.85714285714283,285.5857142857143,279.43571428571425,6.080357142857143,-10.0,0.0,0.0,-45.0,0.1107142857142857,0.3785714285714285,0.3,1.5142857142857142,3.371428571428571,2013-05-20,Printemps
3939,201320,42,ALSACE,-16.428571428571427,184.0178571428571,2.419642857142857,285.21517857142857,281.9767857142857,82.07142857142857,37558.92857142857,97.9157894736842,4.472972972972973,1025.6043956043957,98507.23214285714,282.42857142857144,288.3857142857143,280.2928571428571,4.925892857142857,-10.0,0.0,0.0,-45.0,0.1603603603603603,0.5747747747747748,0.8888888888888888,2.074074074074074,3.6538461538461537,2013-05-13,Printemps
3940,201320,72,AQUITAINE,-12.857142857142858,234.1071428571429,3.55625,285.20089285714283,280.54464285714283,75.22321428571429,35537.5,82.25,5.253333333333333,1196.2626262626263,99658.21428571428,281.94642857142856,288.4857142857143,280.0071428571428,6.380357142857143,-10.0,0.0,0.0,-46.11940298507463,0.0928571428571428,0.3045045045045045,0.9357142857142856,1.3333333333333333,2.661538461538462,2013-05-13,Printemps
3941,201320,83,AUVERGNE,-13.392857142857142,118.21428571428572,2.269642857142857,283.87142857142857,279.9,77.75,29232.14285714286,78.30357142857143,5.055555555555555,1167.4545454545455,96900.0,280.81428571428575,287.2285714285714,278.2928571428571,4.757142857142857,-10.0,0.0,0.0,-45.0,0.1615384615384615,0.7583333333333333,1.2307692307692308,2.892307692307692,5.3,2013-05-13,Printemps
3942,201320,25,BASSE-NORMANDIE,-10.825688073394495,163.21100917431193,3.7972477064220183,283.0545871559633,279.49311926605503,79.77064220183486,20631.428571428572,87.11578947368422,5.345454545454546,942.47311827957,99378.16513761468,280.1,286.12857142857143,277.0071428571428,7.08256880733945,-10.0,0.0,0.0,-44.44444444444444,0.1376146788990825,0.3596330275229358,0.8769230769230769,1.342857142857143,2.5285714285714285,2013-05-13,Printemps
3943,201320,26,BOURGOGNE,-15.982142857142858,181.07142857142856,2.9187499999999997,284.21964285714284,280.8383928571429,80.89285714285714,30708.928571428572,94.76530612244898,5.357142857142857,1057.2916666666667,98423.92857142857,281.3857142857143,287.6535714285714,279.3642857142857,5.6875,-10.0,0.0,0.0,-45.0,0.2303571428571428,0.6767857142857142,1.0285714285714287,2.4642857142857144,4.45,2013-05-13,Printemps
3944,201320,53,BRETAGNE,-10.416666666666666,207.1428571428571,4.546428571428571,283.27440476190475,279.56428571428575,78.88690476190476,22205.172413793105,81.33858267716535,5.383720930232558,937.6865671641792,99938.63095238096,280.87857142857143,285.84761904761905,277.3642857142857,8.234523809523811,-10.0,0.0,0.0,-45.714285714285715,0.1226190476190476,0.2773809523809524,0.3952380952380953,1.0761904761904764,2.242857142857143,2013-05-13,Printemps
3945,201320,24,CENTRE,-15.446428571428571,170.98214285714286,3.4526785714285713,284.7339285714286,280.4732142857143,76.41071428571429,22651.785714285714,86.77884615384616,5.116883116883117,1198.5436893203882,99178.39285714286,281.8642857142857,288.00714285714287,280.0071428571428,6.522321428571429,-10.0,0.0,0.0,-46.0,0.1410714285714285,0.3089285714285714,0.5071428571428571,1.1285714285714286,1.8714285714285712,2013-05-13,Printemps
3946,201320,21,CHAMPAGNE-ARDENNE,-16.428571428571427,190.3571428571429,2.8285714285714287,284.7767857142857,281.1767857142857,79.55357142857143,17896.428571428572,95.56122448979592,5.961538461538462,1071.8,99449.46428571428,282.3607142857143,287.5964285714286,280.3642857142857,5.266071428571428,-10.0,0.0,0.0,-45.0,0.1366071428571428,0.4714285714285714,0.9285714285714286,1.8285714285714287,3.1714285714285713,2013-05-13,Printemps
3947,201320,94,CORSE,5.803571428571429,163.125,3.0205357142857143,289.6482142857143,285.5,77.72321428571429,25553.571428571428,65.3921568627451,3.4235294117647057,788.4536082474227,100805.44642857143,286.6821428571429,292.6607142857143,283.43571428571425,5.552678571428571,-10.0,0.0,0.0,-43.5,0.2035714285714285,0.8196428571428571,2.15,3.185714285714286,6.014285714285714,2013-05-13,Printemps
3948,201320,43,FRANCHE-COMTE,-15.535714285714286,207.1428571428571,2.525,284.9955357142857,281.27767857142857,79.52678571428571,33730.357142857145,90.01886792452831,5.0,1023.8235294117648,97814.55357142857,282.1392857142857,288.2714285714286,279.72142857142853,5.353571428571429,-10.0,0.0,0.0,-42.857142857142854,0.2160714285714285,0.6035714285714285,0.8357142857142856,2.2357142857142858,4.064285714285714,2013-05-13,Printemps
3949,201320,23,HAUTE-NORMANDIE,-10.446428571428571,169.82142857142858,5.015178571428572,283.4160714285714,280.06160714285716,80.5,19943.29896907217,78.54838709677419,5.045454545454546,1313.6666666666667,99635.17857142857,281.2892857142857,285.3857142857143,277.72142857142853,7.941964285714286,-10.0,0.0,0.0,-45.0,0.0642857142857143,0.3053571428571429,0.6928571428571428,1.157142857142857,1.5642857142857145,2013-05-13,Printemps
3950,201320,91,LANGUEDOC-ROUSSILLON,-9.464285714285714,207.1428571428571,4.3410714285714285,287.0830357142857,281.7705357142857,72.25892857142857,36535.71428571428,72.97029702970298,4.402777777777778,1319.468085106383,99856.60714285714,284.075,290.08214285714286,282.15,7.370535714285714,-10.0,0.0,0.0,-46.0,0.0666666666666666,0.2252252252252252,0.6142857142857142,0.8888888888888888,1.6214285714285714,2013-05-13,Printemps
3951,201320,74,LIMOUSIN,-15.535714285714286,196.6071428571429,3.2312499999999997,283.03035714285716,279.71160714285713,81.54464285714286,37212.06896551724,88.33333333333333,5.888888888888889,934.6464646464648,97645.44642857143,280.2214285714286,286.12857142857143,278.0071428571428,6.133035714285714,-10.0,0.0,0.0,-45.0,0.1999999999999999,0.6339285714285714,1.1,2.507142857142857,4.235714285714286,2013-05-13,Printemps
3952,201320,41,LORRAINE,0.8518339768339769,193.21428571428572,3.340515796260477,284.8620535714286,280.4638392857143,76.875,22941.964285714286,77.08380069025021,4.472972972972973,1404.9461206896551,100070.444015444,281.3357142857143,288.05357142857144,279.2928571428571,6.159821428571428,-10.0,0.0,0.0,-45.0,0.05740025740025735,0.18908730158730155,0.3345238095238095,0.7571428571428571,1.5214285714285716,2013-05-13,Printemps
3953,201320,73,MIDI-PYRENEES,-9.72972972972973,206.3963963963964,2.903603603603604,284.63378378378377,280.21216216216214,75.90990990990991,33189.873417721516,77.42857142857143,4.92,1201.6176470588234,97553.06306306306,281.575,287.7892857142857,279.65,6.01981981981982,-10.0,0.0,0.0,-45.0,0.1027027027027027,0.3891891891891892,0.7642857142857142,1.592857142857143,2.8857142857142857,2013-05-13,Printemps
3954,201320,31,NORD-PAS-DE-CALAIS,-11.531531531531533,191.6216216216216,4.404504504504504,283.6184684684685,279.80405405405406,78.47747747747748,20652.252252252252,90.2439024390244,5.567901234567901,1105.421686746988,99923.24324324324,281.51785714285717,285.75,280.2928571428571,7.516216216216216,-10.0,0.0,0.0,-44.60526315789474,0.0576576576576576,0.1855855855855856,0.5928571428571429,1.0357142857142858,1.8357142857142856,2013-05-13,Printemps
3955,201320,52,PAYS-DE-LA-LOIRE,0.8518339768339769,193.21428571428572,3.340515796260477,284.8620535714286,280.4638392857143,76.875,22941.964285714286,77.08380069025021,4.472972972972973,1404.9461206896551,100070.444015444,281.3357142857143,288.05357142857144,279.2928571428571,6.159821428571428,-10.0,0.0,0.0,-45.0,0.05740025740025735,0.18908730158730155,0.3345238095238095,0.7571428571428571,1.5214285714285716,2013-05-13,Printemps
3956,201320,22,PICARDIE,-11.531531531531533,191.6216216216216,4.404504504504504,283.6184684684685,279.80405405405406,78.47747747747748,20652.252252252252,90.2439024390244,5.567901234567901,1105.421686746988,99923.24324324324,281.51785714285717,285.75,280.2928571428571,7.516216216216216,-10.0,0.0,0.0,-44.60526315789474,0.0576576576576576,0.1855855855855856,0.5928571428571429,1.0357142857142858,1.8357142857142856,2013-05-13,Printemps
3957,201320,54,POITOU-CHARENTES,-16.25,186.33928571428572,3.519642857142857,284.02946428571425,280.4714285714286,80.23214285714286,27694.04761904762,89.57446808510639,5.392857142857143,1076.0204081632653,99017.14285714286,281.0142857142857,287.46785714285716,278.8642857142857,6.589285714285714,-10.0,0.0,0.0,-45.0,0.2232142857142857,0.5392857142857143,0.75,2.092857142857143,3.3428571428571425,2013-05-13,Printemps
3958,201320,93,PROVENCE-ALPES-COTE-D-AZUR,0.8518339768339769,193.21428571428572,3.340515796260477,284.8620535714286,280.4638392857143,76.875,22941.964285714286,77.08380069025021,4.472972972972973,1404.9461206896551,100070.444015444,281.3357142857143,288.05357142857144,279.2928571428571,6.159821428571428,-10.0,0.0,0.0,-45.0,0.05740025740025735,0.18908730158730155,0.3345238095238095,0.7571428571428571,1.5214285714285716,2013-05-13,Printemps
3959,201320,11,ILE-DE-FRANCE,-14.821428571428571,156.42857142857142,3.5303571428571425,285.0571428571429,280.4107142857143,74.44642857142857,23607.14285714286,82.32142857142857,4.979591836734694,1309.2592592592594,99598.21428571428,282.1928571428571,288.0785714285714,279.8642857142857,6.575,-10.0,0.0,0.0,-46.47058823529411,0.0964285714285714,0.1571428571428571,0.1714285714285714,0.6,1.0,2013-05-13,Printemps
3960,201320,82,RHONE-ALPES,-14.363636363636363,182.54545454545453,2.88,285.2427272727273,281.1027272727273,77.83636363636364,26945.454545454544,70.18181818181819,4.660377358490566,1310.377358490566,97976.0,282.1928571428571,288.6,279.2928571428571,6.083636363636364,-10.0,0.0,0.0,-45.27272727272727,0.4036363636363636,1.098181818181818,2.6571428571428575,4.328571428571428,8.328571428571427,2013-05-13,Printemps
3961,201319,42,ALSACE,4.128440366972477,213.0,2.4681818181818183,287.4809090909091,282.51727272727277,73.75454545454545,41630.0,97.7560975609756,4.472972972972973,1369.2682926829268,99443.81818181818,283.98333333333335,291.18703703703704,281.7653846153846,5.258715596330275,-10.0,0.0,0.0,-45.0,0.0954128440366972,0.236697247706422,0.5333333333333333,0.9555555555555556,1.984615384615385,2013-05-06,Printemps
3962,201319,72,AQUITAINE,9.642857142857142,235.2678571428571,3.2142857142857144,288.09464285714284,282.48125,72.25892857142857,39640.625,81.9047619047619,4.838235294117647,1661.0,100812.67857142857,284.53214285714284,291.5678571428571,282.93571428571425,5.720535714285715,-10.0,0.0,0.0,-45.34883720930232,0.0732142857142857,0.2232142857142857,0.3357142857142857,0.9571428571428572,1.707142857142857,2013-05-06,Printemps
3963,201319,83,AUVERGNE,3.928571428571429,200.3571428571429,2.064285714285714,286.45,280.15535714285716,67.35714285714286,36946.42857142857,69.25925925925925,4.634615384615385,1683.9622641509434,97978.21428571428,282.5142857142857,290.2,280.0071428571428,4.9696428571428575,-10.0,0.0,0.0,-45.0,0.1,0.1764705882352941,0.44,0.6571428571428571,1.2857142857142858,2013-05-06,Printemps
3964,201319,25,BASSE-NORMANDIE,-6.6,202.7,4.197,285.841,280.777,73.44,25121.875,78.50649350649351,4.425531914893617,1355.75,100435.5,281.7153846153846,289.71153846153845,277.9833333333333,7.512,-10.0,0.0,0.0,-44.680851063829785,0.048,0.106,0.0999999999999999,0.4,0.8333333333333334,2013-05-06,Printemps
3965,201319,26,BOURGOGNE,3.125,227.94642857142856,2.607142857142857,286.5830357142857,281.4955357142857,72.90178571428571,33723.21428571428,91.14942528735632,5.730769230769231,1278.8235294117646,99460.26785714286,282.82142857142856,290.45714285714286,280.43571428571425,5.352678571428571,-10.0,0.0,0.0,-45.65217391304348,0.0428571428571428,0.1482142857142857,0.3285714285714285,0.5428571428571429,1.1642857142857144,2013-05-06,Printemps
3966,201319,53,BRETAGNE,-1.1904761904761905,216.01190476190476,5.058333333333333,285.56607142857143,281.185119047619,76.00595238095238,23411.724137931036,86.5079365079365,5.977528089887641,1103.2575757575758,100874.40476190476,282.7809523809524,288.45476190476194,279.3642857142857,9.300595238095235,-10.0,0.0,0.0,-45.0,0.075,0.2208333333333333,0.6523809523809524,0.8761904761904761,2.142857142857143,2013-05-06,Printemps
3967,201319,24,CENTRE,-0.3571428571428571,231.33928571428572,3.174107142857143,286.62321428571425,281.0392857142857,70.83928571428571,22919.64285714286,74.35,5.2105263157894735,1432.1052631578948,100224.73214285714,282.7107142857143,290.5464285714286,279.8642857142857,6.361607142857143,-10.0,0.0,0.0,-45.58441558441559,0.0107142857142857,0.0928571428571428,0.1857142857142857,0.3571428571428571,0.7285714285714285,2013-05-06,Printemps
3968,201319,21,CHAMPAGNE-ARDENNE,-2.5892857142857144,228.66071428571428,3.2285714285714286,285.75178571428575,281.8892857142857,78.41964285714286,17225.89285714286,93.0,6.285714285714286,1292.857142857143,100408.92857142857,282.5678571428571,289.2857142857143,280.07857142857137,6.066964285714286,-10.0,0.0,0.0,-45.0,0.0785714285714285,0.3178571428571429,0.3357142857142857,1.2714285714285716,2.5357142857142856,2013-05-06,Printemps
3969,201319,94,CORSE,-5.0,153.39285714285714,2.6,290.2160714285714,286.0883928571429,77.72321428571429,22797.321428571428,64.15,2.8941176470588235,1000.5,101354.73214285714,286.87857142857143,292.78214285714284,283.8642857142857,4.494642857142857,-10.0,0.0,0.0,-43.6764705882353,0.0089285714285714,0.0232142857142857,0.0571428571428571,0.0928571428571428,0.3857142857142857,2013-05-06,Printemps
3970,201319,43,FRANCHE-COMTE,4.196428571428571,219.91071428571428,2.679464285714286,287.04285714285714,281.7553571428571,72.0,37647.32142857143,88.54166666666667,3.933333333333333,1409.139784946237,98763.125,283.48571428571427,290.875,281.07857142857137,5.435714285714285,-10.0,0.0,0.0,-43.25581395348837,0.0660714285714285,0.1839285714285714,0.3642857142857142,0.7642857142857142,1.5071428571428571,2013-05-06,Printemps
3971,201319,23,HAUTE-NORMANDIE,-7.232142857142857,199.7321428571429,5.841964285714285,284.88125,280.8125,77.41071428571429,22300.0,72.375,4.796610169491525,1512.716049382716,100560.17857142857,282.32142857142856,287.75357142857143,276.57857142857137,9.41607142857143,-10.0,0.0,0.0,-45.55555555555556,0.0553571428571428,0.15,0.0714285714285714,0.5714285714285714,1.0714285714285714,2013-05-06,Printemps
3972,201319,91,LANGUEDOC-ROUSSILLON,6.339285714285714,245.17857142857144,3.880357142857143,289.83482142857144,282.5098214285714,64.71428571428571,45321.42857142857,67.62376237623762,3.5,2180.978260869565,100878.125,286.1759259259259,293.26851851851853,283.84230769230766,6.675,-10.0,0.0,0.0,-42.857142857142854,0.0285714285714285,0.072072072072072,0.1214285714285714,0.3185185185185185,0.676923076923077,2013-05-06,Printemps
3973,201319,74,LIMOUSIN,4.732142857142857,221.25,3.070535714285714,285.7767857142857,281.35625,76.10714285714286,43508.771929824565,85.75,5.2,1104.4086021505375,98800.89285714286,282.675,289.1107142857143,280.22142857142853,5.658928571428571,-10.0,0.0,0.0,-45.0,0.0482142857142857,0.1910714285714286,0.3571428571428571,0.7428571428571429,1.4642857142857142,2013-05-06,Printemps
3974,201319,41,LORRAINE,0.8518339768339769,193.21428571428572,3.340515796260477,284.8620535714286,280.4638392857143,76.875,22941.964285714286,77.08380069025021,4.472972972972973,1404.9461206896551,100070.444015444,281.3357142857143,288.05357142857144,279.2928571428571,6.159821428571428,-10.0,0.0,0.0,-45.0,0.05740025740025735,0.18908730158730155,0.3345238095238095,0.7571428571428571,1.5214285714285716,2013-05-06,Printemps
3975,201319,73,MIDI-PYRENEES,8.928571428571429,233.03571428571428,2.632142857142857,287.6107142857143,282.2892857142857,72.75892857142857,35290.12345679013,82.26666666666667,5.333333333333333,1401.8840579710145,98677.32142857143,284.075,291.2357142857143,282.07857142857137,5.2178571428571425,-10.0,0.0,0.0,-44.21052631578947,0.0936936936936937,0.236036036036036,0.3785714285714285,0.9185185185185184,1.9769230769230768,2013-05-06,Printemps
3976,201319,31,NORD-PAS-DE-CALAIS,-11.071428571428571,233.125,4.866964285714286,285.22589285714287,280.08660714285713,72.83035714285714,24252.678571428572,70.35714285714286,4.857142857142857,1711.0389610389611,100799.01785714286,281.81428571428575,288.7642857142857,280.0071428571428,8.392857142857142,-10.0,0.0,0.0,-43.84615384615385,0.1214285714285714,0.3071428571428571,0.6071428571428571,1.0,1.9142857142857144,2013-05-06,Printemps
3977,201319,52,PAYS-DE-LA-LOIRE,0.8518339768339769,193.21428571428572,3.340515796260477,284.8620535714286,280.4638392857143,76.875,22941.964285714286,77.08380069025021,4.472972972972973,1404.9461206896551,100070.444015444,281.3357142857143,288.05357142857144,279.2928571428571,6.159821428571428,-10.0,0.0,0.0,-45.0,0.05740025740025735,0.18908730158730155,0.3345238095238095,0.7571428571428571,1.5214285714285716,2013-05-06,Printemps
3978,201319,22,PICARDIE,-11.071428571428571,233.125,4.866964285714286,285.22589285714287,280.08660714285713,72.83035714285714,24252.678571428572,70.35714285714286,4.857142857142857,1711.0389610389611,100799.01785714286,281.81428571428575,288.7642857142857,280.0071428571428,8.392857142857142,-10.0,0.0,0.0,-43.84615384615385,0.1214285714285714,0.3071428571428571,0.6071428571428571,1.0,1.9142857142857144,2013-05-06,Printemps
3979,201319,54,POITOU-CHARENTES,3.2142857142857144,220.80357142857144,3.1419642857142853,286.3964285714286,281.6125,74.61607142857143,29752.941176470587,84.19354838709677,5.320754716981132,1151.7241379310344,100147.23214285714,282.8285714285714,290.11785714285713,280.3642857142857,5.9053571428571425,-10.0,0.0,0.0,-45.65217391304348,0.025,0.1160714285714285,0.2785714285714286,0.4642857142857143,0.9214285714285716,2013-05-06,Printemps
3980,201319,93,PROVENCE-ALPES-COTE-D-AZUR,0.8518339768339769,193.21428571428572,3.340515796260477,284.8620535714286,280.4638392857143,76.875,22941.964285714286,77.08380069025021,4.472972972972973,1404.9461206896551,100070.444015444,281.3357142857143,288.05357142857144,279.2928571428571,6.159821428571428,-10.0,0.0,0.0,-45.0,0.05740025740025735,0.18908730158730155,0.3345238095238095,0.7571428571428571,1.5214285714285716,2013-05-06,Printemps
3981,201319,11,ILE-DE-FRANCE,-2.857142857142857,225.17857142857144,3.5535714285714284,286.6642857142857,280.6303571428571,68.57142857142857,24178.571428571428,66.875,4.94,1699.0384615384614,100597.14285714286,282.65714285714284,290.5857142857143,279.15,6.903571428571429,-10.0,0.0,0.0,-45.55555555555556,0.0035714285714285,0.0785714285714285,0.1571428571428571,0.3142857142857143,0.5714285714285714,2013-05-06,Printemps
3982,201319,82,RHONE-ALPES,6.071428571428571,206.42857142857144,2.8607142857142853,287.88392857142856,282.0625,69.83928571428571,29098.214285714286,74.375,4.5,2056.4814814814813,98936.96428571428,284.74285714285713,291.18571428571425,282.57857142857137,5.496428571428572,-10.0,0.0,0.0,-45.0,0.1428571428571428,0.4857142857142857,1.0857142857142856,1.8714285714285712,3.7857142857142856,2013-05-06,Printemps
3983,201318,42,ALSACE,5.446428571428571,172.41071428571428,3.1107142857142853,285.45535714285717,282.6223214285714,84.27678571428571,14771.42857142857,97.81395348837208,4.472972972972973,709.2682926829268,99595.44642857143,282.49642857142857,287.65714285714284,280.93571428571425,5.55,-10.0,0.0,0.0,-45.0,0.2339285714285714,0.775,1.2571428571428571,3.2357142857142853,6.628571428571428,2013-04-29,Printemps
3984,201318,72,AQUITAINE,6.071428571428571,213.66071428571428,2.8973214285714284,285.9419642857143,280.97589285714287,74.6875,26688.88888888889,75.54455445544555,4.811594202898551,1338.5416666666667,100658.92857142857,282.0785714285714,289.0892857142857,280.3642857142857,5.20625,-10.0,0.0,0.0,-46.36363636363637,0.1714285714285714,0.4178571428571428,0.5214285714285715,1.6428571428571428,3.3214285714285716,2013-04-29,Printemps
3985,201318,83,AUVERGNE,6.428571428571429,178.75,1.782142857142857,284.66964285714283,280.5785714285714,77.96428571428571,19580.35714285714,72.5925925925926,5.470588235294118,1022.5490196078432,97936.96428571428,281.3071428571429,287.57142857142856,279.0071428571428,4.0964285714285715,-10.0,0.0,0.0,-46.2,0.1074074074074074,0.473469387755102,1.0307692307692309,1.957142857142857,4.228571428571429,2013-04-29,Printemps
3986,201318,25,BASSE-NORMANDIE,9.553571428571429,154.82142857142858,3.4991071428571425,282.9330357142857,278.7214285714286,76.66071428571429,20455.555555555555,82.1951219512195,4.511111111111111,1417.3333333333333,100834.91071428572,279.275,285.9321428571429,275.57857142857137,6.371428571428572,-10.0,0.0,0.0,-45.333333333333336,0.0553571428571428,0.1892857142857142,0.5,0.75,1.45,2013-04-29,Printemps
3987,201318,26,BOURGOGNE,5.892857142857143,183.30357142857144,3.0839285714285714,285.0776785714286,281.28839285714287,79.47321428571429,17114.285714285714,89.43820224719101,4.115384615384615,1021.875,99521.07142857143,281.40714285714284,287.84285714285716,279.57857142857137,5.724107142857143,-10.0,0.0,0.0,-44.21052631578947,0.275,0.8892857142857142,1.8785714285714288,3.7,7.457142857142857,2013-04-29,Printemps
3988,201318,53,BRETAGNE,7.2023809523809526,171.25,4.371428571428571,283.47857142857146,278.77559523809526,74.55952380952381,19947.260273972603,59.8503937007874,2.9375,1879.8275862068965,101420.17857142857,280.2261904761905,286.17619047619047,275.65,7.385714285714285,-10.0,0.0,0.0,-45.0,0.0357142857142857,0.0845238095238095,0.219047619047619,0.338095238095238,0.95,2013-04-29,Printemps
3989,201318,24,CENTRE,7.410714285714286,185.2678571428571,3.013392857142857,284.9214285714286,279.8803571428571,73.52678571428571,16226.785714285714,75.7378640776699,4.315789473684211,1788.3516483516485,100417.94642857143,280.61785714285713,288.26785714285717,277.65,5.798214285714286,-10.0,0.0,0.0,-45.0,0.125,0.3803571428571429,0.7857142857142857,1.5142857142857142,3.0,2013-04-29,Printemps
3990,201318,21,CHAMPAGNE-ARDENNE,7.767857142857143,181.96428571428572,2.572321428571428,284.2955357142857,280.64732142857144,80.15178571428571,12009.375,90.0,5.08,1230.0,100682.23214285714,280.2107142857143,287.4714285714286,277.93571428571425,4.978571428571429,-10.0,0.0,0.0,-45.0,0.2571428571428572,0.7107142857142856,1.15,2.8642857142857143,5.735714285714286,2013-04-29,Printemps
3991,201318,94,CORSE,10.892857142857142,149.91071428571428,2.50625,290.6098214285714,286.70982142857144,80.09821428571429,15294.642857142857,67.1078431372549,2.635294117647059,1547.7777777777778,101397.05357142857,287.50714285714287,293.5892857142857,284.72142857142853,5.042857142857143,-10.0,0.0,0.0,-43.278688524590166,0.0267857142857142,0.0678571428571428,0.0928571428571428,0.3,0.3714285714285714,2013-04-29,Printemps
3992,201318,43,FRANCHE-COMTE,5.178571428571429,234.19642857142856,2.8562499999999997,285.11339285714286,282.4,84.66071428571429,14070.535714285714,94.65263157894736,6.476190476190476,651.9540229885057,98857.5,282.39285714285717,287.23214285714283,281.0071428571428,5.3875,-10.0,0.0,0.0,-42.765957446808514,0.2160714285714285,0.7855855855855857,1.437037037037037,3.2714285714285714,6.671428571428572,2013-04-29,Printemps
3993,201318,23,HAUTE-NORMANDIE,10.267857142857142,198.125,4.558035714285714,283.0723214285714,278.65714285714284,75.38392857142857,21412.222222222223,67.33766233766234,3.764705882352941,1970.289855072464,101124.73214285714,280.3285714285714,285.5107142857143,274.72142857142853,7.225892857142857,-10.0,0.0,0.0,-45.0,0.0535714285714285,0.0857142857142857,0.15,0.3357142857142857,0.7285714285714285,2013-04-29,Printemps
3994,201318,91,LANGUEDOC-ROUSSILLON,7.321428571428571,224.1071428571429,3.4401785714285715,286.97767857142856,281.81339285714284,73.39285714285714,32532.14285714286,74.3298969072165,4.786885245901639,1466.4893617021276,100754.46428571428,283.3892857142857,289.68928571428575,281.22142857142853,5.866071428571429,-10.0,0.0,0.0,-46.07142857142857,0.1267857142857142,0.3392857142857143,0.5642857142857143,1.5071428571428571,3.3642857142857143,2013-04-29,Printemps
3995,201318,74,LIMOUSIN,7.5,185.3571428571429,2.929464285714286,283.80625,279.8696428571429,79.25892857142857,27750.89285714286,85.68888888888888,5.0576923076923075,988.2857142857144,98787.5,279.99285714285713,286.90714285714284,278.0071428571428,5.676785714285714,-10.0,0.0,0.0,-45.0,0.1803571428571428,0.5803571428571429,1.6642857142857144,2.2785714285714285,4.464285714285714,2013-04-29,Printemps
3996,201318,41,LORRAINE,0.8518339768339769,193.21428571428572,3.340515796260477,284.8620535714286,280.4638392857143,76.875,22941.964285714286,77.08380069025021,4.472972972972973,1404.9461206896551,100070.444015444,281.3357142857143,288.05357142857144,279.2928571428571,6.159821428571428,-10.0,0.0,0.0,-45.0,0.05740025740025735,0.18908730158730155,0.3345238095238095,0.7571428571428571,1.5214285714285716,2013-04-29,Printemps
3997,201318,73,MIDI-PYRENEES,7.232142857142857,210.2678571428571,2.069642857142857,284.52946428571425,280.4348214285714,78.22321428571429,25260.24096385542,79.93333333333334,5.132075471698113,1133.246753246753,98495.80357142857,281.12857142857143,287.13214285714287,279.15,4.322321428571429,-10.0,0.0,0.0,-44.716981132075475,0.2053571428571428,0.425,0.2214285714285714,1.7214285714285715,3.721428571428571,2013-04-29,Printemps
3998,201318,31,NORD-PAS-DE-CALAIS,12.142857142857142,185.17857142857144,4.399107142857143,283.7017857142857,277.8830357142857,70.04464285714286,21712.5,59.87951807228916,3.68,2694.5205479452056,101326.78571428572,279.62142857142857,287.33214285714286,277.15,7.29375,-10.0,0.0,0.0,-43.421052631578945,0.0517857142857142,0.1567567567567567,0.3555555555555555,0.6142857142857142,1.1714285714285713,2013-04-29,Printemps
3999,201318,52,PAYS-DE-LA-LOIRE,0.8518339768339769,193.21428571428572,3.340515796260477,284.8620535714286,280.4638392857143,76.875,22941.964285714286,77.08380069025021,4.472972972972973,1404.9461206896551,100070.444015444,281.3357142857143,288.05357142857144,279.2928571428571,6.159821428571428,-10.0,0.0,0.0,-45.0,0.05740025740025735,0.18908730158730155,0.3345238095238095,0.7571428571428571,1.5214285714285716,2013-04-29,Printemps
4000,201318,22,PICARDIE,12.142857142857142,185.17857142857144,4.399107142857143,283.7017857142857,277.8830357142857,70.04464285714286,21712.5,59.87951807228916,3.68,2694.5205479452056,101326.78571428572,279.62142857142857,287.33214285714286,277.15,7.29375,-10.0,0.0,0.0,-43.421052631578945,0.0517857142857142,0.1567567567567567,0.3555555555555555,0.6142857142857142,1.1714285714285713,2013-04-29,Printemps
4001,201318,54,POITOU-CHARENTES,6.785714285714286,188.57142857142856,2.689285714285714,284.4517857142857,280.3848214285714,78.54464285714286,18307.14285714286,82.66666666666667,4.480769230769231,1168.3561643835617,100214.28571428572,280.025,287.9607142857143,277.7928571428571,5.2749999999999995,-10.0,0.0,0.0,-44.34782608695652,0.1946428571428571,0.5785714285714285,1.5857142857142856,2.2857142857142856,4.45,2013-04-29,Printemps
4002,201318,93,PROVENCE-ALPES-COTE-D-AZUR,0.8518339768339769,193.21428571428572,3.340515796260477,284.8620535714286,280.4638392857143,76.875,22941.964285714286,77.08380069025021,4.472972972972973,1404.9461206896551,100070.444015444,281.3357142857143,288.05357142857144,279.2928571428571,6.159821428571428,-10.0,0.0,0.0,-45.0,0.05740025740025735,0.18908730158730155,0.3345238095238095,0.7571428571428571,1.5214285714285716,2013-04-29,Printemps
4003,201318,11,ILE-DE-FRANCE,8.035714285714286,204.82142857142856,3.2964285714285713,284.8982142857143,279.1017857142857,69.92857142857143,17871.428571428572,70.46428571428571,4.42,2211.5686274509803,100910.17857142857,280.62142857142857,288.2214285714286,277.15,6.230357142857143,-10.0,0.0,0.0,-45.27272727272727,0.0678571428571428,0.2107142857142857,0.0428571428571428,0.8428571428571427,1.7,2013-04-29,Printemps
4004,201318,82,RHONE-ALPES,4.107142857142857,246.6071428571429,2.460714285714286,285.2107142857143,283.18928571428575,88.26785714285714,11135.714285714286,83.07142857142857,6.489795918367347,619.795918367347,98927.67857142857,282.89285714285717,287.7285714285714,281.8642857142857,4.992857142857143,-10.0,0.0,0.0,-45.0,0.2642857142857143,1.325,3.642857142857143,5.528571428571429,11.214285714285714,2013-04-29,Printemps
4005,201317,42,ALSACE,-2.0535714285714284,197.67857142857144,1.975,285.14732142857144,279.39375,71.61607142857143,27666.071428571428,99.6923076923077,4.472972972972973,1030.8196721311476,99552.41071428572,280.7964285714286,289.10714285714283,278.07857142857137,4.019642857142857,-10.0,0.0,0.0,-45.0,0.2660714285714285,0.9089285714285714,1.1142857142857143,3.5,6.935714285714285,2013-04-22,Printemps
4006,201317,72,AQUITAINE,-8.73873873873874,190.8108108108108,3.7108108108108104,285.67792792792795,278.78783783783786,66.6036036036036,34646.153846153844,62.77777777777778,4.241379310344827,1709.090909090909,100732.7027027027,281.2857142857143,289.36785714285713,279.22142857142853,6.666666666666667,-10.0,0.0,0.0,-45.78947368421053,0.0864864864864864,0.1702702702702702,0.2,0.6428571428571429,1.257142857142857,2013-04-22,Printemps
4007,201317,83,AUVERGNE,-6.481481481481482,183.5185185185185,2.1999999999999997,284.0407407407408,277.39814814814815,67.57407407407408,26833.333333333332,55.283018867924525,4.785714285714286,1543.0232558139537,97962.4074074074,278.84285714285716,288.45,276.72142857142853,4.901851851851852,-10.0,0.0,0.0,-45.333333333333336,0.244,0.6708333333333334,0.8,3.0307692307692307,5.642857142857143,2013-04-22,Printemps
4008,201317,25,BASSE-NORMANDIE,-4.375,226.78571428571428,3.0339285714285715,283.38214285714287,278.7544642857143,75.30357142857143,21398.660714285714,70.25641025641026,4.377358490566038,1137.4025974025974,100702.76785714286,279.07142857142856,287.5464285714286,275.3642857142857,5.5928571428571425,-10.0,0.0,0.0,-44.72727272727273,0.0178571428571428,0.0410714285714285,0.0642857142857143,0.15,0.3571428571428571,2013-04-22,Printemps
4009,201317,26,BOURGOGNE,-2.6785714285714284,197.7678571428571,2.1205357142857144,284.53482142857143,278.8,70.79464285714286,23637.5,83.91891891891892,4.0,1575.0746268656717,99527.32142857143,279.80357142857144,288.54285714285714,277.3642857142857,4.260714285714285,-10.0,0.0,0.0,-44.44444444444444,0.2267857142857143,0.775,0.8357142857142856,3.007142857142857,5.871428571428572,2013-04-22,Printemps
4010,201317,53,BRETAGNE,-4.166666666666667,216.6071428571429,3.6779761904761905,283.09642857142853,279.18928571428575,78.70238095238095,20170.344827586207,83.33333333333333,5.0,865.5652173913044,101284.10714285714,280.14285714285717,286.22142857142853,275.8642857142857,6.469047619047619,-10.0,0.0,0.0,-45.27272727272727,0.0071856287425149,0.0323353293413173,0.0829268292682926,0.1317073170731707,0.3230769230769231,2013-04-22,Printemps
4011,201317,24,CENTRE,-3.5714285714285716,201.875,2.378571428571429,284.97053571428575,278.39910714285713,66.75,21334.821428571428,61.134020618556704,3.732394366197183,2369.277108433735,100363.39285714286,279.93571428571425,289.25357142857143,276.72142857142853,4.950892857142857,-10.0,0.0,0.0,-45.0,0.0553571428571428,0.1963963963963964,0.2357142857142857,0.8142857142857143,1.614285714285714,2013-04-22,Printemps
4012,201317,21,CHAMPAGNE-ARDENNE,-1.3392857142857142,202.94642857142856,2.732142857142857,283.91517857142856,278.6375,72.92857142857143,15522.32142857143,80.43103448275862,3.8,1610.909090909091,100581.16071428572,278.4607142857143,289.025,275.43571428571425,5.1625000000000005,-10.0,0.0,0.0,-44.44444444444444,0.0517857142857142,0.2625,0.4428571428571429,1.0285714285714287,1.9785714285714284,2013-04-22,Printemps
4013,201317,94,CORSE,-5.714285714285714,161.875,2.555357142857143,288.1080357142857,284.3383928571429,79.22321428571429,25593.75,77.45192307692308,3.36046511627907,1504.6875,101522.5,284.875,290.68928571428575,282.57857142857137,4.772321428571429,-10.0,0.0,0.0,-43.88059701492537,0.1321428571428571,0.2946428571428571,0.5,1.1928571428571428,3.857142857142857,2013-04-22,Printemps
4014,201317,43,FRANCHE-COMTE,-2.857142857142857,213.92857142857144,2.211607142857143,285.0214285714286,279.5232142857143,72.23214285714286,25579.464285714286,80.81395348837209,5.222222222222222,1291.518987341772,98829.10714285714,280.7857142857143,288.7714285714286,278.07857142857137,5.521428571428571,-10.0,0.0,0.0,-43.40425531914894,0.2125,0.7571428571428571,1.0785714285714283,2.9285714285714284,5.685714285714285,2013-04-22,Printemps
4015,201317,23,HAUTE-NORMANDIE,-3.5714285714285716,216.42857142857144,4.072321428571429,282.75892857142856,278.94107142857143,78.92857142857143,18936.17021276596,78.70270270270271,5.310344827586207,1109.5588235294117,100954.91071428572,279.675,285.55357142857144,272.8642857142857,6.615178571428571,-10.0,0.0,0.0,-46.25,0.0053571428571428,0.0160714285714285,0.05,0.0642857142857143,0.1285714285714286,2013-04-22,Printemps
4016,201317,91,LANGUEDOC-ROUSSILLON,-7.387387387387387,214.0540540540541,3.8954954954954952,286.1184684684685,279.5617117117117,67.2072072072072,37646.84684684685,69.62765957446808,5.05,1615.0,100878.91891891892,282.55,289.4535714285714,280.22142857142853,6.655855855855855,-10.0,0.0,0.0,-47.0,0.1567567567567567,0.3468468468468468,0.6148148148148148,1.1857142857142855,1.9928571428571429,2013-04-22,Printemps
4017,201317,74,LIMOUSIN,-5.535714285714286,186.33928571428572,2.7973214285714287,284.58125,278.35,68.875,36619.29824561404,67.28048780487805,3.574468085106383,1616.849315068493,98812.05357142857,279.73214285714283,288.75714285714287,277.57857142857137,5.271428571428571,-10.0,0.0,0.0,-45.0,0.0499999999999999,0.1089285714285714,0.1285714285714286,0.4428571428571429,0.8928571428571429,2013-04-22,Printemps
4018,201317,41,LORRAINE,0.8518339768339769,193.21428571428572,3.340515796260477,284.8620535714286,280.4638392857143,76.875,22941.964285714286,77.08380069025021,4.472972972972973,1404.9461206896551,100070.444015444,281.3357142857143,288.05357142857144,279.2928571428571,6.159821428571428,-10.0,0.0,0.0,-45.0,0.05740025740025735,0.18908730158730155,0.3345238095238095,0.7571428571428571,1.5214285714285716,2013-04-22,Printemps
4019,201317,73,MIDI-PYRENEES,-7.927927927927928,202.88288288288288,3.0756756756756753,284.3103603603604,278.5581081081081,70.68468468468468,29866.25,72.95454545454545,4.866666666666666,1338.5245901639344,98541.71171171172,280.2857142857143,288.18928571428575,277.43571428571425,6.004504504504505,-10.0,0.0,0.0,-45.294117647058826,0.1639639639639639,0.4297297297297298,0.6444444444444444,1.657142857142857,3.064285714285714,2013-04-22,Printemps
4020,201317,31,NORD-PAS-DE-CALAIS,-4.910714285714286,226.5178571428571,3.675,283.1151785714286,278.28839285714287,74.85714285714286,21639.285714285714,60.493975903614455,4.027397260273973,2147.222222222222,101156.07142857143,279.0785714285714,286.7214285714286,277.3642857142857,6.266071428571428,-10.0,0.0,0.0,-44.21052631578947,0.0160714285714285,0.0428571428571428,0.0499999999999999,0.1714285714285714,0.3714285714285714,2013-04-22,Printemps
4021,201317,52,PAYS-DE-LA-LOIRE,0.8518339768339769,193.21428571428572,3.340515796260477,284.8620535714286,280.4638392857143,76.875,22941.964285714286,77.08380069025021,4.472972972972973,1404.9461206896551,100070.444015444,281.3357142857143,288.05357142857144,279.2928571428571,6.159821428571428,-10.0,0.0,0.0,-45.0,0.05740025740025735,0.18908730158730155,0.3345238095238095,0.7571428571428571,1.5214285714285716,2013-04-22,Printemps
4022,201317,22,PICARDIE,-4.910714285714286,226.5178571428571,3.675,283.1151785714286,278.28839285714287,74.85714285714286,21639.285714285714,60.493975903614455,4.027397260273973,2147.222222222222,101156.07142857143,279.0785714285714,286.7214285714286,277.3642857142857,6.266071428571428,-10.0,0.0,0.0,-44.21052631578947,0.0160714285714285,0.0428571428571428,0.0499999999999999,0.1714285714285714,0.3714285714285714,2013-04-22,Printemps
4023,201317,54,POITOU-CHARENTES,-3.8392857142857144,197.5,2.3848214285714286,284.80357142857144,278.87678571428575,70.25892857142857,25169.41176470588,67.8125,3.612244897959183,1987.3239436619715,100212.14285714286,279.59285714285716,289.15,277.2928571428571,4.684821428571429,-10.0,0.0,0.0,-44.516129032258064,0.075,0.225,0.3142857142857143,0.9142857142857144,1.8714285714285712,2013-04-22,Printemps
4024,201317,93,PROVENCE-ALPES-COTE-D-AZUR,0.8518339768339769,193.21428571428572,3.340515796260477,284.8620535714286,280.4638392857143,76.875,22941.964285714286,77.08380069025021,4.472972972972973,1404.9461206896551,100070.444015444,281.3357142857143,288.05357142857144,279.2928571428571,6.159821428571428,-10.0,0.0,0.0,-45.0,0.05740025740025735,0.18908730158730155,0.3345238095238095,0.7571428571428571,1.5214285714285716,2013-04-22,Printemps
4025,201317,11,ILE-DE-FRANCE,-4.464285714285714,212.1428571428571,2.566071428571429,285.2285714285714,278.14285714285717,64.23214285714286,23357.14285714286,53.92857142857143,3.5869565217391304,2620.2127659574467,100799.82142857143,280.20714285714286,289.5285714285714,275.72142857142853,5.330357142857143,-10.0,0.0,0.0,-45.27272727272727,0.0,0.0109090909090909,0.0285714285714285,0.0428571428571428,0.0571428571428571,2013-04-22,Printemps
4026,201317,82,RHONE-ALPES,-2.857142857142857,208.03571428571428,2.664285714285714,285.38392857142856,279.43035714285713,70.44642857142857,21669.64285714286,61.27272727272727,5.738095238095238,1747.6190476190477,98971.07142857143,281.2785714285714,289.0,279.43571428571425,5.121428571428572,-10.0,0.0,0.0,-45.27272727272727,0.3321428571428572,0.7892857142857144,1.3285714285714287,3.128571428571429,5.9142857142857155,2013-04-22,Printemps
4027,201316,42,ALSACE,-4.196428571428571,213.66071428571428,3.1339285714285716,287.2785714285714,279.39910714285713,61.223214285714285,39241.07142857143,97.07692307692308,4.472972972972973,1470.5357142857142,99883.30357142857,283.4714285714286,291.2357142857143,280.7928571428571,5.863392857142857,-10.0,0.0,0.0,-45.0,0.0035714285714285,0.0178571428571428,0.0714285714285714,0.0857142857142857,0.1714285714285714,2013-04-15,Printemps
4028,201316,72,AQUITAINE,4.642857142857143,231.96428571428572,3.675,287.2651785714286,280.3410714285714,65.92857142857143,35059.701492537315,68.20224719101124,3.4328358208955225,2438.6075949367087,101183.125,282.7857142857143,291.8607142857143,281.22142857142853,6.486607142857143,-10.0,0.0,0.0,-45.714285714285715,0.0124999999999999,0.0214285714285714,0.0357142857142857,0.1071428571428571,0.1857142857142857,2013-04-15,Printemps
4029,201316,83,AUVERGNE,-0.1886792452830188,200.0,3.0075471698113208,286.3764150943396,279.2254716981132,63.41509433962264,32679.245283018867,70.86538461538461,4.382978723404255,2680.2083333333335,98329.24528301888,282.71153846153845,290.9653846153846,280.15,6.509433962264151,-10.0,0.0,0.0,-45.0,0.0,0.016,0.0461538461538461,0.0615384615384615,0.1142857142857143,2013-04-15,Printemps
4030,201316,25,BASSE-NORMANDIE,5.267857142857143,221.42857142857144,4.261607142857143,283.9267857142857,278.8625,72.91071428571429,24605.35714285714,68.3108108108108,3.74,1367.1641791044776,101020.98214285714,279.82142857142856,288.26785714285717,276.07857142857137,7.583928571428571,-10.0,0.0,0.0,-45.0,0.0107142857142857,0.0589285714285714,0.0285714285714285,0.25,0.45,2013-04-15,Printemps
4031,201316,26,BOURGOGNE,0.0,241.25,3.0732142857142857,286.4589285714286,278.9330357142857,62.080357142857146,31133.928571428572,87.93333333333334,2.8518518518518516,1927.4647887323945,99884.91071428572,282.33214285714286,290.5571428571429,279.65,5.759821428571429,-10.0,0.0,0.0,-44.21052631578947,0.0,0.0017857142857142,0.0,0.0071428571428571,0.0142857142857142,2013-04-15,Printemps
4032,201316,53,BRETAGNE,6.904761904761905,217.20238095238096,4.956547619047619,283.82678571428573,279.7345238095238,77.57738095238095,19680.27210884354,68.87719298245614,4.273809523809524,1427.7272727272727,101509.28571428572,280.6452380952381,286.9904761904762,276.43571428571425,8.867857142857142,-10.0,0.0,0.0,-44.375,0.0416666666666666,0.1345238095238095,0.1857142857142857,0.5809523809523809,0.9214285714285716,2013-04-15,Printemps
4033,201316,24,CENTRE,3.125,234.28571428571428,3.30625,286.2875,278.85267857142856,62.57142857142857,22205.35714285714,67.87878787878788,3.0,2463.440860215054,100734.64285714286,282.14285714285717,290.5678571428571,279.2928571428571,6.446428571428571,-10.0,0.0,0.0,-44.8,0.0053571428571428,0.0142857142857142,0.0214285714285714,0.0571428571428571,0.1428571428571428,2013-04-15,Printemps
4034,201316,21,CHAMPAGNE-ARDENNE,0.4464285714285714,221.78571428571428,3.4071428571428575,285.62589285714284,279.2973214285714,67.375,19302.678571428572,89.08450704225352,3.2857142857142856,1990.5797101449275,100933.125,281.275,289.6642857142857,278.72142857142853,6.0,-10.0,0.0,0.0,-45.0,0.0,0.0053571428571428,0.0142857142857142,0.0214285714285714,0.0428571428571428,2013-04-15,Printemps
4035,201316,94,CORSE,-19.553571428571427,155.17857142857142,2.65,287.51964285714286,283.0830357142857,75.74107142857143,33839.28571428572,43.88297872340426,1.986842105263158,3064.189189189189,101805.0,283.87142857142857,291.00357142857143,280.65,4.477678571428571,-10.0,0.0,0.0,-43.38461538461539,0.0249999999999999,0.25,0.5357142857142857,1.0071428571428571,0.5428571428571429,2013-04-15,Printemps
4036,201316,43,FRANCHE-COMTE,-4.553571428571429,213.66071428571428,3.1607142857142856,286.65267857142857,279.73839285714286,65.41964285714286,35000.0,88.05882352941177,3.938775510204082,1592.7631578947369,99165.08928571428,282.65714285714284,290.5357142857143,279.93571428571425,6.897321428571429,-10.0,0.0,0.0,-42.857142857142854,0.0392857142857142,0.1339285714285714,0.0928571428571428,0.5285714285714286,1.0214285714285716,2013-04-15,Printemps
4037,201316,23,HAUTE-NORMANDIE,4.642857142857143,202.2321428571429,5.536607142857143,283.5169642857143,279.0473214285714,75.49107142857143,25218.75,64.2,4.636363636363637,1375.0,101210.89285714286,280.86071428571427,286.63214285714287,276.43571428571425,8.942857142857143,-10.0,0.0,0.0,-45.0,0.0249999999999999,0.0642857142857143,0.0857142857142857,0.2714285714285714,0.5571428571428572,2013-04-15,Printemps
4038,201316,91,LANGUEDOC-ROUSSILLON,-7.410714285714286,229.28571428571428,3.746428571428571,287.63125,280.8642857142857,65.54464285714286,38357.142857142855,67.58241758241758,3.5970149253731343,3369.135802469136,101253.39285714286,283.4892857142857,291.18928571428575,281.7928571428571,6.230357142857143,-10.0,0.0,0.0,-46.666666666666664,0.0178571428571428,0.0339285714285714,0.0714285714285714,0.1571428571428571,0.3285714285714285,2013-04-15,Printemps
4039,201316,74,LIMOUSIN,2.6785714285714284,233.30357142857144,3.2339285714285713,285.3232142857143,278.68571428571425,66.39285714285714,46433.92857142857,70.1875,2.7547169811320753,2221.3698630136987,99238.21428571428,280.62857142857143,289.925,278.5071428571428,6.179464285714286,-10.0,0.0,0.0,-44.57142857142857,0.0124999999999999,0.0214285714285714,0.0214285714285714,0.0857142857142857,0.1714285714285714,2013-04-15,Printemps
4040,201316,41,LORRAINE,0.8518339768339769,193.21428571428572,3.340515796260477,284.8620535714286,280.4638392857143,76.875,22941.964285714286,77.08380069025021,4.472972972972973,1404.9461206896551,100070.444015444,281.3357142857143,288.05357142857144,279.2928571428571,6.159821428571428,-10.0,0.0,0.0,-45.0,0.05740025740025735,0.18908730158730155,0.3345238095238095,0.7571428571428571,1.5214285714285716,2013-04-15,Printemps
4041,201316,73,MIDI-PYRENEES,0.8928571428571429,230.2678571428571,3.0437499999999997,286.5366071428571,280.61339285714286,69.8125,32512.19512195122,76.36363636363636,4.018867924528302,2323.0158730158732,99001.60714285714,281.7214285714286,291.1642857142857,278.8642857142857,5.696428571428571,-10.0,0.0,0.0,-44.69387755102041,0.0339285714285714,0.1589285714285714,0.3571428571428571,0.6071428571428571,1.2071428571428573,2013-04-15,Printemps
4042,201316,31,NORD-PAS-DE-CALAIS,5.714285714285714,206.69642857142856,5.008035714285714,284.07410714285714,278.28303571428575,70.26785714285714,25553.571428571428,54.1566265060241,3.0945945945945947,2769.5945945945946,101460.53571428572,280.7107142857143,288.175,278.7928571428571,8.310714285714287,-10.0,0.0,0.0,-43.84615384615385,0.0071428571428571,0.0285714285714285,0.0785714285714285,0.1142857142857143,0.2142857142857142,2013-04-15,Printemps
4043,201316,52,PAYS-DE-LA-LOIRE,0.8518339768339769,193.21428571428572,3.340515796260477,284.8620535714286,280.4638392857143,76.875,22941.964285714286,77.08380069025021,4.472972972972973,1404.9461206896551,100070.444015444,281.3357142857143,288.05357142857144,279.2928571428571,6.159821428571428,-10.0,0.0,0.0,-45.0,0.05740025740025735,0.18908730158730155,0.3345238095238095,0.7571428571428571,1.5214285714285716,2013-04-15,Printemps
4044,201316,22,PICARDIE,5.714285714285714,206.69642857142856,5.008035714285714,284.07410714285714,278.28303571428575,70.26785714285714,25553.571428571428,54.1566265060241,3.0945945945945947,2769.5945945945946,101460.53571428572,280.7107142857143,288.175,278.7928571428571,8.310714285714287,-10.0,0.0,0.0,-43.84615384615385,0.0071428571428571,0.0285714285714285,0.0785714285714285,0.1142857142857143,0.2142857142857142,2013-04-15,Printemps
4045,201316,54,POITOU-CHARENTES,3.928571428571429,251.42857142857144,3.0098214285714286,285.97053571428575,279.18125,65.64285714285714,29951.190476190477,70.97560975609755,2.3076923076923075,2308.108108108108,100614.82142857143,281.16785714285714,290.65714285714284,279.0071428571428,5.78125,-10.0,0.0,0.0,-44.44444444444444,0.0071428571428571,0.0107142857142857,0.0142857142857142,0.0428571428571428,0.0857142857142857,2013-04-15,Printemps
4046,201316,93,PROVENCE-ALPES-COTE-D-AZUR,0.8518339768339769,193.21428571428572,3.340515796260477,284.8620535714286,280.4638392857143,76.875,22941.964285714286,77.08380069025021,4.472972972972973,1404.9461206896551,100070.444015444,281.3357142857143,288.05357142857144,279.2928571428571,6.159821428571428,-10.0,0.0,0.0,-45.0,0.05740025740025735,0.18908730158730155,0.3345238095238095,0.7571428571428571,1.5214285714285716,2013-04-15,Printemps
4047,201316,11,ILE-DE-FRANCE,3.2142857142857144,221.07142857142856,3.8017857142857143,286.1517857142857,278.60535714285714,62.214285714285715,23392.85714285714,57.94642857142857,3.08,2703.0,101163.92857142857,282.1357142857143,290.5,278.43571428571425,7.216071428571429,-10.0,0.0,0.0,-45.0,0.0107142857142857,0.0285714285714285,0.0428571428571428,0.1142857142857143,0.2857142857142857,2013-04-15,Printemps
4048,201316,82,RHONE-ALPES,-6.071428571428571,236.78571428571428,4.1375,287.6732142857143,279.1982142857143,60.55357142857143,34482.142857142855,69.45454545454545,4.63265306122449,1982.9545454545455,99277.67857142857,284.10714285714283,291.2642857142857,282.15,7.605357142857144,-10.0,0.0,0.0,-45.84905660377358,0.0428571428571428,0.1607142857142857,0.3714285714285714,0.6857142857142857,1.5714285714285714,2013-04-15,Printemps
4049,201315,42,ALSACE,14.285714285714286,194.55357142857144,4.216964285714286,283.5723214285714,278.8392857142857,74.90178571428571,37412.5,97.71604938271604,4.472972972972973,1169.438202247191,98862.14285714286,279.6392857142857,286.11785714285713,277.2928571428571,7.883928571428571,-10.0,0.0,0.0,-45.0,0.1660714285714286,0.4636363636363636,1.1923076923076923,1.9703703703703703,3.4000000000000004,2013-04-08,Printemps
4050,201315,72,AQUITAINE,13.928571428571429,190.44642857142856,4.465178571428572,286.5214285714286,280.75089285714284,70.95535714285714,37575.0,76.78571428571429,3.9863013698630136,2399.4845360824743,100141.69642857143,282.62142857142857,289.74642857142857,280.93571428571425,7.971428571428572,-10.0,0.0,0.0,-46.0,0.0946428571428571,0.2071428571428571,0.15,0.8714285714285713,1.742857142857143,2013-04-08,Printemps
4051,201315,83,AUVERGNE,19.09090909090909,198.54545454545453,4.723636363636364,285.02272727272725,277.1463636363636,60.29090909090909,38345.454545454544,66.18181818181819,3.7708333333333335,1977.0,97352.0,280.0571428571429,287.68571428571425,276.8642857142857,9.616363636363635,-10.0,0.0,0.0,-43.84615384615385,0.0037735849056603,0.0153846153846153,0.0615384615384615,0.0666666666666666,0.08,2013-04-08,Printemps
4052,201315,25,BASSE-NORMANDIE,11.875,206.16071428571428,5.263392857142857,283.3830357142857,279.8071428571429,79.71428571428571,23816.071428571428,92.42424242424242,5.732142857142857,1089.1919191919192,99336.16071428572,280.38214285714287,285.4785714285714,278.65,9.323214285714286,-10.0,0.0,0.0,-45.0,0.1339285714285714,0.3803571428571429,0.3285714285714285,1.5285714285714285,3.121428571428571,2013-04-08,Printemps
4053,201315,26,BOURGOGNE,14.464285714285714,203.21428571428572,4.407142857142857,283.6098214285714,279.5964285714286,78.09821428571429,26306.25,93.85057471264368,5.666666666666667,1223.1914893617022,98761.33928571428,279.7142857142857,286.04285714285714,277.7928571428571,8.23482142857143,-10.0,0.0,0.0,-44.21052631578947,0.2464285714285714,0.7178571428571429,1.2214285714285715,2.892857142857143,5.8,2013-04-08,Printemps
4054,201315,53,BRETAGNE,16.964285714285715,207.08333333333337,6.475,283.564880952381,280.68690476190477,83.16071428571429,19471.03448275862,88.19548872180451,6.078651685393258,736.2686567164179,99640.35714285714,281.2833333333333,285.5357142857143,278.93571428571425,11.714285714285714,-10.0,0.0,0.0,-45.0,0.3333333333333333,0.9523809523809524,2.4047619047619047,3.8761904761904766,8.614285714285714,2013-04-08,Printemps
4055,201315,24,CENTRE,11.25,206.78571428571428,4.4125,284.1223214285714,279.9401785714286,77.16964285714286,19696.428571428572,85.29411764705883,5.524390243902439,1425.242718446602,99377.76785714286,280.7142857142857,286.31428571428575,279.22142857142853,8.625,-10.0,0.0,0.0,-44.8,0.1803571428571428,0.5696428571428571,0.7214285714285714,2.314285714285714,4.628571428571428,2013-04-08,Printemps
4056,201315,21,CHAMPAGNE-ARDENNE,10.625,189.28571428571428,4.705357142857143,283.6044642857143,279.4160714285714,76.74107142857143,18449.10714285714,92.96703296703296,5.222222222222222,1265.7894736842106,99597.85714285714,280.06071428571425,286.2107142857143,277.15,8.186607142857143,-10.0,0.0,0.0,-44.44444444444444,0.1375,0.4803571428571428,0.9928571428571428,1.9285714285714288,3.878571428571429,2013-04-08,Printemps
4057,201315,94,CORSE,24.821428571428573,152.94642857142858,2.6669642857142857,286.4544642857143,282.59464285714284,78.44642857142857,28133.928571428572,50.05263157894737,2.3205128205128207,1058.1927710843374,101464.55357142857,282.4214285714286,289.5107142857143,279.22142857142853,4.6000000000000005,-10.0,0.0,0.0,-44.142857142857146,0.0053571428571428,0.0071428571428571,0.0142857142857142,0.0285714285714285,0.0571428571428571,2013-04-08,Printemps
4058,201315,43,FRANCHE-COMTE,15.982142857142858,199.1071428571429,3.95,283.31875,278.3830357142857,73.88392857142857,29818.75,89.63541666666667,4.760869565217392,1431.6161616161617,98204.64285714286,279.2607142857143,285.9785714285714,276.65,8.184821428571428,-10.0,0.0,0.0,-43.04347826086956,0.2160714285714285,0.6357142857142858,1.4214285714285713,2.5785714285714287,5.178571428571429,2013-04-08,Printemps
4059,201315,23,HAUTE-NORMANDIE,10.535714285714286,195.3571428571429,6.426785714285714,282.67410714285717,279.49375,81.54464285714286,20715.78947368421,86.02272727272727,5.984615384615385,941.9101123595506,99472.5,280.36785714285713,284.4892857142857,275.72142857142853,10.399107142857144,-10.0,0.0,0.0,-45.55555555555556,0.1261261261261261,0.4612612612612612,0.55,1.651851851851852,3.446153846153846,2013-04-08,Printemps
4060,201315,91,LANGUEDOC-ROUSSILLON,21.339285714285715,187.05357142857144,3.841071428571429,285.88214285714287,280.15625,69.78571428571429,41230.357142857145,63.489583333333336,3.1470588235294117,2474.1176470588234,100516.42857142857,281.7357142857143,289.31071428571425,279.2928571428571,6.752678571428571,-10.0,0.0,0.0,-45.55555555555556,0.0196428571428571,0.0486486486486486,0.0642857142857143,0.2,0.4615384615384615,2013-04-08,Printemps
4061,201315,74,LIMOUSIN,15.803571428571429,206.33928571428572,5.1812499999999995,284.01160714285714,280.24821428571425,80.00892857142857,33580.70175438596,86.34020618556701,5.528301886792453,1053.9175257731958,98000.89285714286,280.925,286.025,279.3642857142857,9.259821428571428,-10.0,0.0,0.0,-45.0,0.3214285714285714,0.8910714285714285,1.7071428571428573,3.664285714285714,7.185714285714285,2013-04-08,Printemps
4062,201315,41,LORRAINE,0.8518339768339769,193.21428571428572,3.340515796260477,284.8620535714286,280.4638392857143,76.875,22941.964285714286,77.08380069025021,4.472972972972973,1404.9461206896551,100070.444015444,281.3357142857143,288.05357142857144,279.2928571428571,6.159821428571428,-10.0,0.0,0.0,-45.0,0.05740025740025735,0.18908730158730155,0.3345238095238095,0.7571428571428571,1.5214285714285716,2013-04-08,Printemps
4063,201315,73,MIDI-PYRENEES,14.821428571428571,178.19819819819818,3.0648648648648646,285.56160714285716,279.8357142857143,70.32142857142857,35021.42857142857,63.80281690140845,2.86,2592.5373134328356,98092.23214285714,280.3892857142857,289.275,276.8642857142857,6.190990990990992,-10.0,0.0,0.0,-45.0,0.0571428571428571,0.0946428571428571,0.0714285714285714,0.3785714285714285,0.8571428571428571,2013-04-08,Printemps
4064,201315,31,NORD-PAS-DE-CALAIS,5.714285714285714,188.3928571428571,5.0303571428571425,282.99285714285713,278.5857142857143,76.27678571428571,20917.85714285714,86.52439024390245,5.65,1502.469135802469,99860.08928571428,280.2,285.175,278.8642857142857,8.4875,-10.0,0.0,0.0,-44.0,0.1099099099099099,0.3855855855855855,0.8428571428571429,1.5071428571428571,3.107142857142857,2013-04-08,Printemps
4065,201315,52,PAYS-DE-LA-LOIRE,0.8518339768339769,193.21428571428572,3.340515796260477,284.8620535714286,280.4638392857143,76.875,22941.964285714286,77.08380069025021,4.472972972972973,1404.9461206896551,100070.444015444,281.3357142857143,288.05357142857144,279.2928571428571,6.159821428571428,-10.0,0.0,0.0,-45.0,0.05740025740025735,0.18908730158730155,0.3345238095238095,0.7571428571428571,1.5214285714285716,2013-04-08,Printemps
4066,201315,22,PICARDIE,5.714285714285714,188.3928571428571,5.0303571428571425,282.99285714285713,278.5857142857143,76.27678571428571,20917.85714285714,86.52439024390245,5.65,1502.469135802469,99860.08928571428,280.2,285.175,278.8642857142857,8.4875,-10.0,0.0,0.0,-44.0,0.1099099099099099,0.3855855855855855,0.8428571428571429,1.5071428571428571,3.107142857142857,2013-04-08,Printemps
4067,201315,54,POITOU-CHARENTES,13.214285714285714,207.05357142857144,5.240178571428571,284.42589285714286,280.74285714285713,79.91964285714286,23317.647058823528,88.81720430107526,5.407407407407407,1287.8125,99317.41071428572,280.95714285714286,286.7,279.5071428571428,9.439285714285717,-10.0,0.0,0.0,-44.34782608695652,0.2964285714285714,0.875,1.5071428571428571,3.557142857142857,7.078571428571428,2013-04-08,Printemps
4068,201315,93,PROVENCE-ALPES-COTE-D-AZUR,0.8518339768339769,193.21428571428572,3.340515796260477,284.8620535714286,280.4638392857143,76.875,22941.964285714286,77.08380069025021,4.472972972972973,1404.9461206896551,100070.444015444,281.3357142857143,288.05357142857144,279.2928571428571,6.159821428571428,-10.0,0.0,0.0,-45.0,0.05740025740025735,0.18908730158730155,0.3345238095238095,0.7571428571428571,1.5214285714285716,2013-04-08,Printemps
4069,201315,11,ILE-DE-FRANCE,10.0,205.53571428571428,4.251785714285714,284.11785714285713,279.5678571428571,75.35714285714286,21982.14285714286,81.07142857142857,5.454545454545454,1497.2727272727273,99693.21428571428,281.0,286.09285714285716,279.2928571428571,8.485714285714286,-10.0,0.0,0.0,-45.0,0.0892857142857142,0.3428571428571428,0.5142857142857143,1.3857142857142857,2.7714285714285714,2013-04-08,Printemps
4070,201315,82,RHONE-ALPES,20.178571428571427,178.9090909090909,4.582142857142857,285.4875,277.8517857142857,62.267857142857146,39660.71428571428,65.08928571428571,3.3076923076923075,2555.6603773584907,98464.46428571428,281.39285714285717,288.7357142857143,279.43571428571425,8.048214285714286,-10.0,0.0,0.0,-45.27272727272727,0.0821428571428571,0.4357142857142856,1.6,1.7571428571428571,3.585714285714286,2013-04-08,Printemps
4071,201314,42,ALSACE,7.142857142857143,128.21428571428572,4.290178571428571,278.48660714285717,271.3178571428571,61.142857142857146,10861.607142857143,97.0,4.472972972972973,1350.0,98647.5,274.31071428571425,281.9428571428571,272.7928571428571,7.214285714285714,-10.0,0.0,0.0,-45.0,0.0,0.0,0.0,0.0,0.0,2013-04-01,Printemps
4072,201314,72,AQUITAINE,16.785714285714285,221.96428571428572,3.783035714285714,281.40714285714284,276.7142857142857,73.86607142857143,17492.424242424244,85.7843137254902,5.5,1285.204081632653,99593.66071428572,278.45714285714286,284.2857142857143,277.2928571428571,6.728571428571429,-10.0,0.0,0.0,-45.34883720930232,0.1267857142857143,0.3696428571428571,0.85,1.5285714285714285,2.9714285714285715,2013-04-01,Printemps
4073,201314,83,AUVERGNE,9.454545454545457,141.27272727272728,1.990909090909091,279.07363636363635,273.6536363636364,69.87272727272727,10481.818181818182,81.45454545454545,5.403846153846154,1974.0384615384617,96842.54545454546,274.88846153846157,282.1884615384616,273.4833333333333,4.096363636363637,-10.0,0.0,0.0,-45.0,0.0115384615384615,0.0571428571428571,0.2,0.2923076923076922,0.6,2013-04-01,Printemps
4074,201314,25,BASSE-NORMANDIE,3.963963963963964,48.73873873873874,4.692792792792792,276.61756756756756,271.7635135135135,71.95495495495496,10712.612612612613,67.89473684210526,4.260869565217392,1908.219178082192,99912.88288288288,273.49642857142857,279.0678571428571,271.65,8.609909909909911,-10.0,0.0,0.0002,-45.0,0.045045045045045,0.1297297297297297,0.2666666666666666,0.5214285714285715,0.9857142857142857,2013-04-01,Printemps
4075,201314,26,BOURGOGNE,4.476190476190476,179.9047619047619,3.4647619047619047,278.72714285714284,272.0995238095238,64.16190476190476,8604.761904761905,83.38709677419355,4.809523809523809,1751.428571428571,98367.42857142857,274.5076923076923,282.2692307692308,272.99615384615385,6.103809523809524,-10.0,0.0,0.0,-45.0,0.0114285714285714,0.0323809523809523,0.0461538461538461,0.1307692307692307,0.2615384615384615,2013-04-01,Printemps
4076,201314,53,BRETAGNE,4.285714285714286,75.47619047619048,6.434523809523809,277.57380952380953,272.4577380952381,70.68452380952381,11748.6301369863,78.8655462184874,4.564705882352941,1905.603448275862,100430.05952380953,274.6166666666667,279.8333333333333,271.3642857142857,10.810714285714289,-10.0,0.0,0.0,-45.0,0.0309523809523809,0.1571428571428571,0.3238095238095238,0.5333333333333333,1.1285714285714286,2013-04-01,Printemps
4077,201314,24,CENTRE,2.857142857142857,95.04761904761904,3.982857142857142,278.2109523809524,271.3071428571429,62.94285714285714,10585.714285714286,64.20212765957447,4.9655172413793105,1958.2857142857144,99387.04761904762,274.2923076923077,281.2576923076923,272.84230769230766,7.126666666666666,-10.0,0.0,0.0,-45.44117647058823,0.0209523809523809,0.0533333333333333,0.0461538461538461,0.2153846153846153,0.4153846153846154,2013-04-01,Printemps
4078,201314,21,CHAMPAGNE-ARDENNE,4.821428571428571,83.66071428571429,3.783035714285714,277.74107142857144,270.4330357142857,60.285714285714285,11342.857142857143,77.04918032786885,3.0434782608695654,2188.59649122807,99756.33928571428,272.82142857142856,281.63214285714287,270.65,7.034821428571428,-10.0,0.0,0.0,-44.44444444444444,0.0,0.0,0.0,0.0,0.0,2013-04-01,Printemps
4079,201314,94,CORSE,12.792792792792794,178.2882882882883,3.335135135135135,285.01126126126127,281.39144144144143,79.61261261261261,24481.981981981982,79.66019417475728,4.493827160493828,973.9795918367348,100233.24324324324,281.7537037037037,287.4537037037037,279.65,6.327927927927928,-10.0,0.0,0.0,-44.26229508196721,0.3333333333333333,0.9963963963963964,2.525925925925926,4.066666666666666,7.792857142857144,2013-04-01,Printemps
4080,201314,43,FRANCHE-COMTE,7.410714285714286,215.44642857142856,3.507142857142857,278.1848214285714,271.8151785714286,64.5625,9151.785714285714,89.12162162162163,5.666666666666667,1308.6666666666667,97860.53571428572,273.7964285714286,281.7142857142857,272.15,6.521428571428571,-10.0,0.0,0.0,-43.04347826086956,0.0,0.0,0.0,0.0,0.0,2013-04-01,Printemps
4081,201314,23,HAUTE-NORMANDIE,2.3214285714285716,60.267857142857146,7.522321428571429,277.10267857142856,271.5875,68.47321428571429,12262.626262626263,69.87179487179488,5.344827586206897,1464.7222222222222,100290.80357142857,274.5571428571429,279.19642857142856,270.15,11.45,-10.0,0.01125,0.0016,-44.4,0.0214285714285714,0.1053571428571428,0.1857142857142857,0.4285714285714285,0.8214285714285714,2013-04-01,Printemps
4082,201314,91,LANGUEDOC-ROUSSILLON,14.594594594594597,236.8468468468469,4.185585585585585,282.4274774774775,277.6238738738739,73.57657657657657,19070.27027027027,82.42718446601941,5.661764705882353,1547.8021978021975,99713.6036036036,279.68928571428575,284.9321428571429,278.2928571428571,7.206306306306306,-10.0,0.0,0.0,-46.45161290322581,0.1963963963963964,0.5963963963963964,1.3357142857142856,2.3857142857142857,4.7,2013-04-01,Printemps
4083,201314,74,LIMOUSIN,10.803571428571429,142.85714285714286,3.295535714285714,278.2839285714286,272.8178571428571,70.08928571428571,8957.5,84.53932584269663,4.8979591836734695,1651.6470588235295,97699.01785714286,274.8857142857143,281.2214285714286,273.57857142857137,5.804464285714286,-10.0,0.0,0.0,-45.88235294117647,0.0357142857142857,0.1017857142857142,0.1071428571428571,0.3571428571428571,0.75,2013-04-01,Printemps
4084,201314,41,LORRAINE,0.8518339768339769,193.21428571428572,3.340515796260477,284.8620535714286,280.4638392857143,76.875,22941.964285714286,77.08380069025021,4.472972972972973,1404.9461206896551,100070.444015444,281.3357142857143,288.05357142857144,279.2928571428571,6.159821428571428,-10.0,0.0,0.0,-45.0,0.05740025740025735,0.18908730158730155,0.3345238095238095,0.7571428571428571,1.5214285714285716,2013-04-01,Printemps
4085,201314,73,MIDI-PYRENEES,17.410714285714285,240.80357142857144,3.307142857142857,280.85,276.85535714285714,76.8125,18624.09638554217,90.51282051282053,5.796296296296297,1196.6216216216217,97439.28571428572,278.0964285714286,283.5785714285714,275.7928571428571,6.573214285714286,-10.0,0.0,0.0,-45.27272727272727,0.1642857142857142,0.5696428571428571,1.0071428571428571,2.307142857142857,4.55,2013-04-01,Printemps
4086,201314,31,NORD-PAS-DE-CALAIS,1.9642857142857144,58.75,5.555357142857142,276.7625,269.4482142857143,60.82142857142857,14630.63063063063,48.71951219512195,4.0508474576271185,2128.448275862069,100621.51785714286,272.9321428571429,279.575,271.7928571428571,8.791964285714286,-10.0,0.0,0.0,-43.421052631578945,0.0,0.0017857142857142,0.0,0.0071428571428571,0.0142857142857142,2013-04-01,Printemps
4087,201314,52,PAYS-DE-LA-LOIRE,0.8518339768339769,193.21428571428572,3.340515796260477,284.8620535714286,280.4638392857143,76.875,22941.964285714286,77.08380069025021,4.472972972972973,1404.9461206896551,100070.444015444,281.3357142857143,288.05357142857144,279.2928571428571,6.159821428571428,-10.0,0.0,0.0,-45.0,0.05740025740025735,0.18908730158730155,0.3345238095238095,0.7571428571428571,1.5214285714285716,2013-04-01,Printemps
4088,201314,22,PICARDIE,1.9642857142857144,58.75,5.555357142857142,276.7625,269.4482142857143,60.82142857142857,14630.63063063063,48.71951219512195,4.0508474576271185,2128.448275862069,100621.51785714286,272.9321428571429,279.575,271.7928571428571,8.791964285714286,-10.0,0.0,0.0,-43.421052631578945,0.0,0.0017857142857142,0.0,0.0071428571428571,0.0142857142857142,2013-04-01,Printemps
4089,201314,54,POITOU-CHARENTES,5.523809523809524,146.66666666666666,3.224761904761905,278.2947619047619,272.56904761904764,68.92380952380952,8764.556962025317,78.78048780487805,4.488888888888889,1805.3947368421052,99099.61904761904,274.4384615384615,281.46923076923076,273.0730769230769,5.7161904761904765,-10.0,0.0,0.0,-45.0,0.0228571428571428,0.0552380952380952,0.0846153846153846,0.2076923076923077,0.4461538461538461,2013-04-01,Printemps
4090,201314,93,PROVENCE-ALPES-COTE-D-AZUR,0.8518339768339769,193.21428571428572,3.340515796260477,284.8620535714286,280.4638392857143,76.875,22941.964285714286,77.08380069025021,4.472972972972973,1404.9461206896551,100070.444015444,281.3357142857143,288.05357142857144,279.2928571428571,6.159821428571428,-10.0,0.0,0.0,-45.0,0.05740025740025735,0.18908730158730155,0.3345238095238095,0.7571428571428571,1.5214285714285716,2013-04-01,Printemps
4091,201314,11,ILE-DE-FRANCE,4.464285714285714,41.42857142857143,4.923214285714286,278.0571428571429,270.49107142857144,59.44642857142857,12901.785714285714,56.18181818181818,5.054054054054054,1910.5263157894735,99980.89285714286,274.0785714285714,281.0285714285714,272.2928571428571,8.439285714285715,-10.0,0.0,0.0,-45.55555555555556,0.0178571428571428,0.0392857142857142,0.0,0.1571428571428571,0.2857142857142857,2013-04-01,Printemps
4092,201314,82,RHONE-ALPES,9.107142857142858,230.0,3.1875,280.5625,275.1357142857143,69.83928571428571,10330.357142857143,79.81481481481481,5.795918367346939,1486.6666666666667,97819.28571428572,277.25714285714287,283.5571428571429,276.15,5.326785714285714,-10.0,0.0,0.0,-45.0,0.0035714285714285,0.0071428571428571,0.0142857142857142,0.0285714285714285,0.0571428571428571,2013-04-01,Printemps
4093,201313,42,ALSACE,2.5454545454545454,131.27272727272728,3.377272727272727,275.58454545454543,270.74,71.06363636363636,6636.363636363636,97.96703296703296,4.472972972972973,1029.6875,98444.09090909093,272.5,277.9846153846154,270.91923076923075,5.724770642201835,-10.0,0.0,0.0,-45.0,0.0220183486238532,0.0587155963302752,0.1555555555555555,0.2615384615384615,0.5230769230769231,2013-03-25,Printemps
4094,201313,72,AQUITAINE,-3.928571428571429,192.1428571428571,3.8294642857142858,283.8535714285714,279.32589285714283,75.23214285714286,18796.969696969696,87.42857142857143,5.197368421052632,1000.6185567010308,99367.23214285714,280.87857142857143,286.92857142857144,279.93571428571425,6.8125,-10.0,0.0,0.0,-47.142857142857146,0.1747747747747747,0.4666666666666666,1.0444444444444445,1.8888888888888888,3.9,2013-03-25,Printemps
4095,201313,83,AUVERGNE,3.75,164.10714285714286,1.6017857142857144,278.30535714285713,274.75714285714287,78.58928571428571,6625.0,79.92857142857143,5.818181818181818,1195.090909090909,96664.28571428572,275.0357142857143,281.37142857142857,272.2928571428571,3.585714285714286,-10.0,0.0,0.0,-45.0,0.0431372549019607,0.192,0.2909090909090909,0.8571428571428571,1.7714285714285716,2013-03-25,Printemps
4096,201313,25,BASSE-NORMANDIE,4.128440366972477,66.3302752293578,3.544954128440367,276.14449541284404,271.13532110091745,70.31192660550458,8254.128440366972,86.48936170212765,5.648148148148148,1349.4897959183672,99600.45871559632,273.3178571428571,278.42857142857144,271.93571428571425,6.486238532110092,-10.0,0.0009523809523809,0.0007407407407407,-45.0,0.0018348623853211,0.0036697247706422,0.0074074074074074,0.0142857142857142,0.0285714285714285,2013-03-25,Printemps
4097,201313,26,BOURGOGNE,4.196428571428571,134.01785714285714,2.8901785714285713,276.7401785714286,271.93035714285713,71.89285714285714,5768.75,91.6304347826087,6.148148148148148,1090.10989010989,98310.98214285714,273.8178571428571,279.50357142857143,272.15,5.119642857142857,-10.0,0.0,0.0,-45.0,0.0482142857142857,0.1035714285714285,0.2071428571428571,0.4428571428571429,0.9000000000000001,2013-03-25,Printemps
4098,201313,53,BRETAGNE,-5.654761904761905,85.77380952380952,4.771428571428571,277.2315476190476,273.03214285714284,75.05357142857143,5746.853146853146,90.37878787878788,6.2976190476190474,1122.5190839694656,100019.82142857143,275.2190476190476,279.26428571428573,273.2928571428571,8.258333333333335,-10.0,0.0,0.0,-44.72727272727273,0.0380952380952381,0.1461077844311377,0.248780487804878,0.5707317073170731,0.7142857142857143,2013-03-25,Printemps
4099,201313,24,CENTRE,3.3035714285714284,85.44642857142857,3.142857142857143,276.8232142857143,270.7241071428571,65.625,7966.964285714285,82.96116504854369,5.481927710843373,1771.078431372549,99226.25,274.00714285714287,279.48214285714283,272.3642857142857,5.801785714285714,-10.0,0.0,0.0,-45.0,0.0303571428571428,0.0499999999999999,0.0571428571428571,0.2142857142857142,0.4428571428571429,2013-03-25,Printemps
4100,201313,21,CHAMPAGNE-ARDENNE,3.392857142857143,132.58928571428572,2.8535714285714286,275.23660714285717,269.45,66.3125,8568.75,84.93827160493827,4.6,1476.7857142857142,99548.66071428572,271.73214285714283,278.12142857142857,270.0071428571428,5.309821428571429,-10.0,0.0,0.0,-44.34782608695652,0.0,0.0,0.0,0.0,0.0,2013-03-25,Printemps
4101,201313,94,CORSE,11.696428571428571,189.19642857142856,3.3392857142857144,285.7892857142857,281.95535714285717,78.89285714285714,21183.035714285714,80.38095238095238,4.423529411764706,808.7378640776699,100159.73214285714,283.0392857142857,288.04285714285714,280.43571428571425,6.15625,-10.0,0.0,0.0,-43.18181818181818,0.0785714285714285,0.3254545454545454,0.7851851851851852,1.5230769230769232,3.4666666666666663,2013-03-25,Printemps
4102,201313,43,FRANCHE-COMTE,3.75,216.16071428571428,2.9660714285714285,275.2133928571429,271.7285714285714,78.52678571428571,5043.75,98.3,7.195121951219512,701.8181818181819,97685.53571428572,272.9428571428571,277.3642857142857,271.5071428571428,5.5375000000000005,-10.0,0.0017283950617283,0.003,-44.25,0.0678571428571428,0.2285714285714286,0.3999999999999999,0.95,1.8928571428571428,2013-03-25,Printemps
4103,201313,23,HAUTE-NORMANDIE,-0.1785714285714285,68.92857142857143,5.916071428571429,276.1169642857143,270.4633928571429,66.6875,10556.842105263158,87.89772727272727,6.6,1109.4117647058824,99947.23214285714,274.4785714285714,277.73214285714283,270.15,9.146428571428572,-10.0,0.0,0.0,-45.0,0.0089285714285714,0.0124999999999999,0.0428571428571428,0.05,0.0999999999999999,2013-03-25,Printemps
4104,201313,91,LANGUEDOC-ROUSSILLON,0.3571428571428571,186.07142857142856,4.146428571428571,284.54464285714283,280.1401785714286,76.11607142857143,19326.785714285714,82.65094339622641,4.641025641025641,1176.5,99526.07142857143,281.6464285714286,287.275,280.2928571428571,7.251785714285715,-10.0,0.0,0.0,-49.0,0.1714285714285714,0.5625,0.8428571428571429,2.3000000000000003,5.1571428571428575,2013-03-25,Printemps
4105,201313,74,LIMOUSIN,-0.625,125.0,3.0089285714285716,278.5964285714286,274.31160714285716,75.89285714285714,7075.0,77.8953488372093,5.212765957446808,1052.3170731707316,97476.07142857143,275.3071428571429,281.90714285714284,274.72142857142853,5.608035714285714,-10.0,0.0,0.0,-44.4,0.1178571428571428,0.3801801801801802,0.85,1.5037037037037038,3.0357142857142856,2013-03-25,Printemps
4106,201313,41,LORRAINE,0.8518339768339769,193.21428571428572,3.340515796260477,284.8620535714286,280.4638392857143,76.875,22941.964285714286,77.08380069025021,4.472972972972973,1404.9461206896551,100070.444015444,281.3357142857143,288.05357142857144,279.2928571428571,6.159821428571428,-10.0,0.0,0.0,-45.0,0.05740025740025735,0.18908730158730155,0.3345238095238095,0.7571428571428571,1.5214285714285716,2013-03-25,Printemps
4107,201313,73,MIDI-PYRENEES,-4.553571428571429,209.0178571428571,3.2857142857142856,283.8375,280.0767857142857,78.75892857142857,19289.87341772152,89.32432432432432,5.60377358490566,1028.7671232876712,97230.625,281.17857142857144,286.75,279.15,6.399107142857143,-10.0,0.0,0.0,-47.64705882352941,0.2732142857142857,0.6732142857142858,1.65,2.757142857142857,5.528571428571429,2013-03-25,Printemps
4108,201313,31,NORD-PAS-DE-CALAIS,1.2612612612612613,83.15315315315316,4.18018018018018,274.91396396396397,268.568018018018,63.549549549549546,13310.81081081081,74.875,5.907894736842105,1487.6623376623377,100296.03603603604,272.56428571428575,276.7,271.57857142857137,6.706306306306306,-10.0,0.0,0.0,-44.583333333333336,0.0,0.0,0.0,0.0,0.0,2013-03-25,Printemps
4109,201313,52,PAYS-DE-LA-LOIRE,0.8518339768339769,193.21428571428572,3.340515796260477,284.8620535714286,280.4638392857143,76.875,22941.964285714286,77.08380069025021,4.472972972972973,1404.9461206896551,100070.444015444,281.3357142857143,288.05357142857144,279.2928571428571,6.159821428571428,-10.0,0.0,0.0,-45.0,0.05740025740025735,0.18908730158730155,0.3345238095238095,0.7571428571428571,1.5214285714285716,2013-03-25,Printemps
4110,201313,22,PICARDIE,1.2612612612612613,83.15315315315316,4.18018018018018,274.91396396396397,268.568018018018,63.549549549549546,13310.81081081081,74.875,5.907894736842105,1487.6623376623377,100296.03603603604,272.56428571428575,276.7,271.57857142857137,6.706306306306306,-10.0,0.0,0.0,-44.583333333333336,0.0,0.0,0.0,0.0,0.0,2013-03-25,Printemps
4111,201313,54,POITOU-CHARENTES,1.6964285714285714,102.41071428571428,2.93125,277.83214285714286,273.09464285714284,73.10714285714286,6064.285714285715,78.77173913043478,5.480769230769231,1170.8045977011495,98946.78571428572,274.48214285714283,280.8285714285714,273.5071428571428,5.397321428571429,-10.0,0.0,0.0,-45.0,0.0616071428571428,0.2017857142857143,0.45,0.7785714285714286,1.6214285714285714,2013-03-25,Printemps
4112,201313,93,PROVENCE-ALPES-COTE-D-AZUR,0.8518339768339769,193.21428571428572,3.340515796260477,284.8620535714286,280.4638392857143,76.875,22941.964285714286,77.08380069025021,4.472972972972973,1404.9461206896551,100070.444015444,281.3357142857143,288.05357142857144,279.2928571428571,6.159821428571428,-10.0,0.0,0.0,-45.0,0.05740025740025735,0.18908730158730155,0.3345238095238095,0.7571428571428571,1.5214285714285716,2013-03-25,Printemps
4113,201313,11,ILE-DE-FRANCE,2.857142857142857,69.64285714285714,3.5928571428571425,276.19464285714287,269.0517857142857,60.107142857142854,10053.57142857143,81.33928571428571,5.160714285714286,2196.4285714285716,99765.17857142857,273.4785714285714,278.62857142857143,271.43571428571425,6.419642857142857,-10.0,0.0,0.0,-45.0,0.0,0.0,0.0,0.0,0.0,2013-03-25,Printemps
4114,201313,82,RHONE-ALPES,4.107142857142857,216.78571428571428,2.8803571428571426,279.0107142857143,275.975,82.07142857142857,5889.285714285715,79.6,6.659574468085107,807.1739130434783,97682.32142857143,276.39285714285717,281.4785714285714,276.15,5.107142857142857,-10.0,0.0,0.0,-44.72727272727273,0.3214285714285714,0.8250000000000001,2.0,3.357142857142857,6.785714285714286,2013-03-25,Printemps
4115,201312,42,ALSACE,16.696428571428573,161.51785714285714,3.4562500000000003,278.83482142857144,274.55357142857144,75.44642857142857,26966.964285714286,97.05882352941175,4.472972972972973,1148.1927710843374,98404.55357142857,275.6642857142857,281.6392857142857,274.0071428571428,6.3446428571428575,-10.0,0.0,0.0,-45.0,0.0625,0.1189189189189189,0.3777777777777777,0.5925925925925926,2.2153846153846155,2013-03-18,Printemps
4116,201312,72,AQUITAINE,7.5,185.3153153153153,4.224324324324324,283.35089285714287,278.5776785714286,74.79464285714286,31450.79365079365,72.4950495049505,3.493827160493827,1530.2173913043478,99402.14285714286,278.95714285714286,286.7892857142857,277.43571428571425,7.529729729729731,-10.0,0.0,0.0,-47.61904761904762,0.0732142857142857,0.2035714285714285,0.3,0.8214285714285714,2.0214285714285714,2013-03-18,Printemps
4117,201312,83,AUVERGNE,9.285714285714286,184.82142857142856,3.3035714285714284,281.5482142857143,274.8857142857143,65.21428571428571,30750.0,77.45454545454545,4.185185185185185,2044.5454545454545,96666.78571428572,277.4214285714286,284.90714285714284,275.43571428571425,7.142857142857143,-10.0,0.0,0.0,-45.68181818181818,0.0377358490566037,0.0566037735849056,0.0307692307692307,0.2428571428571428,1.1428571428571428,2013-03-18,Printemps
4118,201312,25,BASSE-NORMANDIE,26.90909090909091,162.27272727272728,3.3427272727272728,279.31454545454545,277.15272727272725,86.68181818181819,18591.58878504673,91.56565656565655,5.703703703703703,961.6831683168316,99094.72727272728,276.6759259259259,281.5351851851852,274.2269230769231,5.865454545454546,-10.0,0.0,0.0,-45.0,0.1481818181818182,0.3706422018348623,0.8518518518518519,1.515384615384615,3.125,2013-03-18,Printemps
4119,201312,26,BOURGOGNE,13.482142857142858,177.85714285714286,3.375,280.2651785714286,276.11785714285713,76.49107142857143,24465.178571428572,91.27472527472528,4.0,1536.6279069767445,98196.69642857143,276.45714285714286,283.25357142857143,274.3642857142857,6.226785714285714,-10.0,0.0,0.0,-45.0,0.0839285714285714,0.225,0.5571428571428572,1.1,3.542857142857143,2013-03-18,Printemps
4120,201312,53,BRETAGNE,30.47619047619047,174.22619047619048,4.284523809523809,280.7416666666667,277.98035714285714,83.5,22440.41095890411,87.25581395348837,5.746987951807229,803.36,99434.10714285714,278.1904761904762,283.0833333333333,274.65,7.839880952380954,-10.0,0.0,0.0,-44.4,0.1714285714285714,0.4952380952380952,0.7523809523809524,2.0714285714285716,3.95,2013-03-18,Printemps
4121,201312,24,CENTRE,18.75,154.28571428571428,3.4901785714285714,280.14732142857144,276.3276785714286,77.95535714285714,16702.678571428572,83.73529411764706,4.910256410256411,1515.0,98949.64285714286,276.70714285714286,282.85714285714283,274.93571428571425,6.3062499999999995,-10.0,0.0,0.0,-45.0,0.0607142857142857,0.2196428571428571,0.3642857142857142,0.8857142857142858,2.8000000000000003,2013-03-18,Printemps
4122,201312,21,CHAMPAGNE-ARDENNE,23.303571428571427,146.16071428571428,3.744642857142857,278.50892857142856,274.9535714285714,78.98214285714286,13676.785714285714,92.04545454545456,5.0,1155.6470588235295,99280.71428571428,275.31071428571425,281.1642857142857,273.5071428571428,6.5249999999999995,-10.0,0.0,0.0,-45.55555555555556,0.0464285714285714,0.1464285714285714,0.3071428571428571,0.7214285714285714,2.164285714285714,2013-03-18,Printemps
4123,201312,94,CORSE,-9.107142857142858,173.57142857142858,3.536607142857143,284.89285714285717,279.7955357142857,73.29464285714286,28875.0,68.58585858585859,3.4482758620689653,1194.7916666666667,100527.05357142857,281.30357142857144,287.61785714285713,278.72142857142853,6.564285714285715,-10.0,0.0,0.0,-44.0,0.1482142857142857,0.463063063063063,1.1333333333333333,1.6444444444444444,3.5,2013-03-18,Printemps
4124,201312,43,FRANCHE-COMTE,15.0,217.58928571428572,3.28125,278.6080357142857,274.68839285714284,77.17857142857143,24313.39285714286,92.37373737373736,5.214285714285714,1389.010989010989,97673.66071428572,275.575,281.5,273.5071428571428,6.66875,-10.0,0.0,0.0,-44.63414634146341,0.0857142857142857,0.2321428571428571,0.7428571428571429,1.1357142857142857,2.9,2013-03-18,Printemps
4125,201312,23,HAUTE-NORMANDIE,34.0,140.0,4.995495495495495,278.7572072072072,276.39774774774776,85.24324324324324,11872.916666666666,91.86170212765956,6.296875,838.5714285714286,99337.11711711712,276.8833333333333,280.60925925925926,272.8642857142857,7.707207207207207,-10.0,0.0,0.0,-46.25,0.1189189189189189,0.4345454545454545,1.348148148148148,1.6740740740740745,3.3,2013-03-18,Printemps
4126,201312,91,LANGUEDOC-ROUSSILLON,6.160714285714286,166.66666666666666,4.476576576576576,283.10625,278.56607142857143,75.50892857142857,34901.78571428572,74.46601941747574,4.217948717948718,1710.618556701031,99725.08928571428,279.4535714285714,285.74642857142857,278.22142857142853,7.734234234234235,-10.0,0.0,0.0,-49.09090909090909,0.2107142857142857,0.5375,2.185714285714286,3.1571428571428575,6.814285714285715,2013-03-18,Printemps
4127,201312,74,LIMOUSIN,12.792792792792794,176.66666666666666,3.5306306306306303,280.9472972972973,276.8472972972973,77.91891891891892,38796.42857142857,86.83870967741936,4.796296296296297,1215.1136363636365,97396.03603603604,277.2892857142857,284.01785714285717,275.57857142857137,6.5549549549549555,-10.0,0.0,0.0,-45.55555555555556,0.1189189189189189,0.2864864864864865,0.4785714285714286,1.1285714285714286,2.842857142857143,2013-03-18,Printemps
4128,201312,41,LORRAINE,0.8518339768339769,193.21428571428572,3.340515796260477,284.8620535714286,280.4638392857143,76.875,22941.964285714286,77.08380069025021,4.472972972972973,1404.9461206896551,100070.444015444,281.3357142857143,288.05357142857144,279.2928571428571,6.159821428571428,-10.0,0.0,0.0,-45.0,0.05740025740025735,0.18908730158730155,0.3345238095238095,0.7571428571428571,1.5214285714285716,2013-03-18,Printemps
4129,201312,73,MIDI-PYRENEES,6.964285714285714,176.93693693693697,3.518018018018018,282.54017857142856,277.34464285714284,72.51785714285714,31240.963855421687,71.71052631578948,3.316666666666667,1764.1891891891892,97314.64285714286,277.7964285714286,286.11785714285713,275.3642857142857,6.834234234234234,-10.0,0.0,0.0,-46.77966101694915,0.0303571428571428,0.15,0.2857142857142857,0.5857142857142856,1.6428571428571428,2013-03-18,Printemps
4130,201312,31,NORD-PAS-DE-CALAIS,36.666666666666664,135.67567567567568,4.881981981981982,276.7617117117117,273.8103603603604,81.68468468468468,11023.423423423425,92.14285714285714,6.060975609756097,1342.0238095238096,99845.13513513512,274.7648148148148,278.70185185185187,274.2928571428571,7.664864864864866,-10.0,0.0,0.0,-44.36619718309859,0.0612612612612612,0.2254545454545454,0.3714285714285714,0.9703703703703704,2.357142857142857,2013-03-18,Printemps
4131,201312,52,PAYS-DE-LA-LOIRE,0.8518339768339769,193.21428571428572,3.340515796260477,284.8620535714286,280.4638392857143,76.875,22941.964285714286,77.08380069025021,4.472972972972973,1404.9461206896551,100070.444015444,281.3357142857143,288.05357142857144,279.2928571428571,6.159821428571428,-10.0,0.0,0.0,-45.0,0.05740025740025735,0.18908730158730155,0.3345238095238095,0.7571428571428571,1.5214285714285716,2013-03-18,Printemps
4132,201312,22,PICARDIE,36.666666666666664,135.67567567567568,4.881981981981982,276.7617117117117,273.8103603603604,81.68468468468468,11023.423423423425,92.14285714285714,6.060975609756097,1342.0238095238096,99845.13513513512,274.7648148148148,278.70185185185187,274.2928571428571,7.664864864864866,-10.0,0.0,0.0,-44.36619718309859,0.0612612612612612,0.2254545454545454,0.3714285714285714,0.9703703703703704,2.357142857142857,2013-03-18,Printemps
4133,201312,54,POITOU-CHARENTES,14.196428571428571,167.32142857142858,3.61875,281.1,277.425,79.41071428571429,26163.095238095237,85.83516483516483,4.092592592592593,1584.7777777777778,98765.17857142857,277.1392857142857,284.2142857142857,275.22142857142853,6.577678571428572,-10.0,0.0,0.0,-45.0,0.0821428571428571,0.2446428571428571,0.4142857142857142,0.9714285714285714,3.085714285714286,2013-03-18,Printemps
4134,201312,93,PROVENCE-ALPES-COTE-D-AZUR,0.8518339768339769,193.21428571428572,3.340515796260477,284.8620535714286,280.4638392857143,76.875,22941.964285714286,77.08380069025021,4.472972972972973,1404.9461206896551,100070.444015444,281.3357142857143,288.05357142857144,279.2928571428571,6.159821428571428,-10.0,0.0,0.0,-45.0,0.05740025740025735,0.18908730158730155,0.3345238095238095,0.7571428571428571,1.5214285714285716,2013-03-18,Printemps
4135,201312,11,ILE-DE-FRANCE,23.928571428571427,144.64285714285714,3.5285714285714285,279.2892857142857,275.62321428571425,78.32142857142857,15151.785714285714,82.0909090909091,5.365384615384615,1240.7407407407406,99389.28571428572,276.51428571428573,281.74285714285713,274.72142857142853,6.196428571428571,-10.0,0.0,0.0,-45.0,0.0428571428571428,0.1392857142857143,0.2428571428571428,0.5571428571428572,1.6285714285714286,2013-03-18,Printemps
4136,201312,82,RHONE-ALPES,11.636363636363637,167.63636363636363,3.3854545454545453,281.8463636363636,275.68636363636364,68.12727272727273,33774.545454545456,80.45454545454545,4.833333333333333,2476.8518518518517,97759.45454545454,278.40714285714284,285.0357142857143,277.2928571428571,6.181818181818182,-10.0,0.0,0.0,-45.27272727272727,0.149090909090909,0.5672727272727273,0.7999999999999999,2.2142857142857144,4.3428571428571425,2013-03-18,Printemps
4137,201311,42,ALSACE,-5.267857142857143,182.1428571428571,3.3017857142857143,275.1330357142857,271.0419642857143,75.875,18284.821428571428,97.03947368421052,4.472972972972973,788.4615384615385,98367.23214285714,272.2285714285714,277.67857142857144,270.5071428571428,6.09375,-10.0,0.0,0.0,-45.0,0.0696428571428571,0.2678571428571428,0.45,0.8642857142857142,1.342857142857143,2013-03-11,Printemps
4138,201311,72,AQUITAINE,-2.6785714285714284,241.42857142857144,4.485714285714286,279.2017857142857,274.3982142857143,72.85714285714286,25088.059701492537,79.65686274509804,4.947368421052632,1356.8686868686868,99563.75,276.1607142857143,282.31071428571425,274.93571428571425,7.6241071428571425,-10.0,0.0014893617021276,0.0003703703703703,-47.22222222222222,0.0714285714285714,0.2446428571428571,0.4785714285714286,0.95,1.5642857142857145,2013-03-11,Printemps
4139,201311,83,AUVERGNE,-5.178571428571429,213.3928571428571,4.576785714285714,276.87321428571425,270.93571428571425,66.19642857142857,26857.14285714286,73.27272727272727,4.372549019607843,1864.8148148148148,96693.92857142857,273.50714285714287,279.5285714285714,271.72142857142853,8.401785714285714,-10.0,0.005,0.0010416666666666,-45.0,0.0392857142857142,0.0945454545454545,0.2714285714285714,0.4857142857142857,0.2857142857142857,2013-03-11,Printemps
4140,201311,25,BASSE-NORMANDIE,-14.642857142857142,160.71428571428572,4.653571428571429,274.6875,272.56875,86.25892857142857,18697.272727272728,90.5,5.833333333333333,882.421052631579,99240.44642857143,272.1714285714286,276.9142857142857,271.2928571428571,8.439285714285715,-10.0,0.0561818181818181,0.0112765957446808,-44.04255319148936,0.1625,0.5017857142857143,0.8785714285714287,2.1357142857142857,4.042857142857143,2013-03-11,Printemps
4141,201311,26,BOURGOGNE,-4.910714285714286,215.8928571428571,3.663392857142857,276.36875,271.9,74.05357142857143,20083.928571428572,89.93827160493827,5.038461538461538,1206.7469879518071,98231.875,273.16785714285714,279.2892857142857,271.3642857142857,6.804464285714286,-10.0,0.0,0.0,-44.21052631578947,0.1160714285714285,0.3999999999999999,1.0714285714285714,1.5785714285714287,2.4285714285714284,2013-03-11,Printemps
4142,201311,53,BRETAGNE,-14.11042944785276,184.0490797546012,6.423312883435583,277.8696319018405,274.2211656441718,78.3680981595092,22808.275862068964,85.2734375,5.908045977011494,778.6029411764706,99710.42944785276,275.495,280.1,273.15,11.350306748466258,-10.0,0.0003030303030303,0.0011111111111111,-45.833333333333336,0.1963190184049079,0.6515337423312884,1.4439024390243904,2.49,6.164285714285714,2013-03-11,Printemps
4143,201311,24,CENTRE,-9.017857142857142,192.1428571428571,3.9125,275.6625,272.175,79.22321428571429,15567.857142857143,80.3,5.576923076923077,1291.2371134020618,99032.14285714286,272.8392857142857,278.225,271.57857142857137,7.2,-10.0,0.0364285714285714,0.0015999999999999,-44.8,0.1821428571428571,0.5089285714285714,1.3714285714285714,2.1785714285714284,3.807142857142857,2013-03-11,Printemps
4144,201311,21,CHAMPAGNE-ARDENNE,-14.504504504504505,193.42342342342343,4.091891891891891,274.73198198198196,271.431981981982,79.8108108108108,12243.243243243243,90.51136363636364,5.36,825.3012048192771,99295.4054054054,271.5357142857143,277.18928571428575,270.72142857142853,6.908108108108108,-10.0,0.0,0.0004166666666666,-46.25,0.0954954954954954,0.3189189189189189,0.4214285714285714,1.157142857142857,1.7,2013-03-11,Printemps
4145,201311,94,CORSE,1.5178571428571428,156.42857142857142,3.3,282.4232142857143,278.35535714285714,77.14285714285714,27883.928571428572,73.80952380952381,3.9318181818181817,1023.0,100144.55357142857,279.20714285714286,284.98214285714283,276.7928571428571,5.970535714285715,-10.0,0.0,0.0,-43.47826086956522,0.2321428571428571,0.6196428571428572,1.45,2.585714285714286,5.892857142857143,2013-03-11,Printemps
4146,201311,43,FRANCHE-COMTE,-3.063063063063063,237.2972972972973,3.646846846846847,275.62207207207206,270.931981981982,73.05405405405405,20814.285714285714,87.84269662921348,5.475,996.9512195121952,97612.16216216216,272.59285714285716,278.3857142857143,270.2269230769231,6.976576576576576,-10.0,0.0002631578947368,0.0007894736842105,-45.78947368421053,0.0558558558558558,0.2342342342342342,0.4642857142857143,0.7185185185185184,1.2307692307692308,2013-03-11,Printemps
4147,201311,23,HAUTE-NORMANDIE,-28.5,172.6,8.011000000000001,275.934,272.501,78.62,18621.11111111111,83.92307692307692,5.719298245614035,1078.9473684210527,99361.6,274.25,277.75,271.0071428571428,12.11,-10.0,0.026875,0.0072,-44.4,0.088,0.1959595959595959,0.3416666666666666,0.672,1.2,2013-03-11,Printemps
4148,201311,91,LANGUEDOC-ROUSSILLON,-3.3035714285714284,232.58928571428572,5.445535714285714,280.13660714285714,273.24910714285716,64.84821428571429,31552.678571428572,68.57843137254902,4.25,1902.0224719101125,99681.60714285714,276.63214285714287,283.325,275.2928571428571,9.245535714285714,-10.0,0.0018918918918918,0.0005555555555555,-49.166666666666664,0.175,0.4160714285714286,0.2571428571428572,0.6785714285714286,0.3571428571428571,2013-03-11,Printemps
4149,201311,74,LIMOUSIN,-4.732142857142857,211.78571428571428,4.579464285714286,276.0964285714286,272.5892857142857,78.80357142857143,22695.0,86.15217391304348,5.32,1011.8888888888888,97490.17857142857,273.2785714285714,279.0,271.93571428571425,8.051785714285714,-10.0,0.0007246376811594,0.00125,-45.0,0.1517857142857142,0.3160714285714285,0.5785714285714285,1.342857142857143,2.2285714285714286,2013-03-11,Printemps
4150,201311,41,LORRAINE,0.8518339768339769,193.21428571428572,3.340515796260477,284.8620535714286,280.4638392857143,76.875,22941.964285714286,77.08380069025021,4.472972972972973,1404.9461206896551,100070.444015444,281.3357142857143,288.05357142857144,279.2928571428571,6.159821428571428,-10.0,0.0,0.0,-45.0,0.05740025740025735,0.18908730158730155,0.3345238095238095,0.7571428571428571,1.5214285714285716,2013-03-11,Printemps
4151,201311,73,MIDI-PYRENEES,-2.5892857142857144,222.41071428571428,3.5892857142857144,278.5883928571429,273.68839285714284,72.35714285714286,22321.951219512193,78.66666666666667,4.824561403508772,1451.0958904109589,97411.78571428572,275.2142857142857,281.7,273.43571428571425,6.738392857142857,-10.0,0.0090697674418604,0.0018333333333333,-47.0,0.0553571428571428,0.2303571428571428,0.2357142857142857,0.7785714285714286,1.1142857142857143,2013-03-11,Printemps
4152,201311,31,NORD-PAS-DE-CALAIS,-25.0,157.76785714285714,6.086607142857143,274.0910714285714,271.14285714285717,81.29464285714286,18169.64285714286,80.01204819277109,5.51948051948052,1102.5641025641023,99854.375,271.65,275.98214285714283,270.0071428571428,10.233035714285714,-10.0,0.0391379310344827,0.0038666666666666,-43.2,0.1125,0.2357142857142857,0.2357142857142857,0.8928571428571429,1.4285714285714286,2013-03-11,Printemps
4153,201311,52,PAYS-DE-LA-LOIRE,0.8518339768339769,193.21428571428572,3.340515796260477,284.8620535714286,280.4638392857143,76.875,22941.964285714286,77.08380069025021,4.472972972972973,1404.9461206896551,100070.444015444,281.3357142857143,288.05357142857144,279.2928571428571,6.159821428571428,-10.0,0.0,0.0,-45.0,0.05740025740025735,0.18908730158730155,0.3345238095238095,0.7571428571428571,1.5214285714285716,2013-03-11,Printemps
4154,201311,22,PICARDIE,-25.0,157.76785714285714,6.086607142857143,274.0910714285714,271.14285714285717,81.29464285714286,18169.64285714286,80.01204819277109,5.51948051948052,1102.5641025641023,99854.375,271.65,275.98214285714283,270.0071428571428,10.233035714285714,-10.0,0.0391379310344827,0.0038666666666666,-43.2,0.1125,0.2357142857142857,0.2357142857142857,0.8928571428571429,1.4285714285714286,2013-03-11,Printemps
4155,201311,54,POITOU-CHARENTES,-4.464285714285714,210.71428571428572,4.2214285714285715,276.6482142857143,273.0669642857143,78.70535714285714,18981.6091954023,84.43181818181819,4.92,1209.659090909091,98877.94642857143,273.5,279.6714285714286,272.15,7.364285714285714,-10.0,0.0,0.0,-43.63636363636363,0.15,0.3928571428571428,1.0,1.7357142857142858,2.7714285714285714,2013-03-11,Printemps
4156,201311,93,PROVENCE-ALPES-COTE-D-AZUR,0.8518339768339769,193.21428571428572,3.340515796260477,284.8620535714286,280.4638392857143,76.875,22941.964285714286,77.08380069025021,4.472972972972973,1404.9461206896551,100070.444015444,281.3357142857143,288.05357142857144,279.2928571428571,6.159821428571428,-10.0,0.0,0.0,-45.0,0.05740025740025735,0.18908730158730155,0.3345238095238095,0.7571428571428571,1.5214285714285716,2013-03-11,Printemps
4157,201311,11,ILE-DE-FRANCE,-13.392857142857142,165.17857142857142,4.355357142857143,274.8178571428571,271.6464285714286,80.80357142857143,15539.285714285714,76.51785714285714,5.846153846153846,1221.1538461538462,99463.57142857143,272.2357142857143,277.05,270.8642857142857,7.778571428571429,-10.0,0.0463636363636363,0.0021428571428571,-45.0,0.2107142857142857,0.5535714285714286,1.2857142857142858,2.1714285714285713,3.928571428571429,2013-03-11,Printemps
4158,201311,82,RHONE-ALPES,-2.857142857142857,224.46428571428572,6.080357142857143,278.175,271.4089285714286,63.17857142857143,25857.14285714286,67.32142857142857,3.92156862745098,1762.7450980392157,97712.14285714286,275.34285714285716,280.99285714285713,274.43571428571425,10.051785714285714,-10.0,0.0,0.0,-45.0,0.0035714285714285,0.0072727272727272,0.0714285714285714,0.1538461538461538,0.2666666666666666,2013-03-11,Printemps
4159,201310,42,ALSACE,-32.94642857142857,188.66071428571428,1.6776785714285716,280.5732142857143,277.21517857142857,80.89285714285714,15125.0,97.53521126760565,4.472972972972973,1455.9322033898304,98253.03571428572,275.51785714285717,284.525,273.22142857142853,3.5812500000000003,-10.0,0.0,0.0,-45.0,0.0410714285714285,0.1357142857142857,0.25,0.5857142857142856,0.5142857142857143,2013-03-04,Printemps
4160,201310,72,AQUITAINE,-21.071428571428573,155.53571428571428,5.741964285714286,285.54464285714283,280.18392857142857,71.61607142857143,32509.52380952381,74.1826923076923,2.935064935064935,1909.89010989011,98950.80357142857,282.29285714285714,288.5892857142857,280.7928571428571,10.221428571428572,-10.0,0.0,0.0,-47.41935483870968,0.0892857142857142,0.1821428571428571,0.2642857142857143,0.7714285714285715,1.507142857142857,2013-03-04,Printemps
4161,201310,83,AUVERGNE,-25.535714285714285,186.07142857142856,3.75,282.5125,276.93392857142857,70.58928571428571,31678.571428571428,69.63636363636364,4.117647058823529,2080.9615384615386,96486.25,277.7785714285714,286.00714285714287,275.2928571428571,7.203571428571428,-10.0,0.0,0.0,-45.0,0.05,0.2549019607843137,0.3714285714285714,0.9230769230769232,1.9,2013-03-04,Printemps
4162,201310,25,BASSE-NORMANDIE,-28.571428571428573,126.69642857142856,3.080357142857143,281.5482142857143,278.84375,84.23214285714286,12645.945945945949,82.73333333333333,5.391304347826087,1398.3333333333333,98897.32142857143,278.3642857142857,284.74642857142857,275.2928571428571,5.2625,-10.0,0.0,0.0,-45.0,0.1357142857142857,0.4125,0.7428571428571429,1.5214285714285716,3.0785714285714287,2013-03-04,Printemps
4163,201310,26,BOURGOGNE,-29.642857142857142,158.66071428571428,2.707142857142857,282.0991071428571,278.01160714285714,77.50892857142857,16235.714285714286,92.29411764705884,4.884615384615385,1685.064935064935,98029.375,277.80357142857144,285.5678571428572,275.5071428571428,4.935714285714285,-10.0,0.0,0.0,-44.34782608695652,0.1089285714285714,0.2267857142857142,0.1928571428571428,0.8214285714285714,1.0,2013-03-04,Printemps
4164,201310,53,BRETAGNE,-33.86904761904762,139.28571428571428,4.151190476190476,283.2892857142857,279.8589285714286,80.44047619047619,17724.137931034482,83.064,4.597701149425287,1644.9180327868853,99155.17857142857,280.3595238095238,285.802380952381,277.72142857142853,7.383928571428571,-10.0,0.0,0.0,-45.0,0.0952380952380952,0.3880952380952381,0.3761904761904762,1.3285714285714283,2.378571428571429,2013-03-04,Printemps
4165,201310,24,CENTRE,-29.196428571428573,140.26785714285714,3.0169642857142853,282.88214285714287,278.44107142857143,75.92857142857143,15980.357142857143,78.17821782178218,4.971014492753623,1776.4044943820224,98743.75,279.5857142857143,286.05357142857144,277.3642857142857,5.39375,-10.0,0.0,0.0,-44.4,0.1196428571428571,0.2035714285714285,0.1357142857142857,0.6785714285714286,0.9714285714285714,2013-03-04,Printemps
4166,201310,21,CHAMPAGNE-ARDENNE,-29.732142857142858,167.67857142857142,2.88125,281.23839285714286,277.7919642857143,80.5625,11354.464285714286,92.06172839506172,5.173913043478261,1535.6164383561645,99094.28571428572,277.03214285714284,284.8535714285714,274.5071428571428,5.053571428571429,-10.0,0.0,0.0,-46.15384615384615,0.1035714285714285,0.225,0.4714285714285714,0.9142857142857144,1.7857142857142858,2013-03-04,Printemps
4167,201310,94,CORSE,-28.571428571428573,137.58928571428572,3.4383928571428575,285.0785714285714,282.34375,84.28571428571429,17968.75,78.31632653061224,5.0588235294117645,713.4408602150538,100632.5,281.7035714285714,287.64285714285717,278.65,6.729464285714286,-10.0,0.0,0.0,-43.333333333333336,0.2636363636363636,0.8477064220183487,1.7777777777777777,3.325925925925926,5.699999999999999,2013-03-04,Printemps
4168,201310,43,FRANCHE-COMTE,-32.32142857142857,163.39285714285714,1.8080357142857144,280.8535714285714,276.2669642857143,75.0,16539.285714285714,85.73033707865169,3.923076923076923,2030.909090909091,97537.32142857143,275.43571428571425,284.85,272.5071428571428,4.269642857142857,-10.0,0.0,0.0,-44.285714285714285,0.0126126126126126,0.0990990990990991,0.2071428571428571,0.4814814814814814,0.5230769230769231,2013-03-04,Printemps
4169,201310,23,HAUTE-NORMANDIE,-27.857142857142858,134.28571428571428,4.636607142857143,281.5544642857143,278.7455357142857,83.52678571428571,10733.333333333334,80.23333333333333,5.60655737704918,1471.578947368421,99164.91071428572,279.3964285714286,283.9214285714286,275.72142857142853,7.198214285714286,-10.0,0.0,0.0,-45.55555555555556,0.0446428571428571,0.1714285714285714,0.35,0.6428571428571429,1.3,2013-03-04,Printemps
4170,201310,91,LANGUEDOC-ROUSSILLON,-24.553571428571427,155.0,5.757142857142857,284.83660714285713,280.7473214285714,77.38392857142857,25778.571428571428,84.39622641509433,4.746835443037975,1501.9,99404.01785714286,282.1714285714286,287.11071428571427,281.0071428571428,9.9875,-10.0,0.0,0.0,-47.5609756097561,0.1875,0.6232142857142857,1.1785714285714286,2.5285714285714285,4.921428571428572,2013-03-04,Printemps
4171,201310,74,LIMOUSIN,-24.107142857142858,150.35714285714286,3.8026785714285714,283.6848214285714,278.65267857142857,72.95535714285714,41848.27586206896,82.32558139534883,4.551020408163265,1562.9411764705883,97077.85714285714,280.10714285714283,286.60714285714283,278.72142857142853,7.274107142857143,-10.0,0.0,0.0,-45.483870967741936,0.0553571428571428,0.2410714285714285,0.4714285714285714,0.9571428571428572,1.7214285714285715,2013-03-04,Printemps
4172,201310,41,LORRAINE,0.8518339768339769,193.21428571428572,3.340515796260477,284.8620535714286,280.4638392857143,76.875,22941.964285714286,77.08380069025021,4.472972972972973,1404.9461206896551,100070.444015444,281.3357142857143,288.05357142857144,279.2928571428571,6.159821428571428,-10.0,0.0,0.0,-45.0,0.05740025740025735,0.18908730158730155,0.3345238095238095,0.7571428571428571,1.5214285714285716,2013-03-04,Printemps
4173,201310,73,MIDI-PYRENEES,-19.910714285714285,151.16071428571428,4.689285714285715,284.8910714285714,279.1205357142857,69.89285714285714,30734.939759036144,71.98717948717949,2.85,1866.0,96882.67857142857,280.99285714285713,288.1642857142857,278.72142857142853,9.230357142857144,-10.0,0.0,0.0,-46.9811320754717,0.0589285714285714,0.1785714285714285,0.3357142857142857,0.7285714285714285,1.4214285714285713,2013-03-04,Printemps
4174,201310,31,NORD-PAS-DE-CALAIS,-28.035714285714285,157.88990825688074,3.834821428571429,281.04464285714283,277.9544642857143,82.48214285714286,8711.711711711712,74.89285714285714,6.086956521739131,1931.060606060606,99576.33928571428,278.2107142857143,283.5964285714286,277.5071428571428,6.197321428571429,-10.0,0.0,0.0,-43.63636363636363,0.0910714285714285,0.2785714285714286,0.4642857142857143,1.1285714285714286,2.2357142857142858,2013-03-04,Printemps
4175,201310,52,PAYS-DE-LA-LOIRE,0.8518339768339769,193.21428571428572,3.340515796260477,284.8620535714286,280.4638392857143,76.875,22941.964285714286,77.08380069025021,4.472972972972973,1404.9461206896551,100070.444015444,281.3357142857143,288.05357142857144,279.2928571428571,6.159821428571428,-10.0,0.0,0.0,-45.0,0.05740025740025735,0.18908730158730155,0.3345238095238095,0.7571428571428571,1.5214285714285716,2013-03-04,Printemps
4176,201310,22,PICARDIE,-28.035714285714285,157.88990825688074,3.834821428571429,281.04464285714283,277.9544642857143,82.48214285714286,8711.711711711712,74.89285714285714,6.086956521739131,1931.060606060606,99576.33928571428,278.2107142857143,283.5964285714286,277.5071428571428,6.197321428571429,-10.0,0.0,0.0,-43.63636363636363,0.0910714285714285,0.2785714285714286,0.4642857142857143,1.1285714285714286,2.2357142857142858,2013-03-04,Printemps
4177,201310,54,POITOU-CHARENTES,-27.946428571428573,142.32142857142858,3.5616071428571425,283.65625,279.08125,75.34821428571429,25922.352941176472,84.66292134831461,4.816326530612245,1591.2790697674418,98490.0,279.7035714285714,286.8964285714286,278.07857142857137,6.370535714285714,-10.0,0.0,0.0,-44.44444444444444,0.1196428571428571,0.2767857142857143,0.2857142857142857,0.9428571428571428,1.4785714285714284,2013-03-04,Printemps
4178,201310,93,PROVENCE-ALPES-COTE-D-AZUR,0.8518339768339769,193.21428571428572,3.340515796260477,284.8620535714286,280.4638392857143,76.875,22941.964285714286,77.08380069025021,4.472972972972973,1404.9461206896551,100070.444015444,281.3357142857143,288.05357142857144,279.2928571428571,6.159821428571428,-10.0,0.0,0.0,-45.0,0.05740025740025735,0.18908730158730155,0.3345238095238095,0.7571428571428571,1.5214285714285716,2013-03-04,Printemps
4179,201310,11,ILE-DE-FRANCE,-29.107142857142858,143.75,2.3839285714285716,282.5160714285714,278.25714285714287,76.73214285714286,13964.285714285714,70.47272727272727,5.023255813953488,1743.4782608695652,99196.42857142857,279.4714285714286,285.7,276.57857142857137,4.4071428571428575,-10.0,0.0,0.0,-44.42307692307692,0.0392857142857142,0.0964285714285714,0.1428571428571428,0.3714285714285714,0.7999999999999999,2013-03-04,Printemps
4180,201310,82,RHONE-ALPES,-29.821428571428573,155.0,2.7821428571428575,282.2,278.05357142857144,77.01785714285714,15907.142857142857,64.125,4.260869565217392,2223.478260869565,97631.96428571428,277.95,285.5357142857143,276.72142857142853,5.323214285714286,-10.0,0.0,0.0,-45.0,0.0714285714285714,0.1321428571428571,0.1428571428571428,0.4571428571428572,0.9428571428571428,2013-03-04,Printemps
4181,201309,42,ALSACE,6.071428571428571,141.96428571428572,2.992857142857143,274.2267857142857,271.79464285714283,84.0625,7546.428571428572,98.29268292682929,4.472972972972973,551.7647058823529,100031.51785714286,272.2,275.75,271.07857142857137,5.004464285714286,-10.0,0.0,0.0,-45.0,0.0160714285714285,0.0375,0.0714285714285714,0.1785714285714285,0.3571428571428571,2013-02-25,Hiver
4182,201309,72,AQUITAINE,-13.839285714285714,176.60714285714286,2.789285714285714,276.59196428571425,272.48035714285714,76.51785714285714,9004.545454545454,58.142857142857146,3.3529411764705883,2820.1492537313434,100867.14285714286,272.2,280.2107142857143,270.93571428571425,4.911607142857143,-10.0,0.0038636363636363,0.0004166666666666,-46.25,0.0107142857142857,0.0160714285714285,0.0357142857142857,0.0571428571428571,0.1285714285714285,2013-02-25,Hiver
4183,201309,83,AUVERGNE,0.0,135.53571428571428,1.3732142857142855,273.38392857142856,270.16785714285714,79.25,6638.392857142857,73.4,6.478260869565218,1134.3478260869565,98235.53571428572,270.57142857142856,275.6642857142857,268.57857142857137,2.978571428571428,-10.0,0.0018181818181818,0.0007407407407407,-45.55555555555556,0.0,0.0076923076923076,0.0307692307692307,0.1846153846153846,0.0666666666666666,2013-02-25,Hiver
4184,201309,25,BASSE-NORMANDIE,-9.074074074074074,62.77777777777778,3.936111111111111,275.5342592592593,272.88518518518515,83.12037037037037,7346.296296296296,95.8173076923077,7.431372549019608,491.5841584158416,101291.38888888888,274.287037037037,276.6722222222222,273.91923076923075,7.311111111111111,-10.0,0.0007894736842105,0.0,-45.294117647058826,0.037037037037037,0.1111111111111111,0.2666666666666666,0.4592592592592592,1.0,2013-02-25,Hiver
4185,201309,26,BOURGOGNE,0.5357142857142857,119.375,3.0776785714285713,274.6375,272.00357142857143,83.0625,5814.285714285715,92.52873563218392,6.923076923076923,473.05882352941177,99895.44642857143,272.69642857142856,276.15714285714284,271.7928571428571,5.1883928571428575,-10.0,0.001551724137931,0.00125,-45.0,0.0089285714285714,0.0196428571428571,0.1071428571428571,0.1142857142857143,0.2428571428571428,2013-02-25,Hiver
4186,201309,53,BRETAGNE,-18.154761904761905,81.19047619047619,5.393452380952381,276.95535714285717,273.54821428571427,78.70238095238095,9932.638888888889,98.10714285714286,7.623529411764705,706.4285714285714,101758.51190476192,275.8833333333333,278.00476190476195,274.93571428571425,9.44107142857143,-10.0,0.0,0.0,-45.0,0.0083333333333333,0.0238095238095238,0.0571428571428571,0.0952380952380952,0.1285714285714286,2013-02-25,Hiver
4187,201309,24,CENTRE,-0.9821428571428572,72.5,3.3562499999999997,275.2035714285714,272.6455357142857,83.77678571428571,6158.928571428572,89.0,7.532467532467533,467.44897959183675,100839.91071428572,273.79285714285714,276.33214285714286,273.3642857142857,5.838392857142857,-10.0,0.0137037037037037,0.0019444444444444,-45.0,0.0232142857142857,0.0660714285714285,0.1571428571428571,0.2857142857142857,0.5571428571428572,2013-02-25,Hiver
4188,201309,21,CHAMPAGNE-ARDENNE,3.0357142857142856,114.10714285714286,2.465178571428571,274.8276785714286,272.5839285714286,85.48214285714286,5983.035714285715,95.55319148936172,7.64,578.3870967741935,101153.92857142857,272.87142857142857,276.1035714285714,271.93571428571425,4.675892857142857,-10.0,0.0016049382716049,0.0007142857142857,-45.0,0.0071428571428571,0.0178571428571428,0.0285714285714285,0.0714285714285714,0.1999999999999999,2013-02-25,Hiver
4189,201309,94,CORSE,15.405405405405403,148.018018018018,2.863063063063063,280.89414414414415,276.32927927927926,74.36936936936937,24371.171171171172,54.292929292929294,2.8227848101265822,1168.085106382979,101577.83783783784,276.75357142857143,283.76785714285717,273.8642857142857,5.223423423423423,-10.0,0.0,0.0,-43.0188679245283,0.1405405405405405,0.3441441441441442,1.0740740740740742,1.5,3.3214285714285716,2013-02-25,Hiver
4190,201309,43,FRANCHE-COMTE,5.982142857142857,190.8928571428571,2.65625,273.90625,271.1607142857143,82.28571428571429,6729.464285714285,92.15730337078652,7.142857142857143,651.2790697674419,99243.66071428572,271.675,275.6535714285714,270.2928571428571,5.470535714285715,-10.0,0.0,0.0,-44.21052631578947,0.0072072072072072,0.0127272727272727,0.0814814814814814,0.0814814814814814,0.1692307692307692,2013-02-25,Hiver
4191,201309,23,HAUTE-NORMANDIE,-8.303571428571429,69.19642857142857,6.7821428571428575,276.38392857142856,273.31607142857143,80.70535714285714,7797.701149425287,96.88235294117646,7.551724137931035,518.7058823529412,101598.75,275.43571428571425,277.20714285714286,273.15,10.64375,-10.0,0.0142857142857142,0.0007407407407407,-45.55555555555556,0.0053571428571428,0.0321428571428571,0.1142857142857143,0.15,0.3,2013-02-25,Hiver
4192,201309,91,LANGUEDOC-ROUSSILLON,-3.3035714285714284,168.48214285714286,3.261607142857143,277.8017857142857,271.475,65.69642857142857,10818.75,51.95555555555555,3.568965517241379,3040.151515151515,101006.51785714286,273.1642857142857,281.6035714285714,271.8642857142857,5.547321428571428,-10.0,0.005,0.0005555555555555,-47.5,0.0053571428571428,0.0053571428571428,0.0071428571428571,0.0214285714285714,0.0428571428571428,2013-02-25,Hiver
4193,201309,74,LIMOUSIN,-8.035714285714286,94.73214285714286,3.930357142857143,275.2080357142857,271.4267857142857,77.34821428571429,6085.964912280701,71.22093023255815,5.219512195121951,1116.5277777777778,99008.57142857143,272.7214285714286,277.35714285714283,272.22142857142853,6.784821428571428,-10.0,0.0073015873015873,0.0011428571428571,-45.42857142857143,0.0125,0.0446428571428571,0.0857142857142857,0.1857142857142857,0.3714285714285714,2013-02-25,Hiver
4194,201309,41,LORRAINE,0.8518339768339769,193.21428571428572,3.340515796260477,284.8620535714286,280.4638392857143,76.875,22941.964285714286,77.08380069025021,4.472972972972973,1404.9461206896551,100070.444015444,281.3357142857143,288.05357142857144,279.2928571428571,6.159821428571428,-10.0,0.0,0.0,-45.0,0.05740025740025735,0.18908730158730155,0.3345238095238095,0.7571428571428571,1.5214285714285716,2013-02-25,Hiver
4195,201309,73,MIDI-PYRENEES,-11.339285714285714,193.21428571428572,2.222321428571429,276.0258928571429,272.00714285714287,76.67857142857143,12276.829268292682,57.13636363636363,4.148936170212766,2319.230769230769,98603.125,271.25,279.62142857142857,269.07857142857137,4.353571428571429,-10.0,0.0155263157894736,0.0012068965517241,-45.51724137931034,0.0160714285714285,0.0357142857142857,0.0714285714285714,0.1642857142857143,0.4,2013-02-25,Hiver
4196,201309,31,NORD-PAS-DE-CALAIS,1.6216216216216215,58.648648648648646,4.2,275.10855855855857,273.0193693693694,86.54954954954955,6626.363636363636,96.28048780487804,7.7625,445.55555555555554,101944.95495495496,274.11785714285713,276.0,273.8642857142857,6.905405405405405,-10.0,0.0,0.0001388888888888,-43.75,0.0072727272727272,0.0309090909090909,0.0814814814814814,0.1142857142857143,0.3571428571428571,2013-02-25,Hiver
4197,201309,52,PAYS-DE-LA-LOIRE,0.8518339768339769,193.21428571428572,3.340515796260477,284.8620535714286,280.4638392857143,76.875,22941.964285714286,77.08380069025021,4.472972972972973,1404.9461206896551,100070.444015444,281.3357142857143,288.05357142857144,279.2928571428571,6.159821428571428,-10.0,0.0,0.0,-45.0,0.05740025740025735,0.18908730158730155,0.3345238095238095,0.7571428571428571,1.5214285714285716,2013-02-25,Hiver
4198,201309,22,PICARDIE,1.6216216216216215,58.648648648648646,4.2,275.10855855855857,273.0193693693694,86.54954954954955,6626.363636363636,96.28048780487804,7.7625,445.55555555555554,101944.95495495496,274.11785714285713,276.0,273.8642857142857,6.905405405405405,-10.0,0.0,0.0001388888888888,-43.75,0.0072727272727272,0.0309090909090909,0.0814814814814814,0.1142857142857143,0.3571428571428571,2013-02-25,Hiver
4199,201309,54,POITOU-CHARENTES,-5.982142857142857,86.96428571428571,3.53125,275.3223214285714,272.79375,84.15178571428571,5763.0952380952385,85.66326530612245,6.56,498.38709677419354,100552.76785714286,273.48214285714283,276.9535714285714,273.07857142857137,6.215178571428572,-10.0,0.0030232558139534,0.00125,-45.0,0.0071428571428571,0.025,0.0642857142857143,0.0999999999999999,0.2285714285714286,2013-02-25,Hiver
4200,201309,93,PROVENCE-ALPES-COTE-D-AZUR,0.8518339768339769,193.21428571428572,3.340515796260477,284.8620535714286,280.4638392857143,76.875,22941.964285714286,77.08380069025021,4.472972972972973,1404.9461206896551,100070.444015444,281.3357142857143,288.05357142857144,279.2928571428571,6.159821428571428,-10.0,0.0,0.0,-45.0,0.05740025740025735,0.18908730158730155,0.3345238095238095,0.7571428571428571,1.5214285714285716,2013-02-25,Hiver
4201,201309,11,ILE-DE-FRANCE,0.3571428571428571,48.392857142857146,3.832142857142857,275.2714285714286,272.5892857142857,82.96428571428571,6987.5,89.73214285714286,7.84313725490196,485.2941176470589,101387.5,274.15,276.1142857142857,273.72142857142853,6.4375,-10.0,0.0164705882352941,0.0021428571428571,-45.0,0.0428571428571428,0.1142857142857143,0.2428571428571428,0.4857142857142857,0.9142857142857144,2013-02-25,Hiver
4202,201309,82,RHONE-ALPES,3.928571428571429,230.3571428571429,1.7660714285714287,273.4946428571429,270.7982142857143,82.35714285714286,4978.571428571428,55.660714285714285,6.142857142857143,802.7777777777778,99276.96428571428,270.9142857142857,275.7642857142857,268.72142857142853,3.3910714285714287,-10.0,0.0,0.0,-44.72727272727273,0.0,0.0,0.0,0.0,0.0,2013-02-25,Hiver
4203,201308,42,ALSACE,-6.25,105.80357142857144,4.195535714285714,272.1482142857143,268.71785714285716,77.08035714285714,13249.107142857143,98.06410256410255,4.472972972972973,1032.4050632911392,99237.05357142857,269.92857142857144,274.44642857142856,268.43571428571425,6.879464285714286,-10.0,0.0,0.0,-45.0,0.0,0.0053571428571428,0.0,0.0071428571428571,0.0,2013-02-18,Hiver
4204,201308,72,AQUITAINE,16.25,176.07142857142858,4.033035714285714,277.1482142857143,271.79285714285714,68.80357142857143,12660.0,44.195402298850574,3.2962962962962963,2245.1923076923076,100083.48214285714,273.32142857142856,281.12142857142857,271.43571428571425,6.601785714285714,-10.0,0.0,0.00015625,-46.875,0.0,0.0,0.0,0.0,0.0,2013-02-18,Hiver
4205,201308,83,AUVERGNE,0.5357142857142857,190.17857142857144,2.992857142857143,272.2857142857143,268.7660714285714,76.71428571428571,10791.07142857143,63.69090909090909,6.277777777777778,1061.5,97414.64285714286,268.79285714285714,275.50714285714287,267.43571428571425,5.635714285714286,-10.0,0.0005,0.0016666666666666,-45.0,0.0,0.0,0.0,0.0,0.0,2013-02-18,Hiver
4206,201308,25,BASSE-NORMANDIE,8.288288288288289,84.86486486486487,4.154954954954955,274.15480769230766,270.1192307692308,74.38461538461539,10154.054054054051,57.91139240506329,4.128205128205129,1904.6153846153843,100522.61261261262,271.218,277.322,268.72142857142853,7.198198198198198,-10.0,0.00675,0.0009090909090909,-45.27272727272727,0.0162162162162162,0.0612612612612612,0.1071428571428571,0.2428571428571428,0.4428571428571429,2013-02-18,Hiver
4207,201308,26,BOURGOGNE,-1.1607142857142858,115.0,4.079464285714286,272.3964285714286,268.83035714285717,76.39285714285714,10933.92857142857,79.93589743589743,5.111111111111111,964.126984126984,99108.48214285714,269.8357142857143,275.0142857142857,268.22142857142853,6.825892857142857,-10.0,0.0005263157894736,0.00125,-45.0,0.0,0.0089285714285714,0.0,0.0142857142857142,0.0,2013-02-18,Hiver
4208,201308,53,BRETAGNE,21.36904761904762,103.0952380952381,4.938690476190477,276.37083333333334,271.5279761904762,71.36904761904762,12733.333333333334,51.22641509433962,3.791044776119403,2273.695652173913,100927.97619047618,273.0309523809524,279.2261904761905,269.8642857142857,8.786309523809525,-10.0,0.0011764705882352,0.0,-44.705882352941174,0.0178571428571428,0.0392857142857142,0.0428571428571428,0.1619047619047619,0.2285714285714286,2013-02-18,Hiver
4209,201308,24,CENTRE,0.09009009009009,106.03603603603604,4.427027027027027,273.45900900900904,269.20315315315315,72.90990990990991,11448.648648648648,54.541666666666664,5.345454545454546,1125.1470588235295,100079.1891891892,270.65,276.1035714285714,269.22142857142853,7.629729729729729,-10.0,0.0014285714285714,0.0012658227848101,-45.18987341772152,0.0,0.0036036036036036,0.0,0.0071428571428571,0.0,2013-02-18,Hiver
4210,201308,21,CHAMPAGNE-ARDENNE,-4.910714285714286,139.64285714285714,3.675892857142857,272.63125,268.93660714285716,75.85714285714286,10961.607142857143,72.29508196721312,3.869565217391304,1411.111111111111,100412.14285714286,269.54285714285714,275.275,267.57857142857137,6.582142857142857,-10.0,0.0008536585365853,0.0010714285714285,-45.0,0.0071428571428571,0.0125,0.0357142857142857,0.05,0.0428571428571428,2013-02-18,Hiver
4211,201308,94,CORSE,-11.964285714285714,168.125,3.382142857142857,279.80089285714286,275.48660714285717,75.29464285714286,22991.071428571428,58.83838383838384,3.8780487804878048,950.0,100659.73214285714,276.325,282.5,273.8642857142857,6.021428571428571,-10.0,0.0,0.0,-43.54838709677419,0.2142857142857142,0.5982142857142857,1.6857142857142855,2.307142857142857,4.207142857142857,2013-02-18,Hiver
4212,201308,43,FRANCHE-COMTE,-5.892857142857143,128.75,3.625,272.1223214285714,268.3723214285714,75.42857142857143,12797.32142857143,90.0989010989011,6.125,1276.9512195121952,98418.92857142857,269.87142857142857,274.44642857142856,268.15,6.667857142857143,-10.0,0.0004411764705882,0.0014285714285714,-44.285714285714285,0.0,0.009009009009009,0.0148148148148148,0.0214285714285714,0.0285714285714285,2013-02-18,Hiver
4213,201308,23,HAUTE-NORMANDIE,9.464285714285714,83.83928571428571,6.896428571428571,275.15982142857143,270.6464285714286,72.0,11526.595744680852,68.36842105263158,5.490566037735849,1502.9850746268658,100848.92857142857,273.0857142857143,277.1821428571429,268.2928571428571,10.483783783783784,-10.0,0.0,0.0004166666666666,-46.25,0.0,0.0018181818181818,0.0074074074074074,0.0076923076923076,0.0153846153846153,2013-02-18,Hiver
4214,201308,91,LANGUEDOC-ROUSSILLON,7.297297297297297,195.2252252252252,4.292792792792793,277.09414414414414,270.7445945945946,65.25225225225225,13938.73873873874,48.388888888888886,4.322033898305085,1829.1666666666667,100190.72072072072,273.3357142857143,280.7964285714286,271.2928571428571,6.8882882882882885,-10.0,0.0,0.0002564102564102,-47.69230769230769,0.0,0.0018018018018018,0.0071428571428571,0.0071428571428571,0.0142857142857142,2013-02-18,Hiver
4215,201308,74,LIMOUSIN,9.464285714285714,113.125,4.367857142857143,274.41964285714283,268.9839285714286,67.47321428571429,16187.719298245614,50.54054054054054,3.971428571428571,1576.7241379310344,98260.71428571428,271.31071428571425,277.5,270.07857142857137,7.610714285714286,-10.0,0.000735294117647,0.00125,-45.0,0.0,0.0017857142857142,0.0,0.0,0.0,2013-02-18,Hiver
4216,201308,41,LORRAINE,0.8518339768339769,193.21428571428572,3.340515796260477,284.8620535714286,280.4638392857143,76.875,22941.964285714286,77.08380069025021,4.472972972972973,1404.9461206896551,100070.444015444,281.3357142857143,288.05357142857144,279.2928571428571,6.159821428571428,-10.0,0.0,0.0,-45.0,0.05740025740025735,0.18908730158730155,0.3345238095238095,0.7571428571428571,1.5214285714285716,2013-02-18,Hiver
4217,201308,73,MIDI-PYRENEES,14.464285714285714,220.3571428571429,3.3794642857142856,276.6410714285714,272.0991071428571,73.0625,15141.463414634149,52.5,4.369565217391305,1985.0,97837.14285714286,272.4428571428571,280.6821428571429,269.43571428571425,5.8375,-10.0,0.005,0.0020338983050847,-46.271186440677965,0.0160714285714285,0.0553571428571428,0.0999999999999999,0.2142857142857142,0.3857142857142857,2013-02-18,Hiver
4218,201308,31,NORD-PAS-DE-CALAIS,-1.3392857142857142,94.82142857142856,4.5946428571428575,273.6616071428571,270.09375,76.73214285714286,10752.67857142857,53.285714285714285,4.378787878787879,1696.031746031746,101230.71428571428,271.2964285714286,275.75357142857143,270.07857142857137,7.375,-10.0,0.0,0.0011688311688311,-43.63636363636363,0.0071428571428571,0.0108108108108108,0.0148148148148148,0.0444444444444444,0.0,2013-02-18,Hiver
4219,201308,52,PAYS-DE-LA-LOIRE,0.8518339768339769,193.21428571428572,3.340515796260477,284.8620535714286,280.4638392857143,76.875,22941.964285714286,77.08380069025021,4.472972972972973,1404.9461206896551,100070.444015444,281.3357142857143,288.05357142857144,279.2928571428571,6.159821428571428,-10.0,0.0,0.0,-45.0,0.05740025740025735,0.18908730158730155,0.3345238095238095,0.7571428571428571,1.5214285714285716,2013-02-18,Hiver
4220,201308,22,PICARDIE,-1.3392857142857142,94.82142857142856,4.5946428571428575,273.6616071428571,270.09375,76.73214285714286,10752.67857142857,53.285714285714285,4.378787878787879,1696.031746031746,101230.71428571428,271.2964285714286,275.75357142857143,270.07857142857137,7.375,-10.0,0.0,0.0011688311688311,-43.63636363636363,0.0071428571428571,0.0108108108108108,0.0148148148148148,0.0444444444444444,0.0,2013-02-18,Hiver
4221,201308,54,POITOU-CHARENTES,6.785714285714286,111.07142857142856,4.1241071428571425,273.9482142857143,269.60089285714287,72.78571428571429,12370.588235294115,57.22784810126582,4.5,1142.542372881356,99784.28571428572,270.82142857142856,276.9607142857143,269.57857142857137,7.276785714285714,-10.0,0.0006818181818181,0.0008333333333333,-45.0,0.0,0.0035714285714285,0.0,0.0071428571428571,0.0,2013-02-18,Hiver
4222,201308,93,PROVENCE-ALPES-COTE-D-AZUR,0.8518339768339769,193.21428571428572,3.340515796260477,284.8620535714286,280.4638392857143,76.875,22941.964285714286,77.08380069025021,4.472972972972973,1404.9461206896551,100070.444015444,281.3357142857143,288.05357142857144,279.2928571428571,6.159821428571428,-10.0,0.0,0.0,-45.0,0.05740025740025735,0.18908730158730155,0.3345238095238095,0.7571428571428571,1.5214285714285716,2013-02-18,Hiver
4223,201308,11,ILE-DE-FRANCE,-2.363636363636364,88.36363636363636,4.825454545454545,273.69545454545454,268.8881818181818,70.03636363636363,12821.818181818182,48.0,5.45945945945946,1378.3783783783783,100649.63636363635,270.8357142857143,276.15714285714284,269.0071428571428,8.018181818181818,-10.0,0.0,0.0012727272727272,-45.27272727272727,0.0,0.0,0.0,0.0,0.0,2013-02-18,Hiver
4224,201308,82,RHONE-ALPES,-3.5714285714285716,248.21428571428572,3.555357142857143,272.1607142857143,269.3464285714286,80.44642857142857,7776.785714285715,80.55357142857143,6.6521739130434785,724.1304347826087,98405.0,270.06428571428575,274.6642857142857,269.43571428571425,5.973214285714286,-10.0,0.0,0.0005357142857142,-45.0,0.0,0.0,0.0,0.0,0.0,2013-02-18,Hiver
4225,201307,42,ALSACE,30.0,151.60714285714286,2.335714285714286,273.31875,270.91964285714283,83.97321428571429,8746.875,99.12631578947368,4.472972972972973,684.5555555555555,99409.82142857143,270.95,275.1714285714286,269.93571428571425,4.20625,-10.0,0.0,0.0,-45.0,0.0324324324324324,0.1018181818181818,0.1923076923076923,0.4615384615384615,0.95,2013-02-11,Hiver
4226,201307,72,AQUITAINE,18.482142857142858,201.16071428571428,3.503571428571429,279.76339285714283,276.4455357142857,80.92857142857143,26242.85714285714,70.05825242718447,4.472972972972973,1804.5454545454545,100477.23214285714,276.4428571428571,282.6357142857143,275.22142857142853,6.134821428571429,-10.0,0.0,0.0,-47.4,0.1178571428571428,0.3446428571428571,1.0,1.6714285714285713,4.078571428571428,2013-02-11,Hiver
4227,201307,83,AUVERGNE,31.071428571428573,168.92857142857142,2.058928571428571,275.90535714285716,272.5875,79.51785714285714,17928.571428571428,75.26785714285714,5.452830188679245,1143.0188679245282,97672.67857142857,272.9214285714286,278.95,270.2928571428571,4.698214285714286,-10.0,0.0,0.0,-45.0,0.0,0.0153846153846153,0.0461538461538461,0.0571428571428571,0.2571428571428572,2013-02-11,Hiver
4228,201307,25,BASSE-NORMANDIE,44.77477477477478,181.53153153153153,3.053153153153153,277.07342342342343,274.8157657657658,85.93693693693693,13534.234234234234,84.38461538461539,5.173913043478261,776.7857142857143,100348.91891891892,274.4535714285714,279.7214285714286,272.43571428571425,5.344545454545455,-10.0,0.0,0.0,-44.44444444444444,0.0145454545454545,0.0672727272727272,0.437037037037037,0.5407407407407407,2.5076923076923077,2013-02-11,Hiver
4229,201307,26,BOURGOGNE,34.55357142857143,166.07142857142858,2.6785714285714284,274.7660714285714,272.88660714285714,87.45535714285714,9704.017857142857,95.30851063829788,6.791666666666667,597.7906976744187,99270.625,272.63214285714287,277.05357142857144,271.15,4.590178571428572,-10.0,0.0,0.0,-45.0,0.0232142857142857,0.0990990990990991,0.1777777777777777,0.3851851851851852,1.2153846153846153,2013-02-11,Hiver
4230,201307,53,BRETAGNE,33.69047619047619,196.3030303030303,3.340606060606061,279.51488095238096,276.78214285714284,83.51785714285714,15660.13986013986,70.51587301587301,4.971830985915493,912.1621621621622,100790.53571428572,277.002380952381,281.87380952380954,273.72142857142853,6.18109756097561,-10.0,0.0,0.0,-45.27272727272727,0.0491017964071856,0.1478787878787878,0.1897435897435897,0.6564102564102564,2.3307692307692305,2013-02-11,Hiver
4231,201307,24,CENTRE,41.607142857142854,176.69642857142858,2.6374999999999997,275.89464285714286,273.8589285714286,86.84821428571429,10826.785714285714,83.3529411764706,5.905405405405405,872.6595744680851,100089.55357142857,273.7107142857143,278.2892857142857,271.57857142857137,4.775892857142857,-10.0,0.0,0.0,-45.2054794520548,0.0357142857142857,0.1125,0.2928571428571428,0.5214285714285715,1.6785714285714286,2013-02-11,Hiver
4232,201307,21,CHAMPAGNE-ARDENNE,40.80357142857143,111.33928571428572,2.3758928571428575,274.30089285714286,272.3910714285714,87.16071428571429,7426.785714285715,98.25,7.5,640.1111111111111,100382.23214285714,272.2892857142857,276.0928571428571,270.93571428571425,4.333928571428571,-10.0,0.0002597402597402,0.0,-45.0,0.0571428571428571,0.2107142857142857,0.4214285714285714,0.8571428571428571,1.75,2013-02-11,Hiver
4233,201307,94,CORSE,7.946428571428571,168.21428571428572,3.248214285714286,280.1330357142857,275.91875,75.75,28906.25,57.819148936170215,3.573170731707317,1069.8924731182797,101009.375,276.275,283.40714285714284,274.07857142857137,5.678571428571429,-10.0,0.0,0.0,-43.47826086956522,0.0910714285714285,0.3696428571428571,0.8071428571428572,1.4642857142857142,2.935714285714286,2013-02-11,Hiver
4234,201307,43,FRANCHE-COMTE,29.375,204.55357142857144,2.6205357142857144,272.9330357142857,270.73660714285717,84.94642857142857,9704.017857142857,94.14,6.690476190476191,708.4536082474227,98642.5,270.6107142857143,274.93571428571425,269.2928571428571,5.452678571428572,-10.0,0.0166129032258064,0.003076923076923,-44.61538461538461,0.0285714285714285,0.0990990990990991,0.2740740740740741,0.4148148148148148,0.8461538461538461,2013-02-11,Hiver
4235,201307,23,HAUTE-NORMANDIE,45.267857142857146,182.32142857142856,4.239285714285715,277.7330357142857,274.8017857142857,81.73214285714286,11773.333333333334,69.77215189873418,5.16,820.0,100562.23214285714,275.7142857142857,279.62142857142857,271.0071428571428,6.640178571428572,-10.0,0.006,0.0019230769230769,-45.0,0.0410714285714285,0.1482142857142857,0.4428571428571429,0.6642857142857144,2.414285714285714,2013-02-11,Hiver
4236,201307,91,LANGUEDOC-ROUSSILLON,17.767857142857142,218.75,4.057142857142857,279.71696428571425,273.80892857142857,68.66071428571429,33303.57142857143,61.58653846153846,3.9420289855072466,2177.5862068965516,100606.07142857143,275.85714285714283,282.6928571428572,274.65,6.882142857142857,-10.0,0.0,0.0,-48.0,0.0375,0.1535714285714285,0.5785714285714285,0.8928571428571429,1.9785714285714284,2013-02-11,Hiver
4237,201307,74,LIMOUSIN,31.25,185.08928571428572,2.7526785714285715,276.9419642857143,274.7285714285714,86.57142857142857,17509.48275862069,81.47252747252747,5.365853658536586,926.4383561643835,98473.30357142857,274.5,279.55357142857144,273.43571428571425,5.086607142857143,-10.0,0.0,0.0,-45.42857142857143,0.1153153153153153,0.2612612612612612,0.5333333333333333,1.1,3.4857142857142853,2013-02-11,Hiver
4238,201307,41,LORRAINE,0.8518339768339769,193.21428571428572,3.340515796260477,284.8620535714286,280.4638392857143,76.875,22941.964285714286,77.08380069025021,4.472972972972973,1404.9461206896551,100070.444015444,281.3357142857143,288.05357142857144,279.2928571428571,6.159821428571428,-10.0,0.0,0.0,-45.0,0.05740025740025735,0.18908730158730155,0.3345238095238095,0.7571428571428571,1.5214285714285716,2013-02-11,Hiver
4239,201307,73,MIDI-PYRENEES,12.946428571428571,208.21428571428572,3.246428571428571,279.1625,275.24375,77.41964285714286,25865.853658536584,70.2,4.851851851851852,1988.235294117647,98313.39285714286,275.9107142857143,281.9,274.07857142857137,6.360714285714286,-10.0,0.0,0.0,-46.36363636363637,0.1392857142857143,0.4178571428571428,1.2214285714285715,2.1714285714285713,4.428571428571429,2013-02-11,Hiver
4240,201307,31,NORD-PAS-DE-CALAIS,45.982142857142854,146.33928571428572,3.275,275.27767857142857,273.25089285714284,86.5,7008.035714285715,83.32926829268293,6.526315789473684,1125.921052631579,100906.51785714286,273.6107142857143,276.81428571428575,273.0071428571428,5.391964285714286,-10.0,0.0086111111111111,0.001,-44.57142857142857,0.0214285714285714,0.1098214285714285,0.3857142857142857,0.6214285714285713,1.3785714285714286,2013-02-11,Hiver
4241,201307,52,PAYS-DE-LA-LOIRE,0.8518339768339769,193.21428571428572,3.340515796260477,284.8620535714286,280.4638392857143,76.875,22941.964285714286,77.08380069025021,4.472972972972973,1404.9461206896551,100070.444015444,281.3357142857143,288.05357142857144,279.2928571428571,6.159821428571428,-10.0,0.0,0.0,-45.0,0.05740025740025735,0.18908730158730155,0.3345238095238095,0.7571428571428571,1.5214285714285716,2013-02-11,Hiver
4242,201307,22,PICARDIE,45.982142857142854,146.33928571428572,3.275,275.27767857142857,273.25089285714284,86.5,7008.035714285715,83.32926829268293,6.526315789473684,1125.921052631579,100906.51785714286,273.6107142857143,276.81428571428575,273.0071428571428,5.391964285714286,-10.0,0.0086111111111111,0.001,-44.57142857142857,0.0214285714285714,0.1098214285714285,0.3857142857142857,0.6214285714285713,1.3785714285714286,2013-02-11,Hiver
4243,201307,54,POITOU-CHARENTES,36.25,183.4821428571429,2.705357142857143,276.5830357142857,275.05535714285713,90.14285714285714,10838.235294117649,87.48387096774194,5.914893617021277,666.0,99913.03571428572,274.25357142857143,279.38214285714287,272.72142857142853,4.888392857142857,-10.0,0.0,0.0,-45.0,0.0785714285714285,0.1678571428571428,0.4285714285714285,0.7000000000000001,2.4214285714285713,2013-02-11,Hiver
4244,201307,93,PROVENCE-ALPES-COTE-D-AZUR,0.8518339768339769,193.21428571428572,3.340515796260477,284.8620535714286,280.4638392857143,76.875,22941.964285714286,77.08380069025021,4.472972972972973,1404.9461206896551,100070.444015444,281.3357142857143,288.05357142857144,279.2928571428571,6.159821428571428,-10.0,0.0,0.0,-45.0,0.05740025740025735,0.18908730158730155,0.3345238095238095,0.7571428571428571,1.5214285714285716,2013-02-11,Hiver
4245,201307,11,ILE-DE-FRANCE,45.892857142857146,174.28571428571428,2.7125,276.10535714285714,273.39285714285717,82.85714285714286,13666.07142857143,76.38181818181818,5.48,1101.698113207547,100536.25,273.7142857142857,278.2714285714286,271.2928571428571,4.971428571428571,-10.0,0.0,0.0,-45.283018867924525,0.0535714285714285,0.1428571428571428,0.5142857142857143,0.7285714285714285,2.0142857142857147,2013-02-11,Hiver
4246,201307,82,RHONE-ALPES,25.892857142857142,190.53571428571428,2.9285714285714284,274.43571428571425,272.15535714285716,84.85714285714286,9237.5,92.21428571428572,6.96,742.5490196078431,98726.07142857143,272.65714285714284,275.98571428571427,271.57857142857137,4.966071428571429,-10.0,0.003,0.0003636363636363,-44.72727272727273,0.1214285714285714,0.3214285714285714,0.7285714285714285,1.3571428571428572,2.7142857142857144,2013-02-11,Hiver
4247,201306,42,ALSACE,-33.57142857142857,223.66071428571428,3.678571428571429,274.6276785714286,272.51160714285714,86.05357142857143,27265.178571428572,96.6,4.472972972972973,722.8125,98980.625,272.4714285714286,276.7785714285714,271.3642857142857,6.786607142857143,-10.0,0.0,0.0,-45.0,0.1089285714285714,0.2705357142857142,0.5071428571428572,1.0642857142857145,2.1142857142857143,2013-02-04,Hiver
4248,201306,72,AQUITAINE,-50.982142857142854,255.44642857142856,4.966071428571429,279.41785714285714,276.75089285714284,83.9375,29557.14285714286,87.73148148148148,5.783132530120482,831.7272727272727,100671.25,277.35,281.4785714285714,276.2928571428571,8.954464285714286,-10.0,0.0,0.0,-47.21311475409836,0.2482142857142857,0.6875,1.157142857142857,2.5,4.2,2013-02-04,Hiver
4249,201306,83,AUVERGNE,-48.18181818181818,244.72727272727272,3.127272727272727,276.57363636363635,272.85,77.38181818181818,20556.363636363636,87.45454545454545,6.320754716981132,839.0909090909091,97553.81818181818,274.2142857142857,278.5142857142857,272.0071428571428,7.383636363636364,-10.0,0.0092307692307692,0.001063829787234,-44.04255319148936,0.0692307692307692,0.2078431372549019,0.0999999999999999,0.8769230769230769,1.5,2013-02-04,Hiver
4250,201306,25,BASSE-NORMANDIE,-51.711711711711715,260.9009009009009,4.852252252252253,277.559009009009,274.9608108108108,83.86486486486487,23047.747747747748,92.15686274509804,6.1923076923076925,701.574074074074,100069.45945945944,275.89285714285717,279.20714285714286,274.57857142857137,8.861261261261262,-10.0,0.0,0.0002083333333333,-44.375,0.1621621621621621,0.5657657657657658,0.8642857142857142,2.007142857142857,2.8285714285714287,2013-02-04,Hiver
4251,201306,26,BOURGOGNE,-46.160714285714285,238.3928571428571,3.95,275.7580357142857,273.59196428571425,86.08035714285714,19747.321428571428,94.69,6.857142857142857,685.7575757575758,99032.85714285714,273.59285714285716,277.81428571428575,272.22142857142853,7.389285714285714,-10.0,0.0,0.001578947368421,-44.21052631578947,0.1071428571428571,0.3053571428571429,0.3357142857142857,1.2357142857142858,2.107142857142857,2013-02-04,Hiver
4252,201306,53,BRETAGNE,-49.583333333333336,274.9404761904762,6.119047619047619,280.05773809523805,276.85773809523806,80.69642857142857,21102.054794520547,91.27737226277372,6.556818181818182,785.1388888888889,100791.19047619047,278.45,281.49285714285713,276.5071428571428,11.722619047619048,-10.0,0.0,0.0,-45.55555555555556,0.2428571428571428,0.6571428571428571,1.4761904761904765,2.6714285714285717,4.55,2013-02-04,Hiver
4253,201306,24,CENTRE,-49.19642857142857,246.42857142857144,4.215178571428572,276.81875,274.40625,84.83928571428571,16563.39285714286,88.8425925925926,6.189873417721519,769.7247706422019,99808.57142857143,275.1357142857143,278.71785714285716,273.7928571428571,8.077678571428573,-10.0,0.0026086956521739,0.0149999999999999,-44.57142857142857,0.10625,0.3214285714285714,0.5,1.2714285714285716,1.8571428571428572,2013-02-04,Hiver
4254,201306,21,CHAMPAGNE-ARDENNE,-39.732142857142854,236.78571428571428,4.870535714285714,275.3169642857143,273.13839285714283,85.9375,16153.57142857143,92.23255813953487,5.703703703703703,921.264367816092,99933.92857142857,272.85714285714283,277.6107142857143,270.8642857142857,8.33125,-10.0,0.0,0.0,-44.44444444444444,0.0785714285714285,0.2178571428571429,0.5214285714285715,0.8571428571428571,1.7285714285714284,2013-02-04,Hiver
4255,201306,94,CORSE,-11.607142857142858,172.5,3.769642857142857,279.98660714285717,273.7839285714286,66.625,31723.214285714286,66.44329896907216,3.186046511627907,1496.875,100859.55357142857,275.9428571428571,283.1821428571429,273.43571428571425,7.325892857142857,-10.0,0.0,0.0,-44.07407407407408,0.0928571428571428,0.1964285714285714,0.4142857142857142,0.75,1.5357142857142858,2013-02-04,Hiver
4256,201306,43,FRANCHE-COMTE,-36.69642857142857,224.82142857142856,3.977678571428571,274.3178571428571,271.8205357142857,83.625,21901.785714285714,90.04,5.439024390243903,733.9,98289.82142857143,271.7357142857143,276.5571428571429,270.3642857142857,8.165178571428571,-10.0,0.0104705882352941,0.0017073170731707,-45.36585365853659,0.1589285714285714,0.427027027027027,0.4785714285714286,1.8074074074074076,3.435714285714286,2013-02-04,Hiver
4257,201306,23,HAUTE-NORMANDIE,-47.589285714285715,261.42857142857144,7.21875,278.34464285714284,275.1517857142857,80.66071428571429,17764.21052631579,89.5505617977528,6.507692307692308,717.3863636363636,100257.5,276.9642857142857,279.6464285714286,273.0071428571428,11.803571428571429,-10.0,0.0,0.0,-44.4,0.1639639639639639,0.4126126126126125,0.8357142857142856,1.4962962962962962,2.1538461538461537,2013-02-04,Hiver
4258,201306,91,LANGUEDOC-ROUSSILLON,-44.017857142857146,255.71428571428572,5.730357142857143,279.4767857142857,273.5285714285714,68.47321428571429,40076.78571428572,73.83177570093459,4.141025641025641,1598.019801980198,100731.96428571428,276.83214285714286,281.8642857142857,275.07857142857137,9.8875,-10.0,0.0,0.0,-47.8125,0.1482142857142857,0.3732142857142856,0.807142857142857,1.2642857142857142,2.221428571428571,2013-02-04,Hiver
4259,201306,74,LIMOUSIN,-53.75,251.78571428571428,4.089285714285714,276.64732142857144,274.8776785714286,88.44642857142857,28200.0,92.36,6.611111111111111,561.6161616161617,98457.32142857143,274.81071428571425,278.32142857142856,273.93571428571425,7.50625,-10.0,0.0031578947368421,0.0079166666666666,-45.0,0.3035714285714285,0.7207207207207207,0.9333333333333332,2.7111111111111112,4.084615384615384,2013-02-04,Hiver
4260,201306,41,LORRAINE,0.8518339768339769,193.21428571428572,3.340515796260477,284.8620535714286,280.4638392857143,76.875,22941.964285714286,77.08380069025021,4.472972972972973,1404.9461206896551,100070.444015444,281.3357142857143,288.05357142857144,279.2928571428571,6.159821428571428,-10.0,0.0,0.0,-45.0,0.05740025740025735,0.18908730158730155,0.3345238095238095,0.7571428571428571,1.5214285714285716,2013-02-04,Hiver
4261,201306,73,MIDI-PYRENEES,-46.339285714285715,247.2321428571429,4.6125,278.1589285714286,275.0651785714286,81.26785714285714,26470.73170731707,90.6875,5.85,930.2469135802468,98527.32142857143,276.0285714285714,280.40714285714284,274.3642857142857,8.904464285714287,-10.0,0.0012121212121212,0.0005172413793103,-46.55172413793103,0.3,0.7821428571428571,1.6785714285714286,2.7285714285714286,5.178571428571429,2013-02-04,Hiver
4262,201306,31,NORD-PAS-DE-CALAIS,-36.42857142857143,248.05555555555551,5.639814814814815,276.2669642857143,273.74375,84.05357142857143,20126.785714285714,79.72619047619048,5.602564102564102,1013.4615384615385,100355.80357142857,274.65,278.12142857142857,273.5071428571428,9.525233644859814,-10.0,0.0008108108108108,0.0003896103896103,-43.63636363636363,0.1571428571428571,0.4428571428571429,0.6714285714285715,1.592857142857143,3.0500000000000003,2013-02-04,Hiver
4263,201306,52,PAYS-DE-LA-LOIRE,0.8518339768339769,193.21428571428572,3.340515796260477,284.8620535714286,280.4638392857143,76.875,22941.964285714286,77.08380069025021,4.472972972972973,1404.9461206896551,100070.444015444,281.3357142857143,288.05357142857144,279.2928571428571,6.159821428571428,-10.0,0.0,0.0,-45.0,0.05740025740025735,0.18908730158730155,0.3345238095238095,0.7571428571428571,1.5214285714285716,2013-02-04,Hiver
4264,201306,22,PICARDIE,-36.42857142857143,248.05555555555551,5.639814814814815,276.2669642857143,273.74375,84.05357142857143,20126.785714285714,79.72619047619048,5.602564102564102,1013.4615384615385,100355.80357142857,274.65,278.12142857142857,273.5071428571428,9.525233644859814,-10.0,0.0008108108108108,0.0003896103896103,-43.63636363636363,0.1571428571428571,0.4428571428571429,0.6714285714285715,1.592857142857143,3.0500000000000003,2013-02-04,Hiver
4265,201306,54,POITOU-CHARENTES,-53.30357142857143,254.0178571428571,4.348214285714286,277.5598214285714,275.3723214285714,86.20535714285714,23147.058823529413,91.42156862745098,6.454545454545454,682.0952380952381,99791.69642857143,275.7285714285714,279.3892857142857,274.43571428571425,7.945535714285714,-10.0,0.0,0.001578947368421,-44.21052631578947,0.1285714285714286,0.3553571428571428,0.6,1.4285714285714286,1.8714285714285717,2013-02-04,Hiver
4266,201306,93,PROVENCE-ALPES-COTE-D-AZUR,0.8518339768339769,193.21428571428572,3.340515796260477,284.8620535714286,280.4638392857143,76.875,22941.964285714286,77.08380069025021,4.472972972972973,1404.9461206896551,100070.444015444,281.3357142857143,288.05357142857144,279.2928571428571,6.159821428571428,-10.0,0.0,0.0,-45.0,0.05740025740025735,0.18908730158730155,0.3345238095238095,0.7571428571428571,1.5214285714285716,2013-02-04,Hiver
4267,201306,11,ILE-DE-FRANCE,-47.142857142857146,239.82142857142856,4.392857142857143,276.5160714285714,273.94642857142856,83.875,17812.5,83.9090909090909,5.823529411764706,882.1428571428571,100171.25,274.81428571428575,278.4857142857143,273.2928571428571,8.20892857142857,-10.0,0.004,0.02,-44.705882352941174,0.0982142857142857,0.3392857142857143,0.6428571428571429,1.2571428571428571,1.9142857142857144,2013-02-04,Hiver
4268,201306,82,RHONE-ALPES,-42.32142857142857,218.75,3.382142857142857,274.80357142857144,272.4875,84.98214285714286,14185.714285714286,84.05357142857143,5.735849056603773,772.4074074074074,98609.82142857143,272.62142857142857,276.7285714285714,270.57857142857137,6.175,-10.0,0.0061904761904761,0.002,-45.27272727272727,0.1035714285714285,0.3214285714285714,0.1428571428571428,1.1428571428571428,2.4,2013-02-04,Hiver
4269,201305,42,ALSACE,22.321428571428573,222.7678571428571,5.01875,279.43108108108106,276.6599099099099,83.07207207207207,40186.16071428572,98.14285714285714,4.472972972972973,949.2857142857144,99351.07142857143,276.67962962962963,281.43518518518516,275.43571428571425,9.058928571428572,-10.0,0.0,0.0,-45.0,0.1418181818181818,0.4388888888888889,0.8153846153846154,1.8846153846153848,4.325,2013-01-28,Hiver
4270,201305,72,AQUITAINE,30.446428571428573,236.07142857142856,4.307142857142857,282.27410714285713,278.8982142857143,80.50892857142857,27446.875,80.21782178217822,4.189873417721519,1438.8541666666667,101059.28571428572,279.0392857142857,285.43571428571425,277.43571428571425,7.510714285714286,-10.0,0.0,0.0,-47.04545454545455,0.0946428571428571,0.275,0.7642857142857142,1.4714285714285715,3.8285714285714287,2013-01-28,Hiver
4271,201305,83,AUVERGNE,23.09090909090909,219.45454545454547,4.363636363636363,280.7390909090909,275.6827272727273,71.41818181818182,28118.18181818182,76.72727272727273,4.745098039215686,1498.1132075471698,98056.18181818182,277.25,284.08846153846156,275.0071428571428,8.88,-10.0,0.0,0.0,-44.42307692307692,0.0296296296296296,0.1056603773584905,0.8461538461538461,0.7076923076923076,1.8,2013-01-28,Hiver
4272,201305,25,BASSE-NORMANDIE,20.535714285714285,251.33928571428572,6.175892857142857,280.97232142857143,278.4107142857143,84.125,23903.571428571428,89.01041666666667,5.418181818181818,855.1020408163265,100242.94642857143,278.7107142857143,282.59285714285716,276.7928571428571,10.582142857142856,-10.0,0.0,0.0,-45.0,0.1160714285714285,0.363063063063063,0.7000000000000001,1.6,3.923076923076923,2013-01-28,Hiver
4273,201305,26,BOURGOGNE,24.910714285714285,241.33928571428572,5.058035714285714,279.7617117117117,277.5716216216216,86.27027027027027,28144.196428571428,95.77450980392156,6.076923076923077,788.5714285714286,99457.14285714286,277.09814814814814,281.8351851851852,275.8642857142857,9.001785714285715,-10.0,0.0,0.0,-45.0,0.1891891891891892,0.6110091743119266,1.4962962962962962,2.5777777777777775,5.884615384615385,2013-01-28,Hiver
4274,201305,53,BRETAGNE,25.535714285714285,251.3095238095238,6.823214285714285,282.2553571428572,279.5791666666667,83.875,19397.931034482757,89.14179104477611,5.704545454545454,802.4444444444445,100807.44047619047,280.22142857142853,283.70476190476194,277.7928571428571,12.273214285714284,-10.0,0.0,0.0,-45.0,0.2047619047619047,0.5452380952380952,1.0666666666666669,2.261904761904762,4.821428571428571,2013-01-28,Hiver
4275,201305,24,CENTRE,22.232142857142858,256.60714285714283,5.122321428571428,280.46875,278.2553571428571,86.17857142857143,18686.60714285714,85.85046728971963,5.730769230769231,990.5825242718448,100153.39285714286,278.2,282.45714285714286,276.57857142857137,9.545535714285714,-10.0,0.0,0.0,-44.776119402985074,0.1785714285714285,0.5410714285714285,1.1714285714285713,2.2285714285714286,4.978571428571429,2013-01-28,Hiver
4276,201305,21,CHAMPAGNE-ARDENNE,19.553571428571427,238.92857142857144,5.979464285714285,279.96160714285713,277.6723214285714,85.77678571428571,17553.571428571428,96.59574468085108,6.071428571428571,674.4444444444445,100229.73214285714,277.6821428571429,281.9642857142857,276.15,10.019642857142856,-10.0,0.0,0.0,-45.0,0.1517857142857142,0.4517857142857143,0.6642857142857144,1.75,3.978571428571428,2013-01-28,Hiver
4277,201305,94,CORSE,8.303571428571429,162.41071428571428,2.9473214285714286,282.4294642857143,279.2982142857143,81.89285714285714,24910.714285714286,65.42105263157895,3.0602409638554215,1972.8260869565215,101250.35714285714,278.74285714285713,285.23214285714283,276.2928571428571,5.496428571428572,-10.0,0.0,0.0,-43.098591549295776,0.175,0.4982142857142858,1.1857142857142855,2.0142857142857142,3.899999999999999,2013-01-28,Hiver
4278,201305,43,FRANCHE-COMTE,24.464285714285715,224.375,4.539285714285714,279.4130630630631,276.4572072072072,82.05405405405405,31760.26785714286,95.16981132075472,5.953488372093023,825.7843137254902,98702.85714285714,276.77962962962965,281.6759259259259,275.2928571428571,8.95,-10.0,0.0003896103896103,0.0006976744186046,-44.65116279069768,0.1747747747747747,0.5321100917431193,1.1407407407407408,2.2222222222222223,5.0,2013-01-28,Hiver
4279,201305,23,HAUTE-NORMANDIE,18.64864864864865,251.6216216216216,8.353153153153153,281.33828828828825,278.3968468468468,82.27027027027027,21042.708333333332,88.75,6.126984126984127,913.6170212765958,100349.0990990991,279.7714285714286,282.63214285714287,275.72142857142853,12.907207207207207,-10.0,0.0,0.0,-43.5,0.1243243243243243,0.3418181818181818,0.6,1.4592592592592593,3.3307692307692305,2013-01-28,Hiver
4280,201305,91,LANGUEDOC-ROUSSILLON,30.714285714285715,250.53571428571428,4.566071428571429,282.59732142857143,277.0839285714286,71.125,32955.357142857145,72.5,3.0757575757575757,2427.6470588235293,101111.07142857143,278.89285714285717,285.98214285714283,277.2928571428571,7.741964285714286,-10.0,0.0,0.0,-47.5,0.0428571428571428,0.1441441441441441,0.6071428571428571,0.8814814814814815,1.8692307692307693,2013-01-28,Hiver
4281,201305,74,LIMOUSIN,26.160714285714285,242.52252252252256,5.088288288288288,280.1089285714286,278.06339285714284,87.27678571428571,30531.03448275862,91.3009708737864,5.901960784313726,673.5051546391752,98876.78571428572,278.09285714285716,282.2964285714286,276.72142857142853,8.995495495495495,-10.0,0.0,0.0,-45.0,0.1535714285714285,0.5357142857142857,1.0,2.0714285714285716,5.3,2013-01-28,Hiver
4282,201305,41,LORRAINE,0.8518339768339769,193.21428571428572,3.340515796260477,284.8620535714286,280.4638392857143,76.875,22941.964285714286,77.08380069025021,4.472972972972973,1404.9461206896551,100070.444015444,281.3357142857143,288.05357142857144,279.2928571428571,6.159821428571428,-10.0,0.0,0.0,-45.0,0.05740025740025735,0.18908730158730155,0.3345238095238095,0.7571428571428571,1.5214285714285716,2013-01-28,Hiver
4283,201305,73,MIDI-PYRENEES,31.785714285714285,216.6071428571429,3.682142857142857,281.25089285714284,277.09196428571425,76.48214285714286,27489.156626506025,81.48648648648648,4.049180327868853,2103.846153846154,98930.71428571428,277.55,284.9,275.0071428571428,6.977678571428571,-10.0,0.0,0.0,-46.25,0.1178571428571428,0.4678571428571428,1.3928571428571428,2.242857142857143,4.507142857142857,2013-01-28,Hiver
4284,201305,31,NORD-PAS-DE-CALAIS,17.589285714285715,246.16071428571428,7.013392857142857,280.43392857142857,278.2044642857143,86.03571428571429,20963.963963963964,81.20481927710843,5.475609756097561,886.5060240963855,100440.35714285714,278.55357142857144,281.87857142857143,277.8642857142857,11.814285714285717,-10.0,0.0,0.0,-43.2,0.1517857142857142,0.3875,0.8928571428571429,1.5071428571428571,3.607142857142857,2013-01-28,Hiver
4285,201305,52,PAYS-DE-LA-LOIRE,0.8518339768339769,193.21428571428572,3.340515796260477,284.8620535714286,280.4638392857143,76.875,22941.964285714286,77.08380069025021,4.472972972972973,1404.9461206896551,100070.444015444,281.3357142857143,288.05357142857144,279.2928571428571,6.159821428571428,-10.0,0.0,0.0,-45.0,0.05740025740025735,0.18908730158730155,0.3345238095238095,0.7571428571428571,1.5214285714285716,2013-01-28,Hiver
4286,201305,22,PICARDIE,17.589285714285715,246.16071428571428,7.013392857142857,280.43392857142857,278.2044642857143,86.03571428571429,20963.963963963964,81.20481927710843,5.475609756097561,886.5060240963855,100440.35714285714,278.55357142857144,281.87857142857143,277.8642857142857,11.814285714285717,-10.0,0.0,0.0,-43.2,0.1517857142857142,0.3875,0.8928571428571429,1.5071428571428571,3.607142857142857,2013-01-28,Hiver
4287,201305,54,POITOU-CHARENTES,24.642857142857142,249.7321428571429,5.395535714285714,280.8178571428571,278.8080357142857,87.53571428571429,23938.095238095237,90.93,5.9423076923076925,801.8556701030927,100189.01785714286,278.56071428571425,283.13214285714287,277.2928571428571,9.348214285714286,-10.0,0.0,0.0,-45.0,0.2053571428571428,0.6535714285714286,1.5857142857142856,2.692857142857143,5.664285714285714,2013-01-28,Hiver
4288,201305,93,PROVENCE-ALPES-COTE-D-AZUR,0.8518339768339769,193.21428571428572,3.340515796260477,284.8620535714286,280.4638392857143,76.875,22941.964285714286,77.08380069025021,4.472972972972973,1404.9461206896551,100070.444015444,281.3357142857143,288.05357142857144,279.2928571428571,6.159821428571428,-10.0,0.0,0.0,-45.0,0.05740025740025735,0.18908730158730155,0.3345238095238095,0.7571428571428571,1.5214285714285716,2013-01-28,Hiver
4289,201305,11,ILE-DE-FRANCE,19.821428571428573,252.8571428571429,5.246428571428572,280.2642857142857,277.8607142857143,85.03571428571429,19830.35714285714,78.83928571428571,5.5576923076923075,1241.923076923077,100440.89285714286,278.0214285714286,281.92857142857144,276.0071428571428,9.798214285714286,-10.0,0.0,0.0,-44.716981132075475,0.1321428571428571,0.3071428571428571,0.4571428571428572,1.2571428571428571,3.1999999999999997,2013-01-28,Hiver
4290,201305,82,RHONE-ALPES,29.464285714285715,204.82142857142856,4.882142857142857,279.78035714285716,276.24285714285713,78.91071428571429,26278.571428571428,78.66071428571429,5.407407407407407,1267.6923076923076,99046.60714285714,276.87142857142857,282.29285714285714,276.15,8.039285714285715,-10.0,0.0,0.0,-45.0,0.0964285714285714,0.3535714285714286,0.8428571428571429,1.6857142857142855,3.6142857142857143,2013-01-28,Hiver
4291,201304,42,ALSACE,21.428571428571427,173.48214285714286,2.6080357142857147,273.08214285714286,271.2919642857143,87.51785714285714,12079.464285714286,99.5050505050505,4.472972972972973,687.6041666666666,98629.73214285714,271.2392857142857,274.51785714285717,269.93571428571425,4.841964285714285,-10.0,0.0,0.0,-45.0,0.0339285714285714,0.0774774774774774,0.0962962962962963,0.2888888888888888,0.3846153846153846,2013-01-21,Hiver
4292,201304,72,AQUITAINE,26.875,217.05357142857144,3.925892857142857,277.9732142857143,275.8625,86.79464285714286,19715.384615384617,85.43809523809524,5.417721518987341,1150.625,99768.92857142857,275.31071428571425,280.18928571428575,273.3642857142857,6.832142857142857,-10.0,0.0,0.0,-47.27272727272727,0.2732142857142857,0.7125,0.9357142857142856,2.5500000000000003,4.564285714285714,2013-01-21,Hiver
4293,201304,83,AUVERGNE,20.357142857142858,166.25,2.9053571428571425,274.81964285714287,270.925,75.69642857142857,23473.214285714286,77.58928571428571,4.111111111111111,2003.571428571429,96938.21428571428,271.49285714285713,277.06428571428575,268.8642857142857,6.233928571428572,-10.0,0.0,0.0,-44.44444444444444,0.0461538461538461,0.1254901960784313,0.0,0.0285714285714285,0.4285714285714285,2013-01-21,Hiver
4294,201304,25,BASSE-NORMANDIE,25.357142857142858,158.48214285714286,3.70625,275.4794642857143,273.91785714285714,89.57142857142857,9691.964285714286,96.09,6.592592592592593,598.4042553191489,99355.17857142857,273.76851851851853,276.93148148148146,271.65,6.306306306306307,-10.0,0.01,0.0029090909090909,-45.27272727272727,0.0990990990990991,0.3351351351351351,0.5777777777777777,1.4,2.2916666666666665,2013-01-21,Hiver
4295,201304,26,BOURGOGNE,21.964285714285715,174.46428571428572,3.019642857142857,274.3625,272.5125,87.45535714285714,15745.535714285714,96.91176470588236,6.714285714285714,721.0526315789474,98481.51785714286,272.2,276.12857142857143,270.93571428571425,5.454464285714286,-10.0,0.0016071428571428,0.0008333333333333,-45.0,0.0589285714285714,0.1446428571428571,0.2785714285714286,0.5,0.8,2013-01-21,Hiver
4296,201304,53,BRETAGNE,27.55952380952381,191.54761904761904,4.564285714285714,278.74634146341464,276.21463414634144,84.42073170731707,13083.333333333334,87.0,5.0227272727272725,987.5757575757576,99715.41666666669,276.685,280.5125,273.43571428571425,8.495238095238095,-10.0,0.0,0.0,-45.0,0.2215568862275449,0.7060240963855422,1.4634146341463414,2.8146341463414637,5.838461538461539,2013-01-21,Hiver
4297,201304,24,CENTRE,24.017857142857142,158.66071428571428,2.8482142857142856,274.67857142857144,273.0982142857143,89.10714285714286,11360.714285714286,94.8181818181818,6.821428571428571,732.5714285714286,99249.55357142857,272.87142857142857,276.0785714285714,271.7928571428571,5.325892857142857,-10.0,0.0484,0.0010958904109589,-45.2054794520548,0.0428571428571428,0.1482142857142857,0.4071428571428571,0.5357142857142857,1.0714285714285714,2013-01-21,Hiver
4298,201304,21,CHAMPAGNE-ARDENNE,22.678571428571427,155.89285714285714,2.835714285714286,273.1294642857143,271.8294642857143,90.625,7905.357142857143,97.2,6.5,682.1428571428571,99550.80357142857,271.0857142857143,274.49642857142857,269.93571428571425,4.925,-10.0,0.0005194805194805,0.0,-45.0,0.0357142857142857,0.1027027027027027,0.1857142857142857,0.3925925925925926,0.4153846153846154,2013-01-21,Hiver
4299,201304,94,CORSE,32.67857142857143,153.21428571428572,3.5982142857142856,280.82589285714283,275.5776785714286,71.16964285714286,29875.0,58.57843137254902,3.156626506024097,1286.7021276595744,100311.16071428572,277.0142857142857,284.00357142857143,274.22142857142853,6.5062500000000005,-10.0,0.0,0.0,-43.392857142857146,0.0910714285714285,0.1732142857142857,0.4071428571428571,0.7928571428571428,1.8928571428571428,2013-01-21,Hiver
4300,201304,43,FRANCHE-COMTE,21.517857142857142,189.19642857142856,2.6026785714285716,272.81160714285716,270.7580357142857,85.75892857142857,12681.25,94.59803921568628,5.702702702702703,856.4285714285714,97885.35714285714,270.6642857142857,274.4214285714286,269.5071428571428,5.417857142857143,-10.0,0.0095505617977528,0.00075,-44.25,0.0321428571428571,0.0678571428571428,0.0642857142857143,0.2428571428571428,0.2142857142857142,2013-01-21,Hiver
4301,201304,23,HAUTE-NORMANDIE,23.839285714285715,162.41071428571428,5.299107142857143,276.1669642857143,273.9794642857143,86.0,8666.336633663366,92.43298969072166,6.633802816901408,730.8791208791209,99544.73214285714,274.5392857142857,277.46785714285716,271.0071428571428,8.753571428571428,-10.0,0.0222222222222222,0.0003571428571428,-45.0,0.1446428571428571,0.5153153153153154,1.0666666666666669,1.6444444444444444,2.3538461538461535,2013-01-21,Hiver
4302,201304,91,LANGUEDOC-ROUSSILLON,20.63063063063063,218.19819819819816,3.881081081081081,277.7418918918919,273.6599099099099,76.29729729729729,25692.792792792792,74.3,4.3561643835616435,2288.9772727272725,99914.77477477478,273.86785714285713,280.5285714285714,272.0071428571428,6.489189189189188,-10.0,0.0,0.0,-48.0,0.1243243243243243,0.3783783783783784,0.6962962962962963,1.3407407407407408,3.076923076923077,2013-01-21,Hiver
4303,201304,74,LIMOUSIN,25.982142857142858,169.14285714285714,3.7304761904761903,275.69375,273.7526785714286,87.27678571428571,20197.36842105263,93.08490566037736,6.2407407407407405,575.5913978494624,97679.375,274.06071428571425,277.0785714285714,272.3642857142857,6.880582524271845,-10.0,0.0035820895522388,0.0020588235294117,-45.0,0.125,0.3714285714285714,0.2714285714285714,1.5357142857142858,2.092857142857143,2013-01-21,Hiver
4304,201304,41,LORRAINE,0.8518339768339769,193.21428571428572,3.340515796260477,284.8620535714286,280.4638392857143,76.875,22941.964285714286,77.08380069025021,4.472972972972973,1404.9461206896551,100070.444015444,281.3357142857143,288.05357142857144,279.2928571428571,6.159821428571428,-10.0,0.0,0.0,-45.0,0.05740025740025735,0.18908730158730155,0.3345238095238095,0.7571428571428571,1.5214285714285716,2013-01-21,Hiver
4305,201304,73,MIDI-PYRENEES,24.017857142857142,216.25,3.392857142857143,277.0080357142857,274.2160714285714,82.74107142857143,19685.5421686747,84.16666666666667,5.55,1611.0666666666666,97663.03571428572,273.79285714285714,279.4035714285714,270.57857142857137,6.771428571428571,-10.0,0.0005882352941176,0.0003508771929824,-46.8421052631579,0.2125,0.5267857142857143,0.7000000000000001,1.8,4.057142857142858,2013-01-21,Hiver
4306,201304,31,NORD-PAS-DE-CALAIS,23.6036036036036,133.6036036036036,4.124324324324324,272.1743243243243,270.61126126126123,88.70270270270271,6171.818181818182,84.17283950617283,6.109589041095891,1258.75,100003.51351351352,269.95000000000005,273.6537037037037,268.15,6.726126126126126,-10.0,0.0618181818181818,0.0009210526315789,-43.81578947368421,0.036036036036036,0.0882882882882882,0.2928571428571428,0.3481481481481481,0.5076923076923078,2013-01-21,Hiver
4307,201304,52,PAYS-DE-LA-LOIRE,0.8518339768339769,193.21428571428572,3.340515796260477,284.8620535714286,280.4638392857143,76.875,22941.964285714286,77.08380069025021,4.472972972972973,1404.9461206896551,100070.444015444,281.3357142857143,288.05357142857144,279.2928571428571,6.159821428571428,-10.0,0.0,0.0,-45.0,0.05740025740025735,0.18908730158730155,0.3345238095238095,0.7571428571428571,1.5214285714285716,2013-01-21,Hiver
4308,201304,22,PICARDIE,23.6036036036036,133.6036036036036,4.124324324324324,272.1743243243243,270.61126126126123,88.70270270270271,6171.818181818182,84.17283950617283,6.109589041095891,1258.75,100003.51351351352,269.95000000000005,273.6537037037037,268.15,6.726126126126126,-10.0,0.0618181818181818,0.0009210526315789,-43.81578947368421,0.036036036036036,0.0882882882882882,0.2928571428571428,0.3481481481481481,0.5076923076923078,2013-01-21,Hiver
4309,201304,54,POITOU-CHARENTES,25.267857142857142,169.01785714285714,3.575892857142857,276.0580357142857,274.1732142857143,87.6875,18741.666666666668,94.39252336448598,6.5,718.4536082474227,99073.75,274.00714285714287,277.6714285714286,272.3642857142857,6.516071428571428,-10.0,0.0024390243902439,0.0012903225806451,-45.483870967741936,0.0928571428571428,0.2232142857142857,0.3285714285714285,0.8785714285714287,1.6642857142857144,2013-01-21,Hiver
4310,201304,93,PROVENCE-ALPES-COTE-D-AZUR,0.8518339768339769,193.21428571428572,3.340515796260477,284.8620535714286,280.4638392857143,76.875,22941.964285714286,77.08380069025021,4.472972972972973,1404.9461206896551,100070.444015444,281.3357142857143,288.05357142857144,279.2928571428571,6.159821428571428,-10.0,0.0,0.0,-45.0,0.05740025740025735,0.18908730158730155,0.3345238095238095,0.7571428571428571,1.5214285714285716,2013-01-21,Hiver
4311,201304,11,ILE-DE-FRANCE,24.821428571428573,152.67857142857142,2.6750000000000003,273.9607142857143,272.5964285714286,90.19642857142856,7608.928571428572,95.08928571428572,6.875,701.9642857142857,99683.03571428572,272.5785714285714,274.95714285714286,271.43571428571425,5.085714285714286,-10.0,0.0622222222222222,0.0012244897959183,-45.30612244897959,0.0285714285714285,0.125,0.3714285714285714,0.4857142857142857,0.7999999999999999,2013-01-21,Hiver
4312,201304,82,RHONE-ALPES,18.75,196.96428571428572,3.1535714285714285,274.4535714285714,271.39285714285717,80.23214285714286,13171.42857142857,89.28571428571429,5.944444444444445,1676.428571428571,98001.78571428572,272.26428571428573,275.9785714285714,271.43571428571425,5.283928571428571,-10.0,0.01,0.0007894736842105,-44.21052631578947,0.0464285714285714,0.0999999999999999,0.0714285714285714,0.2285714285714286,1.0,2013-01-21,Hiver
4313,201303,42,ALSACE,-28.571428571428573,194.82142857142856,2.6553571428571425,271.57410714285714,269.5285714285714,84.92857142857143,8670.535714285714,98.48039215686276,8.0,737.1153846153846,98281.33928571428,270.0392857142857,272.9428571428571,269.3642857142857,4.740178571428571,-10.0,0.0008888888888888,0.04,-60.0,0.1267857142857143,0.3603603603603603,0.65,1.4222222222222225,2.8153846153846156,2013-01-14,Hiver
4314,201303,72,AQUITAINE,-33.57142857142857,190.3571428571429,4.0339285714285715,276.55089285714286,274.2982142857143,85.64285714285714,16700.0,91.37272727272727,6.346153846153846,929.5098039215686,99360.80357142857,274.725,278.25357142857143,273.93571428571425,7.054464285714286,-10.0,0.0013636363636363,0.0013043478260869,-47.608695652173914,0.3607142857142857,1.1839285714285714,2.357142857142857,4.742857142857143,9.714285714285714,2013-01-14,Hiver
4315,201303,83,AUVERGNE,-25.714285714285715,157.14285714285714,2.0,272.8464285714286,269.8803571428571,79.75,15094.642857142857,90.73214285714286,6.471698113207547,980.5454545454544,96562.67857142857,271.35,274.45,270.43571428571425,4.517857142857143,-10.0,0.0,0.0001923076923076,-45.0,0.1428571428571428,0.374074074074074,1.157142857142857,1.4142857142857144,2.542857142857143,2013-01-14,Hiver
4316,201303,25,BASSE-NORMANDIE,-42.767857142857146,160.17857142857142,3.4973214285714285,273.0044642857143,270.70982142857144,84.22321428571429,12896.42857142857,89.57446808510639,5.981132075471698,984.2391304347826,99309.91071428572,271.55,274.4321428571429,269.65,6.298214285714286,-10.0,0.0053571428571428,0.0018867924528301,-45.283018867924525,0.0410714285714285,0.1243243243243243,0.2214285714285714,0.5,1.1285714285714286,2013-01-14,Hiver
4317,201303,26,BOURGOGNE,-28.214285714285715,199.6428571428571,3.0794642857142853,272.0205357142857,270.1955357142857,86.85714285714286,9834.82142857143,96.43564356435644,6.137931034482759,653.8235294117648,98164.10714285714,270.39285714285717,273.6642857142857,269.7928571428571,5.504464285714286,-10.0,0.003695652173913,0.004,-45.6,0.1803571428571428,0.5017857142857143,0.9,1.95,3.7285714285714286,2013-01-14,Hiver
4318,201303,53,BRETAGNE,-50.476190476190474,173.27380952380952,4.239880952380952,276.36288343558283,273.68496932515336,83.20858895705521,13517.93103448276,93.44852941176472,6.415730337078652,824.4094488188977,99759.64285714286,274.67926829268293,277.9719512195122,272.22142857142853,7.801785714285715,-10.0,0.0,0.0,-44.63414634146341,0.1285714285714286,0.4226190476190476,0.6333333333333334,1.6809523809523808,2.957142857142857,2013-01-14,Hiver
4319,201303,24,CENTRE,-33.92857142857143,178.66071428571428,3.263392857142857,271.9330357142857,269.9232142857143,85.72321428571429,8758.035714285714,83.20388349514563,6.04,718.6138613861386,99015.89285714286,270.13214285714287,273.5785714285714,268.07857142857137,5.870535714285714,-10.0,0.0318518518518518,0.0047368421052631,-45.0,0.1410714285714285,0.3580357142857143,0.85,1.5285714285714285,2.664285714285714,2013-01-14,Hiver
4320,201303,21,CHAMPAGNE-ARDENNE,-33.125,196.42857142857144,3.2857142857142856,270.9955357142857,268.7866071428571,85.89285714285714,7306.25,96.82291666666669,6.642857142857143,626.4423076923077,99285.17857142857,269.12857142857143,272.3642857142857,268.7928571428571,5.536607142857143,-10.0,0.0037037037037037,0.0003571428571428,-45.0,0.0267857142857142,0.1142857142857143,0.2357142857142857,0.4714285714285715,0.9428571428571428,2013-01-14,Hiver
4321,201303,94,CORSE,-16.25,180.71428571428572,3.1535714285714285,280.65982142857143,276.2,75.13392857142857,25879.464285714286,77.35576923076923,4.715909090909091,1014.2156862745098,99935.26785714286,277.7142857142857,283.15714285714284,275.2928571428571,6.398214285714286,-10.0,0.0,0.0,-43.43283582089552,0.1642857142857142,0.4214285714285714,0.7142857142857143,1.5785714285714287,3.242857142857143,2013-01-14,Hiver
4322,201303,43,FRANCHE-COMTE,-26.964285714285715,204.0178571428571,2.8428571428571425,271.32589285714283,269.3482142857143,85.36607142857143,9112.5,95.5140186915888,6.560975609756097,615.2380952380952,97526.69642857143,269.75714285714287,272.62857142857143,268.8642857142857,5.994642857142857,-10.0,0.0136619718309859,0.0051219512195121,-43.90243902439025,0.1339285714285714,0.3767857142857143,0.7928571428571428,1.4428571428571428,2.857142857142857,2013-01-14,Hiver
4323,201303,23,HAUTE-NORMANDIE,-45.80357142857143,169.27272727272728,4.856363636363636,273.9008928571429,270.5151785714286,78.33928571428571,10096.938775510203,85.94505494505495,6.25,934.431818181818,99560.17857142857,272.325,275.4535714285714,267.8642857142857,7.925688073394495,-10.0,0.023125,0.0072,-45.6,0.0642857142857143,0.2144144144144144,0.5259259259259259,0.8518518518518519,1.7615384615384615,2013-01-14,Hiver
4324,201303,91,LANGUEDOC-ROUSSILLON,-24.553571428571427,222.1428571428571,4.760714285714286,276.61607142857144,272.01160714285714,73.74107142857143,20764.285714285714,77.99065420560747,5.052631578947368,1628.9473684210527,99512.76785714286,274.2357142857143,278.9214285714286,272.72142857142853,8.01875,-10.0,0.0017142857142857,0.0017647058823529,-48.52941176470589,0.2392857142857143,0.7696428571428572,1.5857142857142856,3.0142857142857147,6.392857142857143,2013-01-14,Hiver
4325,201303,74,LIMOUSIN,-33.392857142857146,177.76785714285714,3.4464285714285716,272.9160714285714,270.97053571428575,86.40178571428571,13132.758620689656,89.2156862745098,6.0,581.0869565217391,97385.71428571428,271.3178571428571,274.73214285714283,270.3642857142857,6.166964285714286,-10.0,0.0068055555555555,0.0032258064516129,-45.483870967741936,0.2303571428571428,0.5821428571428572,1.207142857142857,2.3428571428571425,4.421428571428572,2013-01-14,Hiver
4326,201303,41,LORRAINE,0.8518339768339769,193.21428571428572,3.340515796260477,284.8620535714286,280.4638392857143,76.875,22941.964285714286,77.08380069025021,4.472972972972973,1404.9461206896551,100070.444015444,281.3357142857143,288.05357142857144,279.2928571428571,6.159821428571428,-10.0,0.0,0.0,-45.0,0.05740025740025735,0.18908730158730155,0.3345238095238095,0.7571428571428571,1.5214285714285716,2013-01-14,Hiver
4327,201303,73,MIDI-PYRENEES,-29.910714285714285,230.08928571428572,3.699107142857143,276.75178571428575,274.33482142857144,84.60714285714286,15861.44578313253,91.89024390243902,5.9,756.7948717948718,97193.83928571428,274.5142857142857,279.00714285714287,272.93571428571425,7.417857142857143,-10.0,0.0017142857142857,0.0010714285714285,-46.607142857142854,0.4857142857142857,1.4785714285714284,3.707142857142857,6.107142857142857,13.65,2013-01-14,Hiver
4328,201303,31,NORD-PAS-DE-CALAIS,-45.625,149.19642857142858,3.633035714285714,269.90535714285716,268.32142857142856,88.125,7087.272727272727,74.5375,6.121212121212121,1254.5454545454545,99905.98214285714,267.825,271.625,266.65,5.833035714285714,-10.0,0.0332941176470588,0.0048611111111111,-43.333333333333336,0.0357142857142857,0.1339285714285714,0.35,0.5714285714285714,0.8142857142857143,2013-01-14,Hiver
4329,201303,52,PAYS-DE-LA-LOIRE,0.8518339768339769,193.21428571428572,3.340515796260477,284.8620535714286,280.4638392857143,76.875,22941.964285714286,77.08380069025021,4.472972972972973,1404.9461206896551,100070.444015444,281.3357142857143,288.05357142857144,279.2928571428571,6.159821428571428,-10.0,0.0,0.0,-45.0,0.05740025740025735,0.18908730158730155,0.3345238095238095,0.7571428571428571,1.5214285714285716,2013-01-14,Hiver
4330,201303,22,PICARDIE,-45.625,149.19642857142858,3.633035714285714,269.90535714285716,268.32142857142856,88.125,7087.272727272727,74.5375,6.121212121212121,1254.5454545454545,99905.98214285714,267.825,271.625,266.65,5.833035714285714,-10.0,0.0332941176470588,0.0048611111111111,-43.333333333333336,0.0357142857142857,0.1339285714285714,0.35,0.5714285714285714,0.8142857142857143,2013-01-14,Hiver
4331,201303,54,POITOU-CHARENTES,-33.30357142857143,185.625,3.435714285714286,273.0830357142857,271.37589285714284,88.13392857142857,12038.823529411764,91.0990099009901,6.150943396226415,559.2708333333334,98828.57142857143,271.57142857142856,274.7785714285714,270.7928571428571,6.160714285714286,-10.0,0.0046,0.0032258064516129,-45.483870967741936,0.15,0.4232142857142857,0.807142857142857,1.7142857142857142,3.2785714285714285,2013-01-14,Hiver
4332,201303,93,PROVENCE-ALPES-COTE-D-AZUR,0.8518339768339769,193.21428571428572,3.340515796260477,284.8620535714286,280.4638392857143,76.875,22941.964285714286,77.08380069025021,4.472972972972973,1404.9461206896551,100070.444015444,281.3357142857143,288.05357142857144,279.2928571428571,6.159821428571428,-10.0,0.0,0.0,-45.0,0.05740025740025735,0.18908730158730155,0.3345238095238095,0.7571428571428571,1.5214285714285716,2013-01-14,Hiver
4333,201303,11,ILE-DE-FRANCE,-37.32142857142857,164.10714285714286,3.2857142857142856,271.31964285714287,269.0053571428572,83.42857142857143,7917.857142857143,72.54716981132076,6.0212765957446805,846.0,99490.17857142857,269.25714285714287,272.9142857142857,265.8642857142857,5.735714285714286,-10.0,0.0378571428571428,0.0057692307692307,-45.0,0.1285714285714286,0.2767857142857143,0.9428571428571428,1.3142857142857145,2.1,2013-01-14,Hiver
4334,201303,82,RHONE-ALPES,-21.607142857142858,227.8571428571429,3.555357142857143,272.375,270.05892857142857,83.41071428571429,8410.714285714286,81.78571428571429,6.053571428571429,832.0754716981132,97609.46428571428,270.35714285714283,274.3285714285715,267.8642857142857,6.317857142857143,-10.0,0.0365853658536585,0.0023636363636363,-45.27272727272727,0.0714285714285714,0.2785714285714286,0.3857142857142857,1.1,1.3142857142857145,2013-01-14,Hiver
4335,201302,42,ALSACE,-31.517857142857142,146.875,2.0125,275.5357142857143,274.4142857142857,92.32142857142856,8993.75,99.30555555555556,8.0,406.0,99782.41071428572,274.3464285714286,276.7214285714286,273.65,3.683928571428571,-10.0,0.0,0.0,-45.0,0.0321428571428571,0.0954954954954954,0.0785714285714285,0.3925925925925926,0.7692307692307693,2013-01-07,Hiver
4336,201302,72,AQUITAINE,-22.321428571428573,208.66071428571428,2.3874999999999997,279.08125,277.81428571428575,91.94642857142856,18134.328358208953,90.47169811320757,6.654320987654321,519.1509433962265,101031.69642857143,277.4642857142857,280.775,276.3642857142857,4.34375,-10.0,0.0,0.0,-47.45454545454545,0.0982142857142857,0.35,0.6214285714285713,1.3857142857142857,1.9357142857142855,2013-01-07,Hiver
4337,201302,83,AUVERGNE,-30.178571428571427,197.32142857142856,2.042857142857143,275.8982142857143,274.0232142857143,87.94642857142857,13207.142857142857,88.83636363636364,6.18,863.7037037037037,98150.35714285714,273.9857142857143,277.87857142857143,273.72142857142853,4.726785714285714,-10.0,0.0,0.0,-44.705882352941174,0.0377358490566037,0.0784313725490196,0.15,0.2923076923076923,0.5666666666666668,2013-01-07,Hiver
4338,201302,25,BASSE-NORMANDIE,-22.946428571428573,182.8571428571429,2.976785714285714,278.8669642857143,277.58482142857144,91.74107142857144,13748.648648648648,92.20535714285714,6.096153846153846,547.5961538461538,100723.83928571428,277.68571428571425,280.05357142857144,276.7928571428571,5.159821428571428,-10.0,0.0,0.0,-44.705882352941174,0.1178571428571428,0.375,0.7357142857142858,1.592857142857143,2.9214285714285713,2013-01-07,Hiver
4339,201302,26,BOURGOGNE,-30.714285714285715,177.14285714285714,2.210714285714286,276.7044642857143,275.51160714285714,92.05357142857144,11810.714285714286,98.3,7.257142857142857,392.77777777777777,99696.42857142857,275.5357142857143,277.95,274.65,4.069642857142857,-10.0,0.0,0.0,-45.0,0.0767857142857142,0.3035714285714285,0.65,1.2357142857142858,2.392857142857143,2013-01-07,Hiver
4340,201302,53,BRETAGNE,-16.726190476190474,201.6071428571429,3.616071428571429,280.8642857142857,279.1815476190476,89.44642857142857,14365.357142857143,88.75,6.3076923076923075,675.8730158730159,101173.57142857143,279.39761904761906,282.4142857142857,277.43571428571425,6.538690476190476,-10.0,0.0,0.0,-45.38461538461539,0.1428571428571428,0.3928571428571428,0.7476190476190476,1.5714285714285714,3.0357142857142856,2013-01-07,Hiver
4341,201302,24,CENTRE,-28.839285714285715,205.2678571428571,2.3580357142857147,277.74107142857144,276.3892857142857,91.11607142857144,12222.32142857143,95.8108108108108,7.180722891566265,443.963963963964,100505.98214285714,276.625,279.0285714285714,275.5071428571428,4.383035714285714,-10.0,0.0,0.0,-45.18987341772152,0.0732142857142857,0.2714285714285714,0.6857142857142857,1.0714285714285714,2.064285714285714,2013-01-07,Hiver
4342,201302,21,CHAMPAGNE-ARDENNE,-30.357142857142858,178.14814814814815,2.073148148148148,276.8,275.4232142857143,90.82142857142856,9755.357142857143,98.56190476190476,7.148148148148148,442.2330097087379,100756.51785714286,275.425,278.05357142857144,274.43571428571425,3.746296296296296,-10.0,0.0,0.0,-45.0,0.0607142857142857,0.1267857142857142,0.2785714285714286,0.5071428571428571,1.0,2013-01-07,Hiver
4343,201302,94,CORSE,-29.642857142857142,152.76785714285714,2.8973214285714284,282.96964285714284,278.6901785714286,75.42857142857143,25044.64285714286,71.66666666666667,4.430232558139535,1219.1176470588234,101522.94642857143,279.92857142857144,285.7392857142857,277.7928571428571,5.3062499999999995,-10.0,0.0,0.0,-43.29113924050633,0.0303571428571428,0.1089285714285714,0.1857142857142857,0.4285714285714285,0.3999999999999999,2013-01-07,Hiver
4344,201302,43,FRANCHE-COMTE,-32.142857142857146,172.76785714285714,2.1767857142857143,275.4089285714286,274.0107142857143,90.72321428571428,10147.32142857143,96.3302752293578,6.9361702127659575,385.04761904761904,99032.94642857143,274.2642857142857,276.725,273.15,5.1375,-10.0,0.0,0.0,-45.0,0.0598214285714285,0.1999999999999999,0.1999999999999999,0.8214285714285714,1.592857142857143,2013-01-07,Hiver
4345,201302,23,HAUTE-NORMANDIE,-21.071428571428573,187.5,4.486607142857143,279.73214285714283,278.1142857142857,89.79464285714286,7059.090909090909,94.3529411764706,6.907407407407407,603.75,100932.14285714286,278.76785714285717,280.86785714285713,275.8642857142857,7.183035714285714,-10.0,0.0,0.0,-44.44444444444444,0.1375,0.2946428571428571,0.4357142857142856,1.15,2.3428571428571425,2013-01-07,Hiver
4346,201302,91,LANGUEDOC-ROUSSILLON,-22.792792792792792,228.1081081081081,2.808108108108108,278.9283783783784,275.3193693693694,79.45945945945945,20717.117117117115,63.10679611650485,4.4411764705882355,2042.183908045977,101117.02702702704,275.8277777777778,281.90555555555557,274.3807692307692,5.006306306306307,-10.0,0.0,0.0,-48.38709677419355,0.063063063063063,0.209009009009009,0.45,0.8444444444444444,0.8692307692307693,2013-01-07,Hiver
4347,201302,74,LIMOUSIN,-23.839285714285715,196.875,2.349107142857143,276.9589285714286,275.9232142857143,93.14285714285714,11007.017543859649,95.26666666666668,6.585365853658536,438.57142857142856,98963.75,275.64285714285717,278.3607142857143,275.22142857142853,4.55625,-10.0,0.0,0.0,-45.0,0.0625,0.1767857142857143,0.35,0.6785714285714286,1.4142857142857144,2013-01-07,Hiver
4348,201302,41,LORRAINE,0.8518339768339769,193.21428571428572,3.340515796260477,284.8620535714286,280.4638392857143,76.875,22941.964285714286,77.08380069025021,4.472972972972973,1404.9461206896551,100070.444015444,281.3357142857143,288.05357142857144,279.2928571428571,6.159821428571428,-10.0,0.0,0.0,-45.0,0.05740025740025735,0.18908730158730155,0.3345238095238095,0.7571428571428571,1.5214285714285716,2013-01-07,Hiver
4349,201302,73,MIDI-PYRENEES,-21.785714285714285,188.03571428571428,2.1098214285714287,277.45982142857144,275.58660714285713,88.29464285714286,15782.716049382716,90.02597402597402,6.346153846153846,727.8571428571429,98861.51785714286,275.1928571428571,279.6607142857143,273.65,4.305357142857143,-10.0,0.0008571428571428,0.0003636363636363,-47.45454545454545,0.1607142857142857,0.5303571428571429,0.9357142857142856,1.8142857142857145,1.4928571428571429,2013-01-07,Hiver
4350,201302,31,NORD-PAS-DE-CALAIS,-23.660714285714285,174.36363636363637,2.9594594594594597,277.23839285714286,276.2294642857143,93.10714285714286,6253.636363636364,92.3012048192771,7.269230769230769,583.875,101269.19642857143,276.2857142857143,278.5857142857143,275.57857142857137,4.776576576576577,-10.0,0.0,0.0003947368421052,-43.81578947368421,0.0321428571428571,0.1071428571428571,0.1999999999999999,0.4071428571428571,0.8285714285714285,2013-01-07,Hiver
4351,201302,52,PAYS-DE-LA-LOIRE,0.8518339768339769,193.21428571428572,3.340515796260477,284.8620535714286,280.4638392857143,76.875,22941.964285714286,77.08380069025021,4.472972972972973,1404.9461206896551,100070.444015444,281.3357142857143,288.05357142857144,279.2928571428571,6.159821428571428,-10.0,0.0,0.0,-45.0,0.05740025740025735,0.18908730158730155,0.3345238095238095,0.7571428571428571,1.5214285714285716,2013-01-07,Hiver
4352,201302,22,PICARDIE,-23.660714285714285,174.36363636363637,2.9594594594594597,277.23839285714286,276.2294642857143,93.10714285714286,6253.636363636364,92.3012048192771,7.269230769230769,583.875,101269.19642857143,276.2857142857143,278.5857142857143,275.57857142857137,4.776576576576577,-10.0,0.0,0.0003947368421052,-43.81578947368421,0.0321428571428571,0.1071428571428571,0.1999999999999999,0.4071428571428571,0.8285714285714285,2013-01-07,Hiver
4353,201302,54,POITOU-CHARENTES,-26.785714285714285,198.92857142857144,2.542857142857143,277.875,276.73125,92.46428571428572,14876.190476190475,95.16037735849056,6.767857142857143,441.6190476190476,100368.92857142857,276.6357142857143,279.25714285714287,276.0071428571428,4.729464285714286,-10.0,0.0,0.0,-45.0,0.0964285714285714,0.3071428571428571,0.7571428571428571,1.2214285714285715,2.4071428571428575,2013-01-07,Hiver
4354,201302,93,PROVENCE-ALPES-COTE-D-AZUR,0.8518339768339769,193.21428571428572,3.340515796260477,284.8620535714286,280.4638392857143,76.875,22941.964285714286,77.08380069025021,4.472972972972973,1404.9461206896551,100070.444015444,281.3357142857143,288.05357142857144,279.2928571428571,6.159821428571428,-10.0,0.0,0.0,-45.0,0.05740025740025735,0.18908730158730155,0.3345238095238095,0.7571428571428571,1.5214285714285716,2013-01-07,Hiver
4355,201302,11,ILE-DE-FRANCE,-28.571428571428573,202.5,2.308928571428571,277.87678571428575,276.3232142857143,89.875,11303.57142857143,94.28571428571428,7.236363636363636,488.57142857142856,100937.14285714286,276.8857142857143,279.0857142857143,275.2928571428571,4.2375,-10.0,0.0,0.0,-45.27272727272727,0.0428571428571428,0.1035714285714285,0.1714285714285714,0.3714285714285714,0.6857142857142857,2013-01-07,Hiver
4356,201302,82,RHONE-ALPES,-32.857142857142854,185.53571428571428,2.1589285714285715,276.15714285714284,274.49821428571425,88.91071428571429,10176.785714285714,96.08928571428572,7.5636363636363635,456.1818181818182,99178.03571428572,275.00714285714287,277.31428571428575,274.72142857142853,4.2803571428571425,-10.0,0.0,0.0,-45.0,0.05,0.2107142857142857,0.5714285714285714,0.8857142857142858,1.8571428571428572,2013-01-07,Hiver
4357,201301,42,ALSACE,8.75,184.7321428571429,2.36875,278.5598214285714,276.7669642857143,88.52678571428571,28066.071428571428,99.35483870967742,4.472972972972973,843.6559139784946,100607.05357142857,276.8392857142857,280.1392857142857,274.8642857142857,4.363392857142857,-10.0,0.0,0.0,-45.0,0.0285714285714285,0.0928571428571428,0.2142857142857142,0.3714285714285714,0.7928571428571428,2012-12-31,Hiver
4358,201301,72,AQUITAINE,0.8928571428571429,195.2678571428571,2.56875,280.02410714285713,278.37589285714284,89.82142857142857,17426.984126984127,83.66037735849056,5.675,1253.3663366336634,101870.80357142857,278.17857142857144,281.76785714285717,276.93571428571425,4.685714285714285,-10.0,0.0,0.0,-47.5,0.0446428571428571,0.1660714285714286,0.3999999999999999,0.6857142857142857,1.4928571428571429,2012-12-31,Hiver
4359,201301,83,AUVERGNE,4.642857142857143,183.75,2.2625,279.0160714285714,276.4625,84.55357142857143,17964.285714285714,87.85714285714286,6.254545454545455,1051.428571428571,99049.82142857143,276.88571428571424,280.70714285714286,274.43571428571425,4.330357142857143,-10.0,0.0,0.0,-44.72727272727273,0.0,0.023076923076923,0.0499999999999999,0.0923076923076923,0.2,2012-12-31,Hiver
4360,201301,25,BASSE-NORMANDIE,17.5,227.8571428571429,3.5160714285714287,280.68035714285713,279.2446428571429,90.76785714285714,19334.821428571428,94.54716981132076,6.821428571428571,492.0,101549.28571428572,279.50714285714287,281.68928571428575,278.7928571428571,6.308928571428572,-10.0,0.0,0.0,-44.72727272727273,0.0535714285714285,0.1732142857142857,0.5,0.6857142857142857,1.35,2012-12-31,Hiver
4361,201301,26,BOURGOGNE,7.678571428571429,199.7321428571429,2.0982142857142856,279.0151785714286,277.7089285714286,91.51785714285714,18347.321428571428,97.51041666666669,7.071428571428571,614.1052631578947,100594.19642857143,277.43928571428575,280.5464285714286,275.72142857142853,3.9830357142857142,-10.0,0.0,0.0,-45.0,0.0464285714285714,0.1375,0.3142857142857143,0.5357142857142857,1.15,2012-12-31,Hiver
4362,201301,53,BRETAGNE,18.214285714285715,222.26190476190476,3.570238095238095,282.1154761904762,280.37083333333334,89.13095238095238,16397.916666666668,95.96323529411764,7.176470588235294,585.68345323741,102060.35714285714,281.02142857142854,283.17857142857144,279.15,6.783333333333333,-10.0,0.0,0.0,-47.142857142857146,0.1214285714285714,0.3035714285714285,0.6952380952380952,1.180952380952381,2.75,2012-12-31,Hiver
4363,201301,24,CENTRE,12.142857142857142,239.46428571428572,2.784821428571429,280.41875,278.8589285714286,90.09821428571428,15336.607142857143,91.29523809523808,6.585365853658536,609.9047619047619,101360.35714285714,279.1392857142857,281.725,278.2928571428571,5.316964285714286,-10.0,0.0,0.0,-45.0,0.0499999999999999,0.1607142857142857,0.3071428571428571,0.6357142857142858,1.2642857142857142,2012-12-31,Hiver
4364,201301,21,CHAMPAGNE-ARDENNE,14.910714285714286,238.4821428571429,3.082142857142857,280.4294642857143,278.63839285714283,88.63392857142857,14339.285714285714,97.2680412371134,6.75,567.1717171717172,101541.33928571428,279.0964285714286,281.5571428571429,278.22142857142853,5.440178571428571,-10.0,0.0,0.0,-44.44444444444444,0.0357142857142857,0.125,0.1999999999999999,0.5,1.042857142857143,2012-12-31,Hiver
4365,201301,94,CORSE,-6.607142857142857,137.14285714285714,2.441071428571429,282.6848214285714,279.48035714285714,81.04464285714286,28181.25,53.31683168316832,3.111111111111111,1062.2340425531916,102278.57142857143,279.05357142857144,285.28214285714284,277.15,4.098214285714286,-10.0,0.0,0.0,-43.714285714285715,0.1035714285714285,0.5035714285714286,1.0214285714285714,1.9857142857142855,3.942857142857143,2012-12-31,Hiver
4366,201301,43,FRANCHE-COMTE,7.410714285714286,189.28571428571428,2.2285714285714286,278.06875,276.09732142857143,87.42857142857143,23583.928571428572,91.7,5.309523809523809,969.2553191489362,99905.08928571428,275.9035714285714,279.95714285714286,273.72142857142853,5.05,-10.0,0.0,0.0,-45.34883720930232,0.0285714285714285,0.0982142857142857,0.2357142857142857,0.4071428571428571,0.85,2012-12-31,Hiver
4367,201301,23,HAUTE-NORMANDIE,21.339285714285715,254.7321428571429,5.490178571428571,281.84375,279.9892857142857,88.54464285714286,12166.346153846154,94.36363636363636,6.763888888888889,617.9787234042553,101712.94642857143,281.025,282.7285714285714,278.2928571428571,8.626126126126126,-10.0,0.0,0.0,-45.65217391304348,0.0504504504504504,0.1351351351351351,0.1571428571428571,0.5259259259259259,1.1692307692307693,2012-12-31,Hiver
4368,201301,91,LANGUEDOC-ROUSSILLON,-3.928571428571429,242.41071428571428,2.847321428571429,280.475,276.64375,78.76785714285714,27785.714285714286,55.679611650485434,4.0,2430.0,101888.83928571428,277.3285714285714,283.2642857142857,275.72142857142853,5.023214285714286,-10.0,0.0,0.0,-48.333333333333336,0.0142857142857142,0.075,0.15,0.2928571428571428,0.5785714285714285,2012-12-31,Hiver
4369,201301,74,LIMOUSIN,3.928571428571429,161.25,3.1723214285714287,279.4116071428571,277.8848214285714,90.22321428571428,18205.35714285714,91.91346153846152,6.333333333333333,522.6041666666666,99837.14285714286,278.18928571428575,280.7857142857143,277.3642857142857,5.653571428571429,-10.0,0.0,0.0,-45.0,0.0625,0.1660714285714286,0.3428571428571428,0.6571428571428571,1.5571428571428572,2012-12-31,Hiver
4370,201301,41,LORRAINE,0.8518339768339769,193.21428571428572,3.340515796260477,284.8620535714286,280.4638392857143,76.875,22941.964285714286,77.08380069025021,4.472972972972973,1404.9461206896551,100070.444015444,281.3357142857143,288.05357142857144,279.2928571428571,6.159821428571428,-10.0,0.0,0.0,-45.0,0.05740025740025735,0.18908730158730155,0.3345238095238095,0.7571428571428571,1.5214285714285716,2012-12-31,Hiver
4371,201301,73,MIDI-PYRENEES,-1.6964285714285714,215.71428571428572,2.1160714285714284,278.5669642857143,276.18928571428575,85.75892857142857,20030.864197530864,70.15789473684211,4.82,1600.3030303030305,99665.89285714286,275.45,281.6392857142857,273.43571428571425,4.2473214285714285,-10.0,0.0,0.0,-47.06896551724138,0.0696428571428571,0.2035714285714285,0.5214285714285715,0.8214285714285714,1.657142857142857,2012-12-31,Hiver
4372,201301,31,NORD-PAS-DE-CALAIS,25.405405405405407,245.5855855855856,4.758558558558559,281.38603603603605,279.91936936936935,90.66666666666669,15042.342342342345,89.95121951219512,6.8734177215189876,525.875,101895.76576576575,280.1611111111111,282.3240740740741,279.72142857142853,8.042727272727273,-10.0,0.0,0.0,-43.97260273972603,0.0432432432432432,0.1189189189189189,0.35,0.4962962962962963,1.8142857142857145,2012-12-31,Hiver
4373,201301,52,PAYS-DE-LA-LOIRE,0.8518339768339769,193.21428571428572,3.340515796260477,284.8620535714286,280.4638392857143,76.875,22941.964285714286,77.08380069025021,4.472972972972973,1404.9461206896551,100070.444015444,281.3357142857143,288.05357142857144,279.2928571428571,6.159821428571428,-10.0,0.0,0.0,-45.0,0.05740025740025735,0.18908730158730155,0.3345238095238095,0.7571428571428571,1.5214285714285716,2012-12-31,Hiver
4374,201301,22,PICARDIE,25.405405405405407,245.5855855855856,4.758558558558559,281.38603603603605,279.91936936936935,90.66666666666669,15042.342342342345,89.95121951219512,6.8734177215189876,525.875,101895.76576576575,280.1611111111111,282.3240740740741,279.72142857142853,8.042727272727273,-10.0,0.0,0.0,-43.97260273972603,0.0432432432432432,0.1189189189189189,0.35,0.4962962962962963,1.8142857142857145,2012-12-31,Hiver
4375,201301,54,POITOU-CHARENTES,7.678571428571429,197.8571428571429,2.8392857142857144,280.25625,278.75089285714284,90.45535714285714,16904.761904761905,92.86,6.642857142857143,633.2352941176471,101261.42857142857,278.92857142857144,281.62857142857143,278.07857142857137,5.04375,-10.0,0.0,0.0,-45.0,0.0392857142857142,0.1017857142857142,0.1999999999999999,0.3785714285714285,0.7999999999999999,2012-12-31,Hiver
4376,201301,93,PROVENCE-ALPES-COTE-D-AZUR,0.8518339768339769,193.21428571428572,3.340515796260477,284.8620535714286,280.4638392857143,76.875,22941.964285714286,77.08380069025021,4.472972972972973,1404.9461206896551,100070.444015444,281.3357142857143,288.05357142857144,279.2928571428571,6.159821428571428,-10.0,0.0,0.0,-45.0,0.05740025740025735,0.18908730158730155,0.3345238095238095,0.7571428571428571,1.5214285714285716,2012-12-31,Hiver
4377,201301,11,ILE-DE-FRANCE,15.714285714285714,258.2142857142857,3.2392857142857143,280.91785714285714,279.0375,88.19642857142857,16860.714285714286,87.76785714285714,6.333333333333333,680.5357142857143,101743.39285714286,279.7,282.1642857142857,278.8642857142857,6.2803571428571425,-10.0,0.0,0.0,-45.0,0.0499999999999999,0.2,0.3571428571428571,0.8142857142857143,1.5571428571428572,2012-12-31,Hiver
4378,201301,82,RHONE-ALPES,3.75,242.5,4.273214285714286,278.85535714285714,276.15,83.71428571428571,21046.428571428572,84.05357142857143,6.3076923076923075,1344.2307692307693,100061.78571428572,277.3,280.4,276.15,7.2196428571428575,-10.0,0.0,0.0,-45.0,0.0535714285714285,0.1857142857142857,0.3571428571428571,0.7142857142857143,1.457142857142857,2012-12-31,Hiver
4379,201252,42,ALSACE,18.125,201.5178571428571,4.659821428571428,281.4,277.73839285714286,78.4375,46012.5,97.13157894736842,4.472972972972973,1118.939393939394,99460.89285714286,278.6142857142857,283.875,276.72142857142853,8.661607142857143,-10.0,0.0,0.0,-45.0,0.0535714285714285,0.1142857142857143,0.2785714285714286,0.4357142857142856,0.8857142857142858,2012-12-24,Hiver
4380,201252,72,AQUITAINE,23.75,203.75,4.426785714285715,283.51339285714283,281.0366071428571,85.28571428571429,27801.5873015873,77.99019607843137,3.7625,1549.7894736842106,101005.89285714286,281.2107142857143,285.9035714285714,279.3642857142857,7.660714285714286,-10.0,0.0,0.0,-47.903225806451616,0.0517857142857142,0.1053571428571428,0.1785714285714285,0.3642857142857142,0.6285714285714287,2012-12-24,Hiver
4381,201252,83,AUVERGNE,27.59259259259259,215.27272727272728,5.243636363636363,283.1118181818182,276.80454545454546,65.6,31709.090909090908,68.79629629629629,3.2641509433962264,2746.2264150943397,98068.36363636365,280.0,285.4714285714286,277.15,10.214545454545457,-10.0,0.0,0.0,-45.0,0.0,0.0461538461538461,0.0,0.2307692307692307,0.3714285714285714,2012-12-24,Hiver
4382,201252,25,BASSE-NORMANDIE,22.93577981651376,220.6422018348624,6.558715596330275,282.40688073394494,279.9334862385321,84.77064220183486,25100.943396226416,89.28571428571429,5.381818181818182,840.7,99963.94495412844,280.6759259259259,284.1240740740741,279.4576923076923,11.380733944954128,-10.0,0.0,0.0,-44.72727272727273,0.1064220183486238,0.3981651376146788,0.8740740740740741,1.5333333333333332,3.3153846153846156,2012-12-24,Hiver
4383,201252,26,BOURGOGNE,18.214285714285715,212.05357142857144,4.776785714285714,281.5678571428571,278.5580357142857,82.24107142857143,30184.821428571428,86.75,3.6296296296296298,1426.3157894736842,99455.71428571428,278.63214285714287,284.2,276.8642857142857,8.4875,-10.0,0.0,0.0,-45.0,0.1267857142857143,0.2964285714285714,0.5714285714285714,1.2,2.3357142857142854,2012-12-24,Hiver
4384,201252,53,BRETAGNE,21.428571428571427,227.73809523809524,7.4505952380952385,283.50178571428575,280.7065476190476,83.13690476190476,19458.620689655178,90.27777777777776,6.454545454545454,682.3134328358209,100392.79761904762,281.92857142857144,284.99523809523805,280.5071428571428,13.741666666666664,-10.0,0.0,0.0,-45.625,0.1760479041916167,0.5065868263473053,1.0476190476190477,2.048780487804878,4.492307692307692,2012-12-24,Hiver
4385,201252,24,CENTRE,19.107142857142858,217.2321428571429,5.221428571428571,282.3857142857143,279.41875,82.41964285714286,22029.464285714286,80.97087378640776,4.402439024390244,1608.0,100040.26785714286,280.1240740740741,284.73148148148147,279.0730769230769,9.683035714285714,-10.0,0.0,0.0,-45.18987341772152,0.0964285714285714,0.254054054054054,0.4428571428571429,1.0518518518518518,2.0999999999999996,2012-12-24,Hiver
4386,201252,21,CHAMPAGNE-ARDENNE,17.857142857142858,205.9821428571429,5.945535714285714,282.43125,278.89732142857144,79.08035714285714,19383.928571428572,90.05747126436782,3.692307692307693,1281.25,100170.08928571428,280.48214285714283,284.4107142857143,279.43571428571425,10.36875,-10.0,0.0,0.0,-43.84615384615385,0.0625,0.2517857142857143,0.6142857142857142,1.0571428571428572,2.142857142857143,2012-12-24,Hiver
4387,201252,94,CORSE,3.8392857142857144,156.33928571428572,2.700892857142857,283.8794642857143,278.93125,73.95535714285714,30250.0,62.0,2.9156626506024095,2301.8987341772154,101976.78571428572,280.2714285714286,287.06071428571425,278.07857142857137,4.890178571428571,-10.0,0.0,0.0,-43.40425531914894,0.0017857142857142,0.0392857142857142,0.0071428571428571,0.1571428571428571,0.3214285714285714,2012-12-24,Hiver
4388,201252,43,FRANCHE-COMTE,17.142857142857142,210.3571428571429,4.5285714285714285,280.8625,277.0098214285714,77.375,36985.71428571428,90.02325581395348,4.125,1438.3116883116884,98829.46428571428,277.975,283.3892857142857,275.72142857142853,8.690178571428572,-10.0,0.0,0.0,-44.25,0.0875,0.2375,0.6,0.9285714285714286,1.8642857142857143,2012-12-24,Hiver
4389,201252,23,HAUTE-NORMANDIE,18.482142857142858,228.66071428571428,9.380357142857145,282.9642857142857,280.1107142857143,82.69642857142857,19845.0,90.52631578947368,5.971830985915493,916.4646464646464,99994.19642857143,281.5392857142857,284.18571428571425,279.15,14.733928571428573,-10.0,0.0,0.0,-45.0,0.1625,0.4017857142857143,0.9857142857142857,1.6785714285714286,3.8428571428571425,2012-12-24,Hiver
4390,201252,91,LANGUEDOC-ROUSSILLON,19.107142857142858,198.125,4.146428571428571,283.63660714285714,279.9660714285714,79.28571428571429,26316.071428571428,74.60396039603961,4.102564102564102,1870.4123711340203,101323.125,280.82142857142856,286.0214285714286,278.43571428571425,7.284821428571428,-10.0,0.0,0.0,-49.166666666666664,0.0375,0.1089285714285714,0.4142857142857142,0.45,0.8642857142857142,2012-12-24,Hiver
4391,201252,74,LIMOUSIN,19.285714285714285,204.55357142857144,5.2491071428571425,281.8919642857143,279.39464285714286,85.09821428571429,29480.35714285714,82.98901098901099,4.169811320754717,1628.7912087912089,98778.92857142857,280.03214285714284,283.8892857142857,278.72142857142853,8.847272727272728,-10.0,0.0,0.0,-45.0,0.1642857142857142,0.3910714285714285,0.6642857142857144,1.5285714285714285,2.8285714285714287,2012-12-24,Hiver
4392,201252,41,LORRAINE,0.8518339768339769,193.21428571428572,3.340515796260477,284.8620535714286,280.4638392857143,76.875,22941.964285714286,77.08380069025021,4.472972972972973,1404.9461206896551,100070.444015444,281.3357142857143,288.05357142857144,279.2928571428571,6.159821428571428,-10.0,0.0,0.0,-45.0,0.05740025740025735,0.18908730158730155,0.3345238095238095,0.7571428571428571,1.5214285714285716,2012-12-24,Hiver
4393,201252,73,MIDI-PYRENEES,22.857142857142858,197.5,3.2098214285714284,281.9419642857143,278.3607142857143,79.19642857142857,30314.634146341465,68.0,3.625,2052.8169014084506,98943.03571428572,278.3357142857143,285.17857142857144,275.22142857142853,6.320535714285714,-10.0,0.0,0.0,-47.0,0.0339285714285714,0.0785714285714285,0.2571428571428572,0.3071428571428571,0.6142857142857142,2012-12-24,Hiver
4394,201252,31,NORD-PAS-DE-CALAIS,16.160714285714285,215.08928571428572,6.791071428571429,282.15714285714284,279.8169642857143,85.48214285714286,24066.964285714286,89.64285714285714,5.878048780487805,827.9761904761905,100225.17857142857,280.6035714285714,283.7107142857143,279.93571428571425,11.940178571428572,-10.0,0.0,0.0,-43.6,0.2107142857142857,0.7910714285714285,1.7142857142857142,3.128571428571429,6.0,2012-12-24,Hiver
4395,201252,52,PAYS-DE-LA-LOIRE,0.8518339768339769,193.21428571428572,3.340515796260477,284.8620535714286,280.4638392857143,76.875,22941.964285714286,77.08380069025021,4.472972972972973,1404.9461206896551,100070.444015444,281.3357142857143,288.05357142857144,279.2928571428571,6.159821428571428,-10.0,0.0,0.0,-45.0,0.05740025740025735,0.18908730158730155,0.3345238095238095,0.7571428571428571,1.5214285714285716,2012-12-24,Hiver
4396,201252,22,PICARDIE,16.160714285714285,215.08928571428572,6.791071428571429,282.15714285714284,279.8169642857143,85.48214285714286,24066.964285714286,89.64285714285714,5.878048780487805,827.9761904761905,100225.17857142857,280.6035714285714,283.7107142857143,279.93571428571425,11.940178571428572,-10.0,0.0,0.0,-43.6,0.2107142857142857,0.7910714285714285,1.7142857142857142,3.128571428571429,6.0,2012-12-24,Hiver
4397,201252,54,POITOU-CHARENTES,18.839285714285715,210.2678571428571,5.265178571428572,282.3044642857143,279.80625,85.16071428571429,22985.714285714286,78.20224719101124,3.592592592592593,1668.888888888889,100072.41071428572,279.7035714285714,284.85,278.2928571428571,9.190178571428572,-10.0,0.0,0.0,-45.0,0.1803571428571428,0.4285714285714285,0.6285714285714287,1.75,3.3857142857142857,2012-12-24,Hiver
4398,201252,93,PROVENCE-ALPES-COTE-D-AZUR,0.8518339768339769,193.21428571428572,3.340515796260477,284.8620535714286,280.4638392857143,76.875,22941.964285714286,77.08380069025021,4.472972972972973,1404.9461206896551,100070.444015444,281.3357142857143,288.05357142857144,279.2928571428571,6.159821428571428,-10.0,0.0,0.0,-45.0,0.05740025740025735,0.18908730158730155,0.3345238095238095,0.7571428571428571,1.5214285714285716,2012-12-24,Hiver
4399,201252,11,ILE-DE-FRANCE,20.178571428571427,221.25,5.578571428571428,282.6607142857143,279.4428571428571,80.78571428571429,25875.0,82.94642857142857,4.781818181818182,1558.928571428571,100295.71428571428,280.9653846153846,284.55,280.15,10.544642857142858,-10.0,0.0,0.0,-45.27272727272727,0.025,0.08,0.1428571428571428,0.3230769230769231,0.6666666666666666,2012-12-24,Hiver
4400,201252,82,RHONE-ALPES,16.428571428571427,176.96428571428572,5.035714285714286,282.6767857142857,277.1517857142857,70.03571428571429,37607.142857142855,70.46296296296296,3.764705882352941,2875.0,99220.0,280.32142857142856,284.8071428571429,278.0071428571428,8.932142857142857,-10.0,0.0,0.0,-45.0,0.0214285714285714,0.0821428571428571,0.0571428571428571,0.3571428571428571,0.7142857142857143,2012-12-24,Hiver
4401,201251,42,ALSACE,13.119266055045872,175.41284403669724,3.093577981651376,279.2077981651376,277.89495412844036,91.73394495412845,23951.376146788993,98.91666666666669,4.472972972972973,800.1030927835052,99328.99082568807,277.2607142857143,280.8071428571428,275.72142857142853,5.7678899082568815,-10.0,0.0,0.0,-45.0,0.1431192660550458,0.4715596330275229,0.8384615384615385,1.9285714285714288,3.985714285714286,2012-12-17,Hiver
4402,201251,72,AQUITAINE,3.3333333333333335,181.6216216216216,3.3828828828828827,283.3436936936937,281.3481981981982,87.93693693693693,24164.516129032258,79.3047619047619,5.089743589743589,1291.3829787234042,100642.43243243244,281.2388888888889,285.4425925925926,279.8642857142857,5.962162162162162,-10.0,0.0,0.0,-47.69230769230769,0.1765765765765765,0.5378378378378379,1.0571428571428572,2.3185185185185184,4.546153846153846,2012-12-17,Hiver
4403,201251,83,AUVERGNE,9.285714285714286,190.17857142857144,2.9107142857142856,281.25714285714287,276.99107142857144,75.375,26116.071428571428,79.72727272727273,4.333333333333333,2085.090909090909,97823.39285714286,278.6,283.6,276.0071428571428,6.576785714285714,-10.0,0.0,0.0,-44.72727272727273,0.0509090909090909,0.0909090909090909,0.6142857142857142,0.7571428571428571,1.5714285714285714,2012-12-17,Hiver
4404,201251,25,BASSE-NORMANDIE,11.454545454545457,206.9090909090909,5.079999999999999,281.89909090909094,280.2936363636364,89.87272727272727,17898.039215686276,92.27368421052633,6.5964912280701755,591.6304347826087,99899.90909090907,280.0314814814815,283.1574074074074,278.72142857142853,8.518181818181818,-10.0,0.0,0.0,-45.26315789473684,0.2436363636363636,0.7211009174311926,1.3785714285714286,2.776923076923077,4.961538461538462,2012-12-17,Hiver
4405,201251,26,BOURGOGNE,12.363636363636363,189.0909090909091,3.622727272727273,280.0372727272727,278.6109090909091,90.9,18855.454545454544,96.73958333333331,5.964285714285714,946.5591397849462,99272.09090909093,278.14285714285717,281.78214285714284,276.65,6.345454545454546,-10.0,0.0,0.0,-45.0,0.1309090909090909,0.4836363636363636,1.1925925925925926,2.0571428571428574,4.164285714285714,2012-12-17,Hiver
4406,201251,53,BRETAGNE,2.6219512195121952,209.26829268292684,5.800000000000001,283.45670731707315,281.72682926829265,89.26219512195122,14101.438848920863,92.1484375,6.141176470588236,563.2786885245902,100307.0731707317,281.90238095238095,284.6904761904762,280.15,10.652439024390244,-10.0,0.0,0.0,-45.0,0.3682926829268292,1.1695121951219514,1.655,4.623809523809523,10.142857142857142,2012-12-17,Hiver
4407,201251,24,CENTRE,12.5,207.2321428571429,3.960714285714286,281.0482142857143,279.29464285714283,88.97321428571429,15989.285714285714,91.13333333333334,6.071428571428571,1148.7128712871288,99909.10714285714,279.175,282.80357142857144,277.5071428571428,7.3446428571428575,-10.0,0.0,0.0,-45.0,0.1857142857142857,0.5857142857142856,1.7,2.4785714285714286,5.021428571428571,2012-12-17,Hiver
4408,201251,21,CHAMPAGNE-ARDENNE,17.545454545454547,202.8181818181818,4.130909090909091,280.7990909090909,278.6445454545455,86.50909090909092,15821.818181818182,96.63366336633663,6.178571428571429,834.3137254901961,100102.63636363635,278.9642857142857,282.275,277.15,7.518181818181819,-10.0,0.0,0.0,-45.0,0.1963636363636363,0.4727272727272727,0.9481481481481482,2.0,4.664285714285714,2012-12-17,Hiver
4409,201251,94,CORSE,12.857142857142858,165.0,2.7767857142857144,283.05535714285713,277.7919642857143,71.6875,32267.85714285714,60.656565656565654,2.9,1322.4719101123596,101515.71428571428,279.65714285714284,285.55,277.2928571428571,5.404464285714285,-10.0,0.0,0.0,-43.44827586206897,0.0214285714285714,0.0571428571428571,0.2214285714285714,0.2214285714285714,0.4428571428571429,2012-12-17,Hiver
4410,201251,43,FRANCHE-COMTE,13.545454545454543,169.54545454545453,3.1154545454545453,279.11636363636364,277.1872727272727,87.85454545454546,22298.18181818182,94.03,5.609756097560975,809.6039603960396,98640.45454545454,277.375,280.73214285714283,275.8642857142857,6.592727272727273,-10.0,0.0,0.0,-45.36585365853659,0.0981818181818181,0.3818181818181818,0.7111111111111111,1.6714285714285713,3.2142857142857144,2012-12-17,Hiver
4411,201251,23,HAUTE-NORMANDIE,11.25,224.19642857142856,6.805357142857143,282.0883928571429,280.18035714285713,88.16071428571429,14155.434782608696,90.85227272727272,6.5,672.0224719101124,100006.25,280.53214285714284,283.2964285714286,276.15,10.75357142857143,-10.0,0.0,0.0,-45.65217391304348,0.4125,1.167857142857143,2.2142857142857144,4.721428571428571,9.321428571428571,2012-12-17,Hiver
4412,201251,91,LANGUEDOC-ROUSSILLON,6.607142857142857,196.96428571428572,3.0142857142857147,282.2660714285714,279.0794642857143,81.55357142857143,29002.702702702703,72.22115384615384,4.283783783783784,2152.777777777778,100931.07142857143,279.2892857142857,284.85,277.43571428571425,5.3,-10.0,0.0,0.0,-48.888888888888886,0.0589285714285714,0.2107142857142857,0.3357142857142857,0.8214285714285714,1.7071428571428573,2012-12-17,Hiver
4413,201251,74,LIMOUSIN,9.017857142857142,193.92857142857144,3.665178571428571,281.1205357142857,279.50892857142856,89.84821428571429,23933.333333333332,90.68627450980392,5.333333333333333,887.8313253012049,98538.39285714286,279.45,282.7214285714286,278.07857142857137,6.4678571428571425,-10.0,0.0,0.0,-45.0,0.1366071428571428,0.53125,1.7428571428571429,2.5928571428571425,6.664285714285714,2012-12-17,Hiver
4414,201251,41,LORRAINE,0.8518339768339769,193.21428571428572,3.340515796260477,284.8620535714286,280.4638392857143,76.875,22941.964285714286,77.08380069025021,4.472972972972973,1404.9461206896551,100070.444015444,281.3357142857143,288.05357142857144,279.2928571428571,6.159821428571428,-10.0,0.0,0.0,-45.0,0.05740025740025735,0.18908730158730155,0.3345238095238095,0.7571428571428571,1.5214285714285716,2012-12-17,Hiver
4415,201251,73,MIDI-PYRENEES,3.125,172.05357142857142,2.917857142857143,282.56607142857143,278.85535714285714,78.85714285714286,24411.11111111111,75.72727272727273,4.535714285714286,1924.2857142857144,98575.53571428572,279.1642857142857,285.47857142857146,276.3642857142857,5.66875,-10.0,0.0,0.0,-46.47058823529411,0.0482142857142857,0.1035714285714285,0.25,0.45,0.942857142857143,2012-12-17,Hiver
4416,201251,31,NORD-PAS-DE-CALAIS,11.428571428571429,197.41071428571428,4.876785714285715,280.60625,279.5892857142857,93.33035714285714,13126.785714285714,92.97619047619048,6.9879518072289155,691.9277108433735,100334.19642857143,279.31428571428575,281.8357142857143,278.57857142857137,8.138392857142858,-10.0,0.0,0.0,-43.97260273972603,0.3071428571428571,0.8900900900900901,1.8962962962962964,3.642857142857143,7.078571428571428,2012-12-17,Hiver
4417,201251,52,PAYS-DE-LA-LOIRE,0.8518339768339769,193.21428571428572,3.340515796260477,284.8620535714286,280.4638392857143,76.875,22941.964285714286,77.08380069025021,4.472972972972973,1404.9461206896551,100070.444015444,281.3357142857143,288.05357142857144,279.2928571428571,6.159821428571428,-10.0,0.0,0.0,-45.0,0.05740025740025735,0.18908730158730155,0.3345238095238095,0.7571428571428571,1.5214285714285716,2012-12-17,Hiver
4418,201251,22,PICARDIE,11.428571428571429,197.41071428571428,4.876785714285715,280.60625,279.5892857142857,93.33035714285714,13126.785714285714,92.97619047619048,6.9879518072289155,691.9277108433735,100334.19642857143,279.31428571428575,281.8357142857143,278.57857142857137,8.138392857142858,-10.0,0.0,0.0,-43.97260273972603,0.3071428571428571,0.8900900900900901,1.8962962962962964,3.642857142857143,7.078571428571428,2012-12-17,Hiver
4419,201251,54,POITOU-CHARENTES,10.803571428571429,201.42857142857144,3.998214285714286,281.37589285714284,279.9214285714286,90.80357142857144,18925.882352941175,90.57731958762886,5.327272727272727,1159.0804597701149,99872.23214285714,279.41785714285714,283.2857142857143,277.7928571428571,6.9375,-10.0,0.0,0.0,-45.0,0.1357142857142857,0.5035714285714286,1.8357142857142856,2.564285714285714,5.621428571428572,2012-12-17,Hiver
4420,201251,93,PROVENCE-ALPES-COTE-D-AZUR,0.8518339768339769,193.21428571428572,3.340515796260477,284.8620535714286,280.4638392857143,76.875,22941.964285714286,77.08380069025021,4.472972972972973,1404.9461206896551,100070.444015444,281.3357142857143,288.05357142857144,279.2928571428571,6.159821428571428,-10.0,0.0,0.0,-45.0,0.05740025740025735,0.18908730158730155,0.3345238095238095,0.7571428571428571,1.5214285714285716,2012-12-17,Hiver
4421,201251,11,ILE-DE-FRANCE,12.678571428571429,210.0,3.9375,281.1535714285714,279.1767857142857,87.625,16642.85714285714,87.76785714285714,6.125,1150.178571428571,100223.39285714286,279.43571428571425,282.6357142857143,277.57857142857137,7.535714285714286,-10.0,0.0,0.0,-45.0,0.2142857142857142,0.6321428571428571,1.6,2.6,5.228571428571428,2012-12-17,Hiver
4422,201251,82,RHONE-ALPES,11.071428571428571,166.60714285714286,2.5946428571428575,279.71785714285716,277.45,85.92857142857143,18030.35714285714,84.48214285714286,5.181818181818182,2039.4545454545455,98932.32142857143,277.62857142857143,281.65,275.2928571428571,4.932142857142857,-10.0,0.0,0.0,-45.0,0.1071428571428571,0.3714285714285714,0.4285714285714285,1.4714285714285715,3.142857142857143,2012-12-17,Hiver
4423,201250,42,ALSACE,-18.333333333333332,195.3921568627451,3.5774509803921566,275.3401960784314,273.30196078431374,86.32352941176471,25925.49019607843,97.3375,4.472972972972973,1065.4761904761904,99142.45098039215,272.834,276.67400000000004,271.3807692307692,6.657843137254902,-10.0,0.0,0.0,-45.0,0.080392156862745,0.2509803921568627,0.6076923076923078,1.056,1.8230769230769233,2012-12-10,Hiver
4424,201250,72,AQUITAINE,-20.089285714285715,170.17857142857142,3.255357142857143,279.60714285714283,277.0678571428571,84.57142857142857,17568.75,83.04587155963303,4.418918918918919,1485.3846153846157,100264.64285714286,276.75,281.85714285714283,275.0071428571428,5.916071428571429,-10.0,0.0,0.0,-46.8421052631579,0.1107142857142857,0.3279279279279279,0.7703703703703704,1.2148148148148148,2.307142857142857,2012-12-10,Hiver
4425,201250,83,AUVERGNE,-21.071428571428573,183.92857142857144,4.392857142857143,278.15714285714284,273.7732142857143,73.41071428571429,27446.428571428572,72.23214285714286,4.5576923076923075,1757.6923076923076,97477.32142857143,275.31428571428575,280.32142857142856,272.2928571428571,8.691071428571428,-10.0,0.0,0.0,-45.0,0.0072727272727272,0.1259259259259259,0.0461538461538461,0.2857142857142857,0.5428571428571428,2012-12-10,Hiver
4426,201250,25,BASSE-NORMANDIE,-27.142857142857142,177.85714285714286,3.9267857142857143,277.2419642857143,275.2758928571429,87.13392857142857,19755.35714285714,72.63829787234043,4.350877192982456,1501.0227272727273,99709.82142857143,275.0464285714286,279.075,272.57857142857137,7.232142857142857,-10.0,0.0025,0.0006451612903225,-46.45161290322581,0.1321428571428571,0.4017857142857143,0.7285714285714285,1.5285714285714285,2.942857142857143,2012-12-10,Hiver
4427,201250,26,BOURGOGNE,-24.705882352941178,189.90196078431373,4.22843137254902,276.5303921568627,274.2480392156863,85.09803921568627,21292.156862745094,88.32530120481928,4.7407407407407405,1343.452380952381,99017.64705882352,273.978,278.106,272.5346153846154,7.431372549019608,-10.0,0.0,0.0,-45.0,0.1705882352941176,0.4627450980392157,0.8307692307692308,1.704,3.3,2012-12-10,Hiver
4428,201250,53,BRETAGNE,-32.20238095238095,172.61904761904762,4.836309523809524,278.927380952381,276.44146341463414,83.78048780487805,17078.169014084506,77.60526315789474,4.426829268292683,1422.4193548387098,100061.13095238096,276.8404761904762,280.95476190476194,274.43571428571425,8.888095238095238,-10.0,0.0,0.0,-45.0,0.1702380952380952,0.6214285714285714,1.1142857142857143,2.5428571428571427,5.1571428571428575,2012-12-10,Hiver
4429,201250,24,CENTRE,-22.142857142857142,188.30357142857144,4.26875,277.4642857142857,274.93035714285713,83.76785714285714,18915.178571428572,73.46153846153847,4.68,1672.5,99654.10714285714,275.0464285714286,279.4,273.43571428571425,7.60625,-10.0,0.0,0.0,-44.55882352941177,0.1339285714285714,0.4125,0.6428571428571429,1.5214285714285716,3.085714285714286,2012-12-10,Hiver
4430,201250,21,CHAMPAGNE-ARDENNE,-18.125,204.19642857142856,4.567857142857142,276.55357142857144,274.1223214285714,83.90178571428571,14849.107142857143,90.63953488372093,6.0,1003.734939759036,99903.48214285714,273.9428571428571,278.5357142857143,272.15,7.829464285714286,-10.0,0.0,0.0,-45.0,0.1464285714285714,0.3410714285714286,0.4642857142857143,1.3142857142857145,1.9285714285714288,2012-12-10,Hiver
4431,201250,94,CORSE,-6.071428571428571,151.51785714285714,3.1,282.3901785714286,276.5544642857143,68.73214285714286,26732.14285714286,61.35,3.225,1537.7777777777778,101394.91071428572,278.4428571428571,285.32142857142856,275.7928571428571,5.650892857142857,-10.0,0.0,0.0,-44.43037974683544,0.0946428571428571,0.2410714285714285,0.0785714285714285,0.9714285714285714,1.885714285714286,2012-12-10,Hiver
4432,201250,43,FRANCHE-COMTE,-20.392156862745097,189.80392156862743,3.634313725490196,275.1392156862745,272.50882352941176,82.48039215686275,21507.843137254906,90.8735632183908,5.357142857142857,976.6279069767442,98382.0588235294,272.654,276.382,271.30384615384617,7.014705882352941,-10.0,0.0072151898734177,0.0009523809523809,-44.285714285714285,0.1784313725490196,0.5607843137254902,1.053846153846154,2.264,4.346153846153846,2012-12-10,Hiver
4433,201250,23,HAUTE-NORMANDIE,-28.482142857142858,179.28571428571428,6.167857142857143,278.09285714285716,275.18571428571425,81.77678571428571,18386.458333333332,74.65432098765432,4.430769230769231,1246.3855421686746,99879.91071428572,276.125,279.73214285714283,271.43571428571425,9.845535714285717,-10.0,0.0,0.0,-45.65217391304348,0.0964285714285714,0.4267857142857142,1.1428571428571428,1.7357142857142858,3.335714285714286,2012-12-10,Hiver
4434,201250,91,LANGUEDOC-ROUSSILLON,-15.714285714285714,181.6071428571429,3.636607142857143,279.84375,275.7598214285714,77.13392857142857,21320.535714285714,70.21904761904761,3.8676470588235294,1935.9302325581396,100578.92857142857,276.1714285714286,282.4535714285714,274.2928571428571,6.378571428571428,-10.0,0.0,0.0,-48.0,0.0303571428571428,0.1693693693693694,0.4571428571428572,0.725925925925926,1.053846153846154,2012-12-10,Hiver
4435,201250,74,LIMOUSIN,-22.767857142857142,190.3571428571429,4.648214285714286,277.8901785714286,275.22589285714287,83.10714285714286,26500.0,87.47524752475248,5.849056603773585,755.0,98155.26785714286,275.8357142857143,279.61071428571427,274.15,8.476785714285715,-10.0,0.0,0.0,-44.57142857142857,0.4178571428571428,1.269642857142857,2.4714285714285715,4.735714285714286,7.964285714285714,2012-12-10,Hiver
4436,201250,41,LORRAINE,0.8518339768339769,193.21428571428572,3.340515796260477,284.8620535714286,280.4638392857143,76.875,22941.964285714286,77.08380069025021,4.472972972972973,1404.9461206896551,100070.444015444,281.3357142857143,288.05357142857144,279.2928571428571,6.159821428571428,-10.0,0.0,0.0,-45.0,0.05740025740025735,0.18908730158730155,0.3345238095238095,0.7571428571428571,1.5214285714285716,2012-12-10,Hiver
4437,201250,73,MIDI-PYRENEES,-16.875,171.875,2.2089285714285714,278.73839285714286,275.0125,78.3125,19601.204819277107,74.04938271604938,3.36,2143.030303030303,98164.10714285714,274.66785714285714,281.79285714285714,272.15,4.540178571428571,-10.0,0.0,0.0,-46.55172413793103,0.0107142857142857,0.0642857142857143,0.1642857142857142,0.2142857142857142,0.4428571428571429,2012-12-10,Hiver
4438,201250,31,NORD-PAS-DE-CALAIS,-19.910714285714285,202.1428571428571,4.695535714285714,276.55,274.43125,85.91071428571429,19603.571428571428,73.02409638554217,4.423076923076923,2022.179487179487,100232.76785714286,274.54285714285714,278.4714285714286,273.5071428571428,7.891071428571429,-10.0,0.0,0.0,-44.23076923076923,0.1035714285714285,0.2321428571428571,0.4928571428571429,0.9,1.8642857142857143,2012-12-10,Hiver
4439,201250,52,PAYS-DE-LA-LOIRE,0.8518339768339769,193.21428571428572,3.340515796260477,284.8620535714286,280.4638392857143,76.875,22941.964285714286,77.08380069025021,4.472972972972973,1404.9461206896551,100070.444015444,281.3357142857143,288.05357142857144,279.2928571428571,6.159821428571428,-10.0,0.0,0.0,-45.0,0.05740025740025735,0.18908730158730155,0.3345238095238095,0.7571428571428571,1.5214285714285716,2012-12-10,Hiver
4440,201250,22,PICARDIE,-19.910714285714285,202.1428571428571,4.695535714285714,276.55,274.43125,85.91071428571429,19603.571428571428,73.02409638554217,4.423076923076923,2022.179487179487,100232.76785714286,274.54285714285714,278.4714285714286,273.5071428571428,7.891071428571429,-10.0,0.0,0.0,-44.23076923076923,0.1035714285714285,0.2321428571428571,0.4928571428571429,0.9,1.8642857142857143,2012-12-10,Hiver
4441,201250,54,POITOU-CHARENTES,-23.660714285714285,189.82142857142856,4.83125,278.11160714285717,275.6919642857143,84.5,20152.941176470587,85.3,5.30188679245283,1264.7368421052631,99531.96428571428,275.7892857142857,280.0392857142857,274.07857142857137,8.366071428571429,-10.0,0.0,0.0,-45.0,0.3,0.8357142857142856,1.7571428571428571,2.8285714285714287,5.178571428571429,2012-12-10,Hiver
4442,201250,93,PROVENCE-ALPES-COTE-D-AZUR,0.8518339768339769,193.21428571428572,3.340515796260477,284.8620535714286,280.4638392857143,76.875,22941.964285714286,77.08380069025021,4.472972972972973,1404.9461206896551,100070.444015444,281.3357142857143,288.05357142857144,279.2928571428571,6.159821428571428,-10.0,0.0,0.0,-45.0,0.05740025740025735,0.18908730158730155,0.3345238095238095,0.7571428571428571,1.5214285714285716,2012-12-10,Hiver
4443,201250,11,ILE-DE-FRANCE,-21.25,184.82142857142856,3.8392857142857144,277.19464285714287,274.5785714285714,83.14285714285714,21294.64285714286,65.54545454545455,4.645833333333333,1683.6538461538462,100026.42857142857,274.62857142857143,279.1714285714286,272.72142857142853,7.014285714285714,-10.0,0.0,0.0,-44.42307692307692,0.0642857142857143,0.325,0.6142857142857142,1.3571428571428572,2.742857142857143,2012-12-10,Hiver
4444,201250,82,RHONE-ALPES,-19.107142857142858,172.32142857142858,4.355357142857143,277.9142857142857,273.9517857142857,75.83928571428571,22946.428571428572,81.27272727272727,4.961538461538462,1301.923076923077,98618.03571428572,275.6571428571429,279.4428571428571,274.15,7.146428571428571,-10.0,0.0,0.0,-45.283018867924525,0.0642857142857143,0.2107142857142857,0.2571428571428572,0.7428571428571429,1.542857142857143,2012-12-10,Hiver
4445,201249,42,ALSACE,-2.0535714285714284,195.08928571428572,3.4625,274.1330357142857,272.2455357142857,87.41071428571429,25937.5,97.89010989010988,4.472972972972973,741.6129032258065,99095.80357142857,271.94642857142856,275.75,270.07857142857137,6.361607142857143,-10.0,0.0,0.0,-45.0,0.0517857142857142,0.2321428571428571,0.45,0.9357142857142856,1.8928571428571428,2012-12-03,Hiver
4446,201249,72,AQUITAINE,7.946428571428571,238.125,4.001785714285714,279.73660714285717,277.04464285714283,83.66964285714286,26448.484848484848,74.90291262135922,4.8,1361.734693877551,100777.58928571428,277.2607142857143,282.10714285714283,275.8642857142857,7.175892857142857,-10.0,0.0,0.0,-48.54545454545455,0.2473214285714285,0.75,1.9785714285714284,3.0785714285714287,6.585714285714286,2012-12-03,Hiver
4447,201249,83,AUVERGNE,5.714285714285714,206.6071428571429,3.2214285714285715,276.84464285714284,272.75178571428575,75.01785714285714,20714.285714285714,84.55357142857143,5.785714285714286,1149.107142857143,97710.71428571428,274.50714285714287,278.74285714285713,273.15,7.760714285714286,-10.0,0.0,0.0,-45.0,0.0461538461538461,0.073076923076923,0.2153846153846154,0.3230769230769231,0.8333333333333334,2012-12-03,Hiver
4448,201249,25,BASSE-NORMANDIE,4.324324324324325,259.4594594594595,4.683783783783784,277.8355855855856,275.5373873873874,85.32432432432432,22058.55855855856,87.68041237113403,5.6,890.4807692307693,100160.18018018018,275.4203703703704,279.72777777777776,273.7653846153846,8.334234234234234,-10.0,0.0014814814814814,0.0003333333333333,-46.5,0.1720720720720721,0.4828828828828829,0.9428571428571428,2.0,4.023076923076923,2012-12-03,Hiver
4449,201249,26,BOURGOGNE,2.3214285714285716,226.78571428571428,3.5482142857142853,275.81071428571425,274.01160714285714,88.25,21959.821428571428,94.31067961165049,6.153846153846154,742.6315789473684,99141.33928571428,273.5392857142857,277.39285714285717,271.93571428571425,6.493693693693694,-10.0,0.0012280701754385,0.0017391304347826,-45.65217391304348,0.1625,0.4785714285714286,1.05,1.9642857142857144,3.9214285714285713,2012-12-03,Hiver
4450,201249,53,BRETAGNE,9.583333333333334,264.9404761904762,5.0285714285714285,280.1642857142857,276.7184523809524,79.47619047619048,27722.222222222223,78.79032258064517,5.476190476190476,932.9545454545456,100871.60714285714,278.0404761904762,281.9904761904762,275.0071428571428,9.682738095238095,-10.0,0.0,0.0,-45.0,0.1333333333333333,0.4571428571428571,0.9666666666666668,1.9,3.7285714285714286,2012-12-03,Hiver
4451,201249,24,CENTRE,0.8928571428571429,243.125,3.5749999999999997,276.6589285714286,274.8517857142857,88.17857142857143,15394.642857142857,88.25,5.948717948717949,817.2549019607843,99904.01785714286,274.11785714285713,278.3964285714286,272.57857142857137,6.7009009009009,-10.0,0.0065,0.0010526315789473,-45.0,0.1803571428571428,0.4696428571428571,1.0285714285714287,1.8071428571428572,3.7,2012-12-03,Hiver
4452,201249,21,CHAMPAGNE-ARDENNE,-4.821428571428571,241.42857142857144,4.089285714285714,275.53839285714287,273.52410714285713,86.59821428571429,15737.5,95.53921568627452,6.178571428571429,679.1666666666666,100008.125,273.3464285714286,277.2892857142857,271.5071428571428,7.309821428571429,-10.0,0.0006578947368421,0.0007407407407407,-45.55555555555556,0.0774774774774774,0.2702702702702703,0.2928571428571428,0.985185185185185,2.15,2012-12-03,Hiver
4453,201249,94,CORSE,18.214285714285715,207.05357142857144,4.532142857142857,282.09196428571425,274.01160714285714,59.142857142857146,30473.214285714286,53.265306122448976,3.168831168831169,1456.5217391304348,100948.21428571428,278.4214285714286,285.32142857142856,276.43571428571425,8.89642857142857,-10.0,0.0,0.0,-43.7037037037037,0.0678571428571428,0.2035714285714285,0.6142857142857142,0.8357142857142856,1.7285714285714284,2012-12-03,Hiver
4454,201249,43,FRANCHE-COMTE,0.8035714285714286,210.625,3.4857142857142853,274.1669642857143,272.14285714285717,86.375,22726.785714285714,95.55238095238096,6.3,724.0196078431372,98396.96428571428,272.31071428571425,275.54285714285714,270.7928571428571,6.55,-10.0,0.0217721518987341,0.003076923076923,-44.61538461538461,0.0910714285714285,0.2625,0.4571428571428572,1.05,2.064285714285714,2012-12-03,Hiver
4455,201249,23,HAUTE-NORMANDIE,3.3333333333333335,260.81081081081084,6.763963963963963,279.1166666666667,275.87792792792794,80.72072072072072,17039.0,86.10526315789474,6.042857142857143,920.4040404040404,100297.38738738738,277.04285714285714,280.45714285714286,271.0071428571428,10.785585585585586,-10.0,0.01,0.0,-46.15384615384615,0.1747747747747747,0.7000000000000001,1.1071428571428572,2.7285714285714286,5.478571428571429,2012-12-03,Hiver
4456,201249,91,LANGUEDOC-ROUSSILLON,5.892857142857143,245.80357142857144,4.464285714285714,279.45,273.98125,69.80357142857143,37098.21428571428,57.25490196078432,3.2941176470588234,1829.7619047619048,100855.80357142857,276.43928571428575,282.10714285714283,274.65,7.682142857142857,-10.0,0.0,0.0,-48.52941176470589,0.0473214285714285,0.2571428571428572,0.5642857142857143,1.042857142857143,2.157142857142857,2012-12-03,Hiver
4457,201249,74,LIMOUSIN,6.696428571428571,242.32142857142856,3.8294642857142858,276.9973214285714,274.66517857142856,85.08035714285714,27028.571428571428,85.8019801980198,5.530612244897959,724.945054945055,98592.23214285714,274.475,279.2035714285714,273.07857142857137,7.26875,-10.0,0.0,0.0,-45.0,0.2535714285714285,0.5232142857142857,1.4357142857142855,2.092857142857143,4.364285714285714,2012-12-03,Hiver
4458,201249,41,LORRAINE,0.8518339768339769,193.21428571428572,3.340515796260477,284.8620535714286,280.4638392857143,76.875,22941.964285714286,77.08380069025021,4.472972972972973,1404.9461206896551,100070.444015444,281.3357142857143,288.05357142857144,279.2928571428571,6.159821428571428,-10.0,0.0,0.0,-45.0,0.05740025740025735,0.18908730158730155,0.3345238095238095,0.7571428571428571,1.5214285714285716,2012-12-03,Hiver
4459,201249,73,MIDI-PYRENEES,5.0,246.16071428571428,3.939285714285714,278.9857142857143,275.8723214285714,80.98214285714286,23626.506024096387,78.07692307692308,5.428571428571429,1306.081081081081,98634.01785714286,276.675,281.55357142857144,274.65,7.630357142857143,-10.0,0.0,0.0,-46.5,0.2455357142857142,0.8232142857142858,1.407142857142857,3.35,6.671428571428572,2012-12-03,Hiver
4460,201249,31,NORD-PAS-DE-CALAIS,-4.910714285714286,222.2321428571429,4.6553571428571425,276.3080357142857,274.3589285714286,87.33928571428571,18864.864864864863,75.0,5.333333333333333,1287.875,100363.83928571428,273.90714285714284,278.1714285714286,271.57857142857137,7.705357142857143,-10.0,0.002,0.0003846153846153,-44.23076923076923,0.1225225225225225,0.4963963963963964,0.5071428571428571,1.8296296296296295,3.6153846153846154,2012-12-03,Hiver
4461,201249,52,PAYS-DE-LA-LOIRE,0.8518339768339769,193.21428571428572,3.340515796260477,284.8620535714286,280.4638392857143,76.875,22941.964285714286,77.08380069025021,4.472972972972973,1404.9461206896551,100070.444015444,281.3357142857143,288.05357142857144,279.2928571428571,6.159821428571428,-10.0,0.0,0.0,-45.0,0.05740025740025735,0.18908730158730155,0.3345238095238095,0.7571428571428571,1.5214285714285716,2012-12-03,Hiver
4462,201249,22,PICARDIE,-4.910714285714286,222.2321428571429,4.6553571428571425,276.3080357142857,274.3589285714286,87.33928571428571,18864.864864864863,75.0,5.333333333333333,1287.875,100363.83928571428,273.90714285714284,278.1714285714286,271.57857142857137,7.705357142857143,-10.0,0.002,0.0003846153846153,-44.23076923076923,0.1225225225225225,0.4963963963963964,0.5071428571428571,1.8296296296296295,3.6153846153846154,2012-12-03,Hiver
4463,201249,54,POITOU-CHARENTES,5.357142857142857,249.55357142857144,3.9017857142857144,277.36875,275.2642857142857,86.65178571428571,20829.761904761905,83.15463917525773,5.384615384615385,879.3406593406594,99916.875,274.5357142857143,279.56071428571425,273.22142857142853,7.191891891891893,-10.0,0.0017948717948717,0.0011428571428571,-45.42857142857143,0.2142857142857142,0.4696428571428571,0.9928571428571428,1.9,3.907142857142857,2012-12-03,Hiver
4464,201249,93,PROVENCE-ALPES-COTE-D-AZUR,0.8518339768339769,193.21428571428572,3.340515796260477,284.8620535714286,280.4638392857143,76.875,22941.964285714286,77.08380069025021,4.472972972972973,1404.9461206896551,100070.444015444,281.3357142857143,288.05357142857144,279.2928571428571,6.159821428571428,-10.0,0.0,0.0,-45.0,0.05740025740025735,0.18908730158730155,0.3345238095238095,0.7571428571428571,1.5214285714285716,2012-12-03,Hiver
4465,201249,11,ILE-DE-FRANCE,-2.142857142857143,239.1071428571429,3.7196428571428575,276.38392857142856,274.4607142857143,87.28571428571429,15644.642857142857,86.42857142857143,5.846153846153846,846.3636363636364,100244.10714285714,273.85714285714283,278.0857142857143,271.72142857142853,6.671428571428572,-10.0,0.0054545454545454,0.000754716981132,-44.716981132075475,0.1285714285714286,0.3571428571428571,0.7285714285714285,1.2142857142857142,2.6,2012-12-03,Hiver
4466,201249,82,RHONE-ALPES,5.535714285714286,199.6428571428571,3.310714285714286,275.4428571428571,272.5357142857143,81.32142857142857,20671.428571428572,90.83928571428572,6.555555555555555,1362.037037037037,98721.07142857143,273.87142857142857,276.7714285714286,272.72142857142853,6.373214285714285,-10.0,0.0117647058823529,0.0005357142857142,-45.0,0.0821428571428571,0.1892857142857142,0.3142857142857143,0.7857142857142857,2.0571428571428574,2012-12-03,Hiver
4467,201248,42,ALSACE,5.089285714285714,243.4821428571429,3.6142857142857143,277.33125,275.025,85.41071428571429,23510.714285714286,99.05882352941175,4.472972972972973,811.4772727272727,98617.5,275.9142857142857,278.925,274.07857142857137,6.304464285714286,-10.0,0.0,0.0,-45.0,0.1446428571428571,0.4517857142857143,0.65,1.7714285714285716,3.507142857142857,2012-11-26,Automne
4468,201248,72,AQUITAINE,14.732142857142858,255.9821428571429,3.7669642857142858,278.74821428571425,276.3705357142857,85.29464285714286,26381.25,74.9126213592233,5.276315789473684,1239.90099009901,100015.26785714286,276.6642857142857,280.85,275.5071428571428,6.5625,-10.0,0.0,0.0,-47.19512195121951,0.1017857142857142,0.2553571428571429,0.5071428571428571,0.95,1.5071428571428571,2012-11-26,Automne
4469,201248,83,AUVERGNE,10.892857142857142,213.3928571428571,3.1339285714285716,277.43928571428575,274.45535714285717,81.28571428571429,18123.214285714286,86.98214285714286,5.963636363636364,850.0,97065.71428571428,275.2785714285714,279.39285714285717,273.15,6.2625,-10.0,0.0,0.0,-45.0,0.0185185185185185,0.1037037037037037,0.15,0.3857142857142857,0.7714285714285714,2012-11-26,Automne
4470,201248,25,BASSE-NORMANDIE,16.90909090909091,227.27272727272728,3.689090909090909,278.3818181818182,276.19363636363636,86.15454545454546,23281.65137614679,79.74193548387096,5.15,858.0808080808081,99781.45454545454,276.4321428571429,280.24642857142857,274.2928571428571,6.78909090909091,-10.0,0.0,0.0,-46.22950819672131,0.0763636363636363,0.2636363636363636,0.437037037037037,0.9785714285714284,2.028571428571429,2012-11-26,Automne
4471,201248,26,BOURGOGNE,10.357142857142858,239.0178571428571,3.53125,277.52410714285713,275.3098214285714,86.08035714285714,21304.464285714286,96.20224719101124,6.260869565217392,742.289156626506,98616.51785714286,276.0964285714286,279.38214285714287,274.15,6.3374999999999995,-10.0,0.0,0.0,-45.65217391304348,0.0732142857142857,0.2357142857142857,0.3142857142857143,0.9142857142857144,1.75,2012-11-26,Automne
4472,201248,53,BRETAGNE,23.571428571428573,224.70238095238096,4.2994047619047615,279.74583333333334,277.002380952381,83.41071428571429,24045.070422535213,85.84297520661157,5.901234567901234,1006.641791044776,100424.16666666669,277.6142857142857,281.752380952381,274.22142857142853,8.031547619047618,-10.0,0.0,0.0,-42.857142857142854,0.169047619047619,0.4347305389221556,0.9317073170731708,2.0634146341463415,3.93076923076923,2012-11-26,Automne
4473,201248,24,CENTRE,12.142857142857142,229.7321428571429,3.0732142857142857,278.00089285714284,275.93392857142857,87.125,15136.607142857143,84.62264150943396,6.014285714285714,684.0860215053764,99466.78571428572,276.45,279.84285714285716,274.65,5.827678571428572,-10.0,0.0,0.0,-45.39473684210526,0.0162162162162162,0.0486486486486486,0.0666666666666666,0.2214285714285714,0.3857142857142857,2012-11-26,Automne
4474,201248,21,CHAMPAGNE-ARDENNE,12.884615384615383,234.03846153846155,3.0721153846153846,276.8692307692308,274.975,87.79807692307692,12420.192307692309,93.84444444444443,6.074074074074074,780.5555555555555,99700.57692307692,274.7423076923077,278.73846153846154,272.7653846153846,5.595192307692307,-10.0,0.0,0.0,-45.0,0.0307692307692307,0.05,0.0538461538461538,0.1692307692307692,0.3538461538461538,2012-11-26,Automne
4475,201248,94,CORSE,-22.321428571428573,166.25,3.775,284.4741071428571,280.4419642857143,77.17857142857143,23730.35714285714,78.3177570093458,4.209302325581396,1150.0,100037.76785714286,281.30357142857144,286.98214285714283,279.07857142857137,7.003571428571428,-10.0,0.0,0.0,-43.714285714285715,0.4267857142857142,1.1117117117117117,2.162962962962963,3.837037037037037,7.992307692307692,2012-11-26,Automne
4476,201248,43,FRANCHE-COMTE,5.178571428571429,233.4821428571429,3.508035714285714,276.85625,274.7107142857143,86.16071428571429,20198.214285714286,93.50537634408602,6.414634146341464,645.3846153846154,97885.26785714286,275.56428571428575,278.51785714285717,273.7928571428571,6.35625,-10.0,0.0011940298507462,0.0012195121951219,-43.90243902439025,0.2633928571428571,0.8089285714285713,1.35,3.207142857142857,6.428571428571429,2012-11-26,Automne
4477,201248,23,HAUTE-NORMANDIE,17.857142857142858,238.21428571428572,5.489285714285714,279.49642857142857,276.0598214285714,79.59821428571429,16298.924731182797,79.48837209302326,5.5,1043.6046511627908,100005.44642857143,277.9203703703704,281.06851851851854,271.8642857142857,8.590178571428572,-10.0,0.0,0.0,-44.44444444444444,0.0767857142857142,0.2648648648648649,0.6222222222222222,1.0814814814814817,2.169230769230769,2012-11-26,Automne
4478,201248,91,LANGUEDOC-ROUSSILLON,9.285714285714286,273.92857142857144,5.084821428571429,280.2035714285714,275.32142857142856,73.08928571428571,33776.78571428572,72.40566037735849,4.871794871794871,1322.7722772277227,99925.35714285714,278.44642857142856,282.3392857142857,277.3642857142857,8.449107142857143,-10.0,0.0,0.0,-48.94736842105263,0.09009009009009,0.2327272727272727,0.5629629629629629,1.0592592592592591,2.0307692307692307,2012-11-26,Automne
4479,201248,74,LIMOUSIN,17.09090909090909,238.1818181818182,3.668181818181818,277.12545454545455,275.2518181818182,88.0,19375.0,89.69072164948453,6.1923076923076925,679.4736842105264,98013.45454545454,275.78214285714284,278.9428571428572,274.65,6.39,-10.0,0.0,0.0,-45.0,0.0348623853211009,0.1064220183486238,0.1185185185185185,0.5785714285714285,1.0,2012-11-26,Automne
4480,201248,41,LORRAINE,0.8518339768339769,193.21428571428572,3.340515796260477,284.8620535714286,280.4638392857143,76.875,22941.964285714286,77.08380069025021,4.472972972972973,1404.9461206896551,100070.444015444,281.3357142857143,288.05357142857144,279.2928571428571,6.159821428571428,-10.0,0.0,0.0,-45.0,0.05740025740025735,0.18908730158730155,0.3345238095238095,0.7571428571428571,1.5214285714285716,2012-11-26,Automne
4481,201248,73,MIDI-PYRENEES,15.714285714285714,244.7321428571429,3.6625,277.8544642857143,274.97767857142856,82.11607142857143,23829.26829268293,78.46153846153847,5.396551724137931,899.3589743589744,97830.89285714286,275.5285714285714,279.875,273.8642857142857,6.853571428571429,-10.0,0.0,0.0,-46.0,0.1517857142857142,0.3839285714285714,0.6928571428571428,1.6642857142857144,3.2,2012-11-26,Automne
4482,201248,31,NORD-PAS-DE-CALAIS,12.5,233.66071428571428,3.93125,277.9794642857143,275.86785714285713,86.71428571428571,20471.428571428572,65.33333333333333,4.961038961038961,911.1688311688312,100156.60714285714,276.29285714285714,279.9142857142857,274.57857142857137,6.458035714285714,-10.0,0.0,0.0001298701298701,-43.63636363636363,0.0482142857142857,0.1927927927927927,0.4888888888888889,0.7333333333333334,1.507692307692308,2012-11-26,Automne
4483,201248,52,PAYS-DE-LA-LOIRE,0.8518339768339769,193.21428571428572,3.340515796260477,284.8620535714286,280.4638392857143,76.875,22941.964285714286,77.08380069025021,4.472972972972973,1404.9461206896551,100070.444015444,281.3357142857143,288.05357142857144,279.2928571428571,6.159821428571428,-10.0,0.0,0.0,-45.0,0.05740025740025735,0.18908730158730155,0.3345238095238095,0.7571428571428571,1.5214285714285716,2012-11-26,Automne
4484,201248,22,PICARDIE,12.5,233.66071428571428,3.93125,277.9794642857143,275.86785714285713,86.71428571428571,20471.428571428572,65.33333333333333,4.961038961038961,911.1688311688312,100156.60714285714,276.29285714285714,279.9142857142857,274.57857142857137,6.458035714285714,-10.0,0.0,0.0001298701298701,-43.63636363636363,0.0482142857142857,0.1927927927927927,0.4888888888888889,0.7333333333333334,1.507692307692308,2012-11-26,Automne
4485,201248,54,POITOU-CHARENTES,13.839285714285714,235.0,3.2821428571428575,277.825,276.03482142857143,88.75892857142857,16886.904761904763,92.04123711340206,6.191489361702128,687.5,99371.07142857143,276.18571428571425,279.8285714285714,274.65,5.790178571428571,-10.0,0.0,0.0,-45.55555555555556,0.0142857142857142,0.0321428571428571,0.0428571428571428,0.15,0.2142857142857142,2012-11-26,Automne
4486,201248,93,PROVENCE-ALPES-COTE-D-AZUR,0.8518339768339769,193.21428571428572,3.340515796260477,284.8620535714286,280.4638392857143,76.875,22941.964285714286,77.08380069025021,4.472972972972973,1404.9461206896551,100070.444015444,281.3357142857143,288.05357142857144,279.2928571428571,6.159821428571428,-10.0,0.0,0.0,-45.0,0.05740025740025735,0.18908730158730155,0.3345238095238095,0.7571428571428571,1.5214285714285716,2012-11-26,Automne
4487,201248,11,ILE-DE-FRANCE,11.964285714285714,219.1071428571429,3.3446428571428575,278.11785714285713,275.7714285714286,85.53571428571429,16457.14285714286,76.57142857142857,5.8936170212765955,678.8,99886.60714285714,276.50714285714287,279.85,274.57857142857137,6.071428571428571,-10.0,0.0,0.0,-45.283018867924525,0.0145454545454545,0.0472727272727272,0.0769230769230769,0.1857142857142857,0.3714285714285714,2012-11-26,Automne
4488,201248,82,RHONE-ALPES,8.928571428571429,231.6071428571429,4.794642857142857,277.2125,275.03035714285716,85.80357142857143,14995.535714285714,81.71428571428571,6.037735849056604,786.6666666666666,97957.32142857143,276.0285714285714,278.93571428571425,275.57857142857137,8.258928571428571,-10.0,0.013076923076923,0.0003636363636363,-45.27272727272727,0.5607142857142857,1.469090909090909,2.1,5.892307692307692,10.542857142857144,2012-11-26,Automne
4489,201247,42,ALSACE,0.8108108108108109,161.6216216216216,1.9657657657657657,279.78513513513514,278.31756756756755,91.27027027027027,11022.972972972972,98.67708333333331,4.472972972972973,674.6551724137931,99633.06306306306,277.3178571428571,281.74642857142857,276.22142857142853,3.852252252252253,-10.0,0.0,0.0,-45.0,0.0072072072072072,0.018018018018018,0.0214285714285714,0.0928571428571428,0.1571428571428571,2012-11-19,Automne
4490,201247,72,AQUITAINE,-2.3214285714285716,162.58928571428572,2.9348214285714285,283.8535714285714,281.2598214285714,84.79464285714286,19841.53846153846,81.10679611650485,3.7012987012987018,2227.4117647058824,100585.08928571428,280.8464285714286,286.5,279.07857142857137,5.421428571428572,-10.0,0.0,0.0,-47.77777777777778,0.0089285714285714,0.0214285714285714,0.0499999999999999,0.1071428571428571,0.4785714285714286,2012-11-19,Automne
4491,201247,83,AUVERGNE,-0.3571428571428571,137.67857142857142,2.1464285714285714,280.79464285714283,277.8232142857143,82.69642857142857,17808.928571428572,73.54545454545455,3.807692307692307,2376.470588235294,97920.17857142857,276.1642857142857,284.35,273.0071428571428,4.7124999999999995,-10.0,0.0,0.0,-44.44444444444444,0.0075471698113207,0.0188679245283018,0.0714285714285714,0.0769230769230769,0.1428571428571428,2012-11-19,Automne
4492,201247,25,BASSE-NORMANDIE,-12.410714285714286,172.41071428571428,4.529464285714286,282.17589285714286,279.925,86.26785714285714,21445.454545454544,86.67307692307692,5.066666666666666,1306.021505376344,100061.25,280.15714285714284,283.8392857142857,278.22142857142853,7.992857142857143,-10.0,0.0,0.0,-46.45161290322581,0.0821428571428571,0.2732142857142857,0.5071428571428571,1.0357142857142858,2.164285714285714,2012-11-19,Automne
4493,201247,26,BOURGOGNE,-0.8928571428571429,155.0,2.5500000000000003,280.83125,279.0258928571429,89.16071428571429,12654.017857142857,95.1875,5.56,1290.46875,99447.41071428572,278.0892857142857,283.1357142857143,276.93571428571425,4.6258928571428575,-10.0,0.0,0.0,-45.0,0.0089285714285714,0.0267857142857142,0.0571428571428571,0.1285714285714286,0.2571428571428572,2012-11-19,Automne
4494,201247,53,BRETAGNE,-18.6144578313253,182.59036144578317,5.953012048192772,283.56807228915665,281.12168674698796,85.3855421686747,20994.3661971831,90.3053435114504,6.416666666666667,796.16,100273.61445783133,281.41190476190474,285.35238095238094,279.43571428571425,10.77289156626506,-10.0,0.0,0.0,-44.34782608695652,0.3373493975903614,1.1126506024096383,2.238095238095238,4.023809523809524,8.078571428571427,2012-11-19,Automne
4495,201247,24,CENTRE,-5.405405405405405,165.04504504504504,3.236036036036036,281.9644144144144,279.7202702702703,86.46846846846847,14291.891891891892,88.64356435643565,5.788732394366197,1476.2222222222222,100100.09009009007,279.50357142857143,284.12142857142857,278.15,5.845045045045045,-10.0,0.0,0.0,-45.42857142857143,0.0072072072072072,0.0327272727272727,0.0888888888888888,0.1185185185185185,0.7076923076923077,2012-11-19,Automne
4496,201247,21,CHAMPAGNE-ARDENNE,-2.972972972972973,145.22522522522522,3.615315315315315,280.50405405405405,278.5995495495495,88.46846846846847,11763.963963963964,95.36363636363636,5.238095238095238,1154.4444444444443,100416.93693693694,277.5785714285714,283.07142857142856,276.15,6.233333333333333,-10.0,0.0,0.0,-45.55555555555556,0.0072072072072072,0.027027027027027,0.0428571428571428,0.1071428571428571,0.2428571428571428,2012-11-19,Automne
4497,201247,94,CORSE,18.660714285714285,150.98214285714286,2.386607142857143,286.78482142857143,283.6401785714286,81.89285714285714,26196.428571428572,61.35,2.3012048192771086,1097.8021978021975,101785.625,283.6142857142857,289.24285714285713,281.3642857142857,3.9017857142857144,-10.0,0.0,0.0,-43.59375,0.075,0.1410714285714285,0.0999999999999999,0.5571428571428572,1.15,2012-11-19,Automne
4498,201247,43,FRANCHE-COMTE,1.25,163.48214285714286,2.1125,279.72767857142856,277.6848214285714,87.625,11232.589285714286,90.24752475247524,4.9523809523809526,1229.264705882353,98919.19642857143,277.07142857142856,281.7892857142857,275.07857142857137,4.159821428571428,-10.0,0.0,0.0,-44.65116279069768,0.0071428571428571,0.0303571428571428,0.0571428571428571,0.1428571428571428,0.2142857142857142,2012-11-19,Automne
4499,201247,23,HAUTE-NORMANDIE,-15.585585585585584,185.5855855855856,7.440540540540541,282.8274774774775,280.2734234234234,84.68468468468468,15905.494505494506,84.9,6.350877192982456,850.1369863013699,100159.45945945944,281.3535714285714,284.1714285714286,277.2928571428571,11.793693693693692,-10.0,0.0,0.0,-44.34782608695652,0.1477477477477477,0.3798165137614678,0.7851851851851852,1.553846153846154,2.4583333333333335,2012-11-19,Automne
4500,201247,91,LANGUEDOC-ROUSSILLON,2.232142857142857,160.35714285714286,2.7455357142857144,284.40803571428575,282.0026785714286,85.83928571428571,17246.428571428572,77.19607843137256,3.918918918918919,2167.3563218390805,100923.57142857143,281.225,286.9142857142857,279.0071428571428,4.815178571428571,-10.0,0.0,0.0,-48.0,0.0035714285714285,0.0108108108108108,0.0214285714285714,0.0518518518518518,0.1538461538461538,2012-11-19,Automne
4501,201247,74,LIMOUSIN,0.0,165.63636363636363,3.382727272727273,282.43636363636364,279.42,82.24545454545455,28086.11111111111,86.23958333333333,4.538461538461538,2128.840579710145,98609.63636363635,279.8833333333333,284.43518518518516,278.5071428571428,5.774545454545455,-10.0,0.0,0.0,-45.0,0.0072727272727272,0.06,0.2285714285714285,0.2592592592592592,0.4785714285714286,2012-11-19,Automne
4502,201247,41,LORRAINE,0.8518339768339769,193.21428571428572,3.340515796260477,284.8620535714286,280.4638392857143,76.875,22941.964285714286,77.08380069025021,4.472972972972973,1404.9461206896551,100070.444015444,281.3357142857143,288.05357142857144,279.2928571428571,6.159821428571428,-10.0,0.0,0.0,-45.0,0.05740025740025735,0.18908730158730155,0.3345238095238095,0.7571428571428571,1.5214285714285716,2012-11-19,Automne
4503,201247,73,MIDI-PYRENEES,-3.2142857142857144,154.28571428571428,2.044642857142857,282.49821428571425,279.3910714285714,82.08035714285714,21506.024096385543,78.93506493506493,4.035087719298246,1915.78125,98485.26785714286,278.82142857142856,285.38214285714287,275.7928571428571,4.421428571428572,-10.0,0.0,0.0,-46.721311475409834,0.0053571428571428,0.0196428571428571,0.0357142857142857,0.1142857142857143,0.3714285714285714,2012-11-19,Automne
4504,201247,31,NORD-PAS-DE-CALAIS,-12.321428571428571,161.25,5.303571428571429,281.36160714285717,279.51875,88.66071428571429,15294.545454545454,79.80722891566265,5.375,1137.7027027027027,100640.44642857143,279.46785714285716,283.0214285714286,278.3642857142857,8.821428571428571,-10.0,0.0,0.0,-42.972972972972975,0.0410714285714285,0.1464285714285714,0.3142857142857143,0.6,1.2571428571428571,2012-11-19,Automne
4505,201247,52,PAYS-DE-LA-LOIRE,0.8518339768339769,193.21428571428572,3.340515796260477,284.8620535714286,280.4638392857143,76.875,22941.964285714286,77.08380069025021,4.472972972972973,1404.9461206896551,100070.444015444,281.3357142857143,288.05357142857144,279.2928571428571,6.159821428571428,-10.0,0.0,0.0,-45.0,0.05740025740025735,0.18908730158730155,0.3345238095238095,0.7571428571428571,1.5214285714285716,2012-11-19,Automne
4506,201247,22,PICARDIE,-12.321428571428571,161.25,5.303571428571429,281.36160714285717,279.51875,88.66071428571429,15294.545454545454,79.80722891566265,5.375,1137.7027027027027,100640.44642857143,279.46785714285716,283.0214285714286,278.3642857142857,8.821428571428571,-10.0,0.0,0.0,-42.972972972972975,0.0410714285714285,0.1464285714285714,0.3142857142857143,0.6,1.2571428571428571,2012-11-19,Automne
4507,201247,54,POITOU-CHARENTES,-3.482142857142857,165.89285714285714,3.3955357142857143,282.4232142857143,279.92857142857144,85.23214285714286,20024.404761904763,87.73684210526316,4.88,2134.7297297297296,99960.53571428572,279.4857142857143,284.6642857142857,278.3642857142857,5.710714285714286,-10.0,0.0,0.0,-45.0,0.0053571428571428,0.0535714285714285,0.2214285714285714,0.2285714285714286,0.4642857142857143,2012-11-19,Automne
4508,201247,93,PROVENCE-ALPES-COTE-D-AZUR,0.8518339768339769,193.21428571428572,3.340515796260477,284.8620535714286,280.4638392857143,76.875,22941.964285714286,77.08380069025021,4.472972972972973,1404.9461206896551,100070.444015444,281.3357142857143,288.05357142857144,279.2928571428571,6.159821428571428,-10.0,0.0,0.0,-45.0,0.05740025740025735,0.18908730158730155,0.3345238095238095,0.7571428571428571,1.5214285714285716,2012-11-19,Automne
4509,201247,11,ILE-DE-FRANCE,-8.545454545454545,175.27272727272728,3.3363636363636364,281.85,279.59363636363634,86.23636363636363,14400.0,86.49056603773585,5.913043478260869,1334.0816326530612,100474.36363636365,279.95714285714286,283.65714285714284,278.2928571428571,6.2690909090909095,-10.0,0.0,0.0,-45.6,0.0109090909090909,0.0481481481481481,0.1076923076923076,0.1692307692307692,1.3,2012-11-19,Automne
4510,201247,82,RHONE-ALPES,0.1818181818181818,157.0909090909091,3.029090909090909,281.8772727272727,279.1972727272727,84.4,11244.545454545454,83.56363636363636,4.829268292682927,1760.2439024390244,99037.63636363635,278.84285714285716,284.0,277.72142857142853,5.863636363636363,-10.0,0.0,0.0,-45.27272727272727,0.0109090909090909,0.0254545454545454,0.0428571428571428,0.0428571428571428,0.0857142857142857,2012-11-19,Automne
4511,201246,42,ALSACE,-9.642857142857142,155.98214285714286,1.5339285714285715,278.3071428571429,277.1705357142857,92.77678571428572,10165.625,99.13483146067416,4.472972972972973,521.6666666666666,99915.53571428572,276.31071428571425,280.2142857142857,275.0071428571428,3.1142857142857143,-10.0,0.0,0.0,-45.0,0.0017857142857142,0.0053571428571428,0.0142857142857142,0.0214285714285714,0.1142857142857143,2012-11-12,Automne
4512,201246,72,AQUITAINE,-13.482142857142858,146.875,2.7312499999999997,283.69464285714287,281.21875,85.76785714285714,17375.757575757576,58.9468085106383,3.587301587301587,2224.931506849315,100681.25,280.2035714285714,286.5928571428571,278.43571428571425,4.869642857142857,-10.0,0.0,0.0,-47.25,0.0357142857142857,0.0375,0.0,0.1428571428571428,0.1142857142857143,2012-11-12,Automne
4513,201246,83,AUVERGNE,-12.142857142857142,131.42857142857142,1.2660714285714287,280.00714285714287,277.28214285714284,84.28571428571429,17067.85714285714,42.47272727272728,3.4571428571428573,1785.2777777777778,98124.46428571428,274.9785714285714,284.2785714285714,272.0071428571428,2.8892857142857147,-10.0,0.0,0.0,-45.0,0.0,0.0,0.0,0.0,0.0666666666666666,2012-11-12,Automne
4514,201246,25,BASSE-NORMANDIE,-9.81981981981982,134.86486486486487,2.463963963963964,280.06081081081084,278.8274774774775,92.1891891891892,10817.924528301886,85.0,5.7924528301886795,732.1518987341772,100717.83783783784,278.00357142857143,282.1357142857143,276.8642857142857,4.174774774774774,-10.0,0.0,0.0,-46.45161290322581,0.0864864864864864,0.2126126126126126,0.2285714285714286,0.8285714285714285,1.6214285714285714,2012-11-12,Automne
4515,201246,26,BOURGOGNE,-11.964285714285714,130.35714285714286,1.875892857142857,278.9160714285714,277.8294642857143,93.00892857142856,9657.589285714286,92.79347826086956,4.7894736842105265,741.3793103448276,99739.64285714286,276.6107142857143,281.0,275.43571428571425,3.408035714285714,-10.0,0.0,0.0,-45.0,0.0035714285714285,0.0107142857142857,0.0142857142857142,0.0428571428571428,0.0571428571428571,2012-11-12,Automne
4516,201246,53,BRETAGNE,-11.011904761904765,159.28571428571428,3.014880952380953,282.19464285714287,280.3279761904762,88.70833333333333,12897.93103448276,77.18115942028986,4.493670886075949,1244.1379310344828,101100.89285714286,280.06666666666666,284.1904761904762,277.07857142857137,5.373214285714286,-10.0,0.0,0.0,-44.5945945945946,0.0351190476190476,0.1142857142857142,0.3047619047619047,0.4714285714285714,0.9642857142857144,2012-11-12,Automne
4517,201246,24,CENTRE,-11.696428571428571,122.32142857142856,2.174107142857143,279.11339285714286,278.03125,92.94642857142856,6782.142857142857,89.25242718446601,6.636363636363637,484.6666666666667,100537.85714285714,277.09285714285716,280.87857142857143,276.15,3.941071428571429,-10.0,0.0,0.0,-45.0,0.0142857142857142,0.0589285714285714,0.1785714285714285,0.2285714285714286,0.0714285714285714,2012-11-12,Automne
4518,201246,21,CHAMPAGNE-ARDENNE,-10.357142857142858,140.53571428571428,1.9660714285714287,278.42410714285717,277.0107142857143,90.74107142857144,8525.0,96.22448979591836,6.962962962962963,499.89473684210526,100852.5,276.1928571428571,279.9857142857143,274.2928571428571,3.738392857142857,-10.0,0.0,0.0,-45.0,0.0035714285714285,0.0125,0.0357142857142857,0.05,0.0714285714285714,2012-11-12,Automne
4519,201246,94,CORSE,-7.232142857142857,152.85714285714286,2.0223214285714284,287.59553571428575,284.5205357142857,82.52678571428571,23714.285714285714,70.93137254901961,3.72289156626506,1464.5833333333333,101627.05357142857,284.44642857142856,289.9857142857143,282.57857142857137,3.5053571428571426,-10.0,0.0,0.0,-43.88059701492537,0.0089285714285714,0.0339285714285714,0.0714285714285714,0.1142857142857143,0.3428571428571428,2012-11-12,Automne
4520,201246,43,FRANCHE-COMTE,-9.285714285714286,183.4821428571429,1.9651785714285712,278.7357142857143,277.275,90.71428571428572,10028.125,89.66,4.945945945945946,645.5696202531645,99163.03571428572,276.62142857142857,280.6464285714286,275.3642857142857,3.650892857142857,-10.0,0.0,0.0,-44.285714285714285,0.0017857142857142,0.0089285714285714,0.0214285714285714,0.0357142857142857,0.6214285714285716,2012-11-12,Automne
4521,201246,23,HAUTE-NORMANDIE,-8.11320754716981,164.71698113207546,4.093396226415094,281.49811320754714,279.64150943396226,88.83962264150944,8212.359550561798,81.8625,5.377358490566038,994.0625,100971.7924528302,279.64230769230767,283.15,275.65,6.518867924528302,-10.0,0.0,0.0,-46.36363636363637,0.0641509433962264,0.1735849056603773,0.4074074074074074,0.6461538461538462,1.2461538461538462,2012-11-12,Automne
4522,201246,91,LANGUEDOC-ROUSSILLON,-9.821428571428571,145.98214285714286,3.1142857142857143,284.3267857142857,281.03839285714287,81.375,22692.85714285714,67.23469387755102,4.921875,1336.0526315789473,100966.875,281.16785714285714,286.9321428571428,279.3642857142857,5.450892857142857,-10.0,0.0,0.0,-47.64705882352941,0.0142857142857142,0.0875,0.2642857142857143,0.3642857142857143,0.7642857142857142,2012-11-12,Automne
4523,201246,74,LIMOUSIN,-13.392857142857142,114.28571428571428,2.123214285714286,281.7,278.9214285714286,84.02678571428571,17831.03448275862,64.32894736842105,2.7435897435897436,3096.734693877551,98831.51785714286,278.24285714285713,284.625,276.65,3.7651785714285713,-10.0,0.0,0.0,-45.483870967741936,0.0053571428571428,0.0089285714285714,0.0071428571428571,0.0357142857142857,0.0714285714285714,2012-11-12,Automne
4524,201246,41,LORRAINE,0.8518339768339769,193.21428571428572,3.340515796260477,284.8620535714286,280.4638392857143,76.875,22941.964285714286,77.08380069025021,4.472972972972973,1404.9461206896551,100070.444015444,281.3357142857143,288.05357142857144,279.2928571428571,6.159821428571428,-10.0,0.0,0.0,-45.0,0.05740025740025735,0.18908730158730155,0.3345238095238095,0.7571428571428571,1.5214285714285716,2012-11-12,Automne
4525,201246,73,MIDI-PYRENEES,-11.160714285714286,159.46428571428572,2.1517857142857144,283.0830357142857,280.10714285714283,83.3125,20275.60975609756,60.33802816901409,4.0212765957446805,1488.9655172413793,98536.07142857143,278.99642857142857,286.32142857142856,276.07857142857137,4.299107142857143,-10.0,0.0,0.0,-46.271186440677965,0.0071428571428571,0.0375,0.0,0.0928571428571428,0.5,2012-11-12,Automne
4526,201246,31,NORD-PAS-DE-CALAIS,-5.0,155.44642857142858,3.2026785714285713,279.52232142857144,278.28035714285716,91.9375,6572.072072072072,83.26190476190476,6.594202898550725,544.0909090909091,101330.71428571428,277.9535714285714,280.9642857142857,277.22142857142853,5.335714285714286,-10.0,0.0,0.0,-43.84615384615385,0.0339285714285714,0.1214285714285714,0.1785714285714285,0.4285714285714285,0.9857142857142858,2012-11-12,Automne
4527,201246,52,PAYS-DE-LA-LOIRE,0.8518339768339769,193.21428571428572,3.340515796260477,284.8620535714286,280.4638392857143,76.875,22941.964285714286,77.08380069025021,4.472972972972973,1404.9461206896551,100070.444015444,281.3357142857143,288.05357142857144,279.2928571428571,6.159821428571428,-10.0,0.0,0.0,-45.0,0.05740025740025735,0.18908730158730155,0.3345238095238095,0.7571428571428571,1.5214285714285716,2012-11-12,Automne
4528,201246,22,PICARDIE,-5.0,155.44642857142858,3.2026785714285713,279.52232142857144,278.28035714285716,91.9375,6572.072072072072,83.26190476190476,6.594202898550725,544.0909090909091,101330.71428571428,277.9535714285714,280.9642857142857,277.22142857142853,5.335714285714286,-10.0,0.0,0.0,-43.84615384615385,0.0339285714285714,0.1214285714285714,0.1785714285714285,0.4285714285714285,0.9857142857142858,2012-11-12,Automne
4529,201246,54,POITOU-CHARENTES,-13.660714285714286,110.26785714285714,2.092857142857143,279.8383928571429,278.66785714285714,92.72321428571428,7815.294117647059,81.5111111111111,4.333333333333333,1496.078431372549,100289.28571428572,277.05,282.46785714285716,275.8642857142857,3.679464285714286,-10.0,0.0,0.0,-45.0,0.0053571428571428,0.0124999999999999,0.0071428571428571,0.0499999999999999,0.0571428571428571,2012-11-12,Automne
4530,201246,93,PROVENCE-ALPES-COTE-D-AZUR,0.8518339768339769,193.21428571428572,3.340515796260477,284.8620535714286,280.4638392857143,76.875,22941.964285714286,77.08380069025021,4.472972972972973,1404.9461206896551,100070.444015444,281.3357142857143,288.05357142857144,279.2928571428571,6.159821428571428,-10.0,0.0,0.0,-45.0,0.05740025740025735,0.18908730158730155,0.3345238095238095,0.7571428571428571,1.5214285714285716,2012-11-12,Automne
4531,201246,11,ILE-DE-FRANCE,-10.357142857142858,136.78571428571428,2.1589285714285715,278.875,277.74642857142857,92.51785714285714,5987.5,91.53571428571428,7.382978723404255,261.9148936170213,101013.75,277.29285714285714,280.0214285714286,276.2928571428571,4.0928571428571425,-10.0,0.0,0.0,-45.0,0.0249999999999999,0.1071428571428571,0.3571428571428571,0.4142857142857142,0.1142857142857143,2012-11-12,Automne
4532,201246,82,RHONE-ALPES,-9.464285714285714,169.64285714285714,2.8482142857142856,280.12857142857143,277.6482142857143,84.92857142857143,13958.92857142857,70.41071428571429,5.868421052631579,1202.051282051282,99232.85714285714,278.3071428571429,282.2357142857143,277.43571428571425,4.707142857142857,-10.0,0.0,0.0,-44.72727272727273,0.0,0.0035714285714285,0.0142857142857142,0.0142857142857142,0.2571428571428572,2012-11-12,Automne
4533,201245,42,ALSACE,30.892857142857142,194.55357142857144,2.0883928571428574,280.11339285714286,278.54017857142856,90.03571428571429,26647.321428571428,98.08791208791207,4.472972972972973,879.4594594594595,99368.21428571428,277.6107142857143,282.5678571428571,275.22142857142853,4.175,-10.0,0.0,0.0,-45.0,0.0875,0.3357142857142857,0.8642857142857142,1.3785714285714286,3.2214285714285715,2012-11-05,Automne
4534,201245,72,AQUITAINE,27.589285714285715,188.30357142857144,3.1901785714285715,283.2080357142857,280.0482142857143,81.6875,29515.625,73.76237623762377,4.0131578947368425,1918.8659793814431,100538.03571428572,280.36785714285713,285.7214285714286,278.7928571428571,5.809821428571429,-10.0,0.0,0.0,-46.875,0.11875,0.4410714285714285,0.7000000000000001,1.7571428571428571,4.214285714285714,2012-11-05,Automne
4535,201245,83,AUVERGNE,36.48148148148148,172.59259259259258,2.3074074074074074,281.712962962963,277.6296296296296,76.62962962962963,28296.296296296296,70.18867924528301,4.446808510638298,2061.7021276595747,97726.66666666669,278.56538461538463,284.6730769230769,275.57857142857137,5.098148148148148,-10.0,0.0,0.0,-43.84615384615385,0.0384615384615384,0.0833333333333333,0.3090909090909091,0.3818181818181818,0.96,2012-11-05,Automne
4536,201245,25,BASSE-NORMANDIE,36.63636363636363,209.0909090909091,2.6981818181818182,280.4372727272727,278.3727272727273,87.28181818181818,21147.272727272728,80.51612903225806,4.821428571428571,997.5555555555557,100270.09090909093,277.2357142857143,282.825,274.15,4.640909090909091,-10.0,0.0,0.0,-46.721311475409834,0.0454545454545454,0.1690909090909091,0.1629629629629629,0.692857142857143,1.8928571428571428,2012-11-05,Automne
4537,201245,26,BOURGOGNE,26.296296296296298,187.77777777777777,2.234259259259259,280.20092592592596,278.5074074074074,89.48148148148148,21373.14814814815,92.93406593406591,4.7407407407407405,1256.4383561643835,99321.20370370372,277.70185185185187,282.6277777777778,275.3642857142857,4.192592592592593,-10.0,0.0,0.0,-44.44444444444444,0.0888888888888888,0.25,0.5851851851851853,0.9185185185185184,2.692857142857143,2012-11-05,Automne
4538,201245,53,BRETAGNE,41.36904761904762,219.58333333333337,2.792261904761905,281.28035714285716,278.4238095238095,83.08928571428571,20967.832167832166,78.33898305084746,5.475609756097561,1079.5867768595042,100766.78571428572,278.5792682926829,283.6670731707317,274.0071428571428,5.560714285714286,-10.0,0.0,0.0,-45.30612244897959,0.169047619047619,0.3142857142857143,0.5523809523809524,1.2190476190476192,1.992857142857143,2012-11-05,Automne
4539,201245,24,CENTRE,30.74074074074074,201.75925925925927,2.375,280.72777777777776,278.6564814814815,87.33333333333333,15979.62962962963,79.8061224489796,5.05,1379.148936170213,100104.25925925926,278.18333333333334,282.8611111111111,276.0071428571428,4.609259259259259,-10.0,0.0,0.0,-45.18518518518518,0.0537037037037037,0.2037037037037037,0.3555555555555556,0.674074074074074,1.9857142857142855,2012-11-05,Automne
4540,201245,21,CHAMPAGNE-ARDENNE,35.17857142857143,194.6428571428571,2.488392857142857,280.59732142857143,278.76339285714283,88.46428571428571,14582.142857142857,94.44329896907216,5.333333333333333,1056.8131868131868,100278.30357142857,277.625,282.9535714285714,275.2928571428571,4.71875,-10.0,0.0,0.0,-45.0,0.0839285714285714,0.1625,0.3285714285714285,0.6428571428571429,1.3214285714285714,2012-11-05,Automne
4541,201245,94,CORSE,19.375,160.26785714285714,3.0339285714285715,287.83035714285717,282.33214285714286,72.15178571428571,29113.39285714286,59.24242424242424,2.8076923076923075,1388.6363636363635,101516.96428571428,284.35,290.5107142857143,282.07857142857137,5.620535714285714,-10.0,0.0,0.0,-43.125,0.0803571428571428,0.2446428571428571,0.0999999999999999,0.9714285714285714,2.3000000000000003,2012-11-05,Automne
4542,201245,43,FRANCHE-COMTE,28.75,183.92857142857144,2.0026785714285715,279.94375,278.075,88.41964285714286,21399.10714285714,89.91089108910892,4.410256410256411,1500.4938271604938,98671.875,277.0964285714286,282.51785714285717,274.5071428571428,4.136607142857143,-10.0,0.0,0.0,-44.63414634146341,0.1964285714285714,0.5732142857142858,1.5357142857142858,2.492857142857143,5.107142857142857,2012-11-05,Automne
4543,201245,23,HAUTE-NORMANDIE,41.339285714285715,234.19642857142856,4.6000000000000005,282.2910714285714,278.82410714285714,79.78571428571429,16827.083333333332,85.125,6.0625,800.8045977011494,100431.07142857143,280.6142857142857,283.81071428571425,275.15,7.439285714285715,-10.0,0.0,0.0,-44.34782608695652,0.0918918918918919,0.3225225225225225,0.3333333333333333,1.1851851851851851,2.630769230769231,2012-11-05,Automne
4544,201245,91,LANGUEDOC-ROUSSILLON,26.25,188.125,4.1276785714285715,284.3205357142857,279.95089285714283,75.97321428571429,31910.714285714286,69.70588235294117,4.0,1907.8125,100768.48214285714,281.2357142857143,286.9142857142857,279.57857142857137,6.921428571428572,-10.0,0.0,0.0,-48.0,0.1357142857142857,0.6857142857142857,1.9357142857142855,2.6999999999999997,6.0928571428571425,2012-11-05,Automne
4545,201245,74,LIMOUSIN,30.178571428571427,172.41071428571428,2.773214285714286,280.78839285714287,278.4607142857143,85.92857142857143,22835.087719298244,79.59770114942529,4.5,1124.25,98522.14285714286,278.0678571428572,283.1607142857143,276.93571428571425,4.917857142857143,-10.0,0.0,0.0,-45.483870967741936,0.1321428571428571,0.4428571428571429,0.4785714285714286,1.792857142857143,3.7642857142857142,2012-11-05,Automne
4546,201245,41,LORRAINE,0.8518339768339769,193.21428571428572,3.340515796260477,284.8620535714286,280.4638392857143,76.875,22941.964285714286,77.08380069025021,4.472972972972973,1404.9461206896551,100070.444015444,281.3357142857143,288.05357142857144,279.2928571428571,6.159821428571428,-10.0,0.0,0.0,-45.0,0.05740025740025735,0.18908730158730155,0.3345238095238095,0.7571428571428571,1.5214285714285716,2012-11-05,Automne
4547,201245,73,MIDI-PYRENEES,24.642857142857142,185.8928571428571,2.7919642857142857,282.3598214285714,278.8892857142857,80.05357142857143,28634.146341463416,71.62162162162163,4.228070175438597,2088.6111111111113,98420.08928571428,278.7714285714286,285.49285714285713,275.57857142857137,5.428571428571429,-10.0,0.0,0.0,-46.55172413793103,0.0875,0.3875,0.7214285714285714,1.6285714285714286,3.9785714285714286,2012-11-05,Automne
4548,201245,31,NORD-PAS-DE-CALAIS,40.625,221.69642857142856,3.632142857142857,281.3223214285714,279.16517857142856,86.80357142857143,18169.64285714286,77.03571428571429,5.469879518072289,959.156626506024,100636.25,279.4714285714286,283.075,278.22142857142853,6.079464285714286,-10.0,0.0,0.0,-44.25,0.0946428571428571,0.2017857142857143,0.4571428571428572,0.8214285714285714,2.185714285714286,2012-11-05,Automne
4549,201245,52,PAYS-DE-LA-LOIRE,0.8518339768339769,193.21428571428572,3.340515796260477,284.8620535714286,280.4638392857143,76.875,22941.964285714286,77.08380069025021,4.472972972972973,1404.9461206896551,100070.444015444,281.3357142857143,288.05357142857144,279.2928571428571,6.159821428571428,-10.0,0.0,0.0,-45.0,0.05740025740025735,0.18908730158730155,0.3345238095238095,0.7571428571428571,1.5214285714285716,2012-11-05,Automne
4550,201245,22,PICARDIE,40.625,221.69642857142856,3.632142857142857,281.3223214285714,279.16517857142856,86.80357142857143,18169.64285714286,77.03571428571429,5.469879518072289,959.156626506024,100636.25,279.4714285714286,283.075,278.22142857142853,6.079464285714286,-10.0,0.0,0.0,-44.25,0.0946428571428571,0.2017857142857143,0.4571428571428572,0.8214285714285714,2.185714285714286,2012-11-05,Automne
4551,201245,54,POITOU-CHARENTES,28.14814814814815,181.2962962962963,2.6185185185185187,280.8675925925926,278.8833333333333,88.01851851851852,17330.0,81.52380952380952,4.288461538461538,1536.025641025641,99963.70370370372,277.99444444444447,283.32037037037037,276.5071428571428,4.612962962962963,-10.0,0.0,0.0,-44.516129032258064,0.0722222222222222,0.3129629629629629,0.2592592592592592,1.1333333333333333,2.85,2012-11-05,Automne
4552,201245,93,PROVENCE-ALPES-COTE-D-AZUR,0.8518339768339769,193.21428571428572,3.340515796260477,284.8620535714286,280.4638392857143,76.875,22941.964285714286,77.08380069025021,4.472972972972973,1404.9461206896551,100070.444015444,281.3357142857143,288.05357142857144,279.2928571428571,6.159821428571428,-10.0,0.0,0.0,-45.0,0.05740025740025735,0.18908730158730155,0.3345238095238095,0.7571428571428571,1.5214285714285716,2012-11-05,Automne
4553,201245,11,ILE-DE-FRANCE,37.67857142857143,217.67857142857144,2.351785714285714,280.70535714285717,278.53035714285716,86.64285714285714,15744.642857142857,73.75,5.2075471698113205,1192.909090909091,100455.71428571428,278.2357142857143,282.8,275.57857142857137,4.6625000000000005,-10.0,0.0,0.0,-45.55555555555556,0.0249999999999999,0.2571428571428572,0.4,0.9714285714285714,2.128571428571429,2012-11-05,Automne
4554,201245,82,RHONE-ALPES,25.714285714285715,201.25,2.935714285714286,282.5892857142857,279.5464285714286,82.375,23258.928571428572,69.64285714285714,4.96,1422.2,98818.75,279.20714285714286,285.2142857142857,277.43571428571425,5.585714285714286,-10.0,0.0,0.0,-45.27272727272727,0.2678571428571428,0.8357142857142856,1.7714285714285716,3.928571428571429,9.571428571428571,2012-11-05,Automne
4555,201244,42,ALSACE,-24.821428571428573,183.75,2.970535714285714,279.75625,276.8232142857143,82.91964285714286,29258.035714285714,98.05479452054794,4.472972972972973,1305.4545454545455,98206.07142857143,275.7857142857143,282.68571428571425,273.57857142857137,5.573214285714286,-10.0,0.0,0.0,-45.0,0.1071428571428571,0.4392857142857143,0.7428571428571429,1.7428571428571429,3.007142857142857,2012-10-29,Automne
4556,201244,72,AQUITAINE,-24.375,172.05357142857142,3.1419642857142853,283.23839285714286,279.5544642857143,79.5625,26896.875,69.42708333333333,3.3846153846153846,2516.0714285714284,99367.85714285714,279.4607142857143,286.2607142857143,277.93571428571425,5.613392857142857,-10.0,0.0,0.0,-47.46835443037975,0.1035714285714285,0.4321428571428571,0.7285714285714285,1.6857142857142855,2.5928571428571425,2012-10-29,Automne
4557,201244,83,AUVERGNE,-22.678571428571427,151.70212765957447,3.3404255319148937,281.5910714285714,275.8982142857143,69.26785714285714,31196.428571428572,59.63636363636363,2.56,2714.0,96638.57142857143,276.87857142857143,284.79285714285714,274.57857142857137,6.01063829787234,-10.0,0.0,0.0,-45.27272727272727,0.0111111111111111,0.0339622641509433,0.0285714285714285,0.1076923076923077,0.1,2012-10-29,Automne
4558,201244,25,BASSE-NORMANDIE,-30.267857142857142,214.55357142857144,4.538392857142857,280.96160714285713,278.12410714285716,82.9375,26678.571428571428,83.97752808988764,4.566666666666666,1693.7777777777778,98729.73214285714,278.43571428571425,283.0892857142857,275.8642857142857,7.909821428571428,-10.0,0.0,0.0,-46.22950819672131,0.1553571428571429,0.3785714285714285,0.5857142857142856,1.55,2.542857142857143,2012-10-29,Automne
4559,201244,26,BOURGOGNE,-24.774774774774773,178.19819819819818,3.338738738738739,280.31846846846844,277.35720720720724,82.70270270270271,23498.1981981982,90.01388888888889,4.538461538461538,1500.8823529411766,98088.55855855856,276.47962962962964,283.287037037037,274.30384615384617,6.064864864864865,-10.0,0.0,0.0,-42.0,0.2009009009009009,0.5711711711711711,1.0642857142857145,2.3851851851851853,4.115384615384615,2012-10-29,Automne
4560,201244,53,BRETAGNE,-33.11377245508982,212.874251497006,4.483233532934132,281.98173652694607,278.7847305389222,81.10778443113773,26684.13793103448,78.70689655172414,5.023529411764706,1005.5737704918032,99146.76646706589,279.4256097560976,284.20365853658535,275.0730769230769,8.447904191616766,-10.0,0.0,0.0,-44.15094339622642,0.1461077844311377,0.4646706586826347,0.9571428571428572,1.7609756097560976,2.707692307692308,2012-10-29,Automne
4561,201244,24,CENTRE,-28.91891891891892,186.75675675675672,3.745945945945946,281.1355855855856,278.2373873873874,82.97297297297297,20403.6036036036,71.1734693877551,3.9473684210526314,1917.0526315789473,98729.36936936936,278.0462962962963,283.7611111111111,276.15,7.008108108108108,-10.0,0.0,0.0,-44.0625,0.1864864864864864,0.4954954954954955,1.157142857142857,2.140740740740741,3.8615384615384616,2012-10-29,Automne
4562,201244,21,CHAMPAGNE-ARDENNE,-28.839285714285715,182.1428571428571,4.088392857142857,280.1303571428571,277.26875,82.64285714285714,18112.5,88.74358974358974,4.5,1341.3333333333333,98953.92857142857,276.6035714285714,282.4892857142857,273.65,7.090178571428572,-10.0,0.0,0.0,-45.55555555555556,0.1553571428571428,0.4482142857142857,0.8571428571428571,1.7214285714285715,3.4642857142857144,2012-10-29,Automne
4563,201244,94,CORSE,6.25,159.375,3.1339285714285716,287.1669642857143,282.7080357142857,75.83035714285714,31274.10714285714,67.8921568627451,3.7411764705882353,1174.2268041237114,100514.64285714286,283.225,289.50714285714287,280.72142857142853,5.864285714285714,-10.0,0.0,0.0,-44.26229508196721,0.1819819819819819,0.7363636363636363,1.8296296296296295,3.437037037037037,6.971428571428572,2012-10-29,Automne
4564,201244,43,FRANCHE-COMTE,-21.785714285714285,195.80357142857144,2.975,280.1080357142857,276.40803571428575,79.02678571428571,25510.714285714286,87.39285714285714,4.285714285714286,1579.3150684931506,97521.16071428572,276.18571428571425,283.06428571428575,274.22142857142853,6.104464285714286,-10.0,0.0,0.0,-43.95348837209303,0.1214285714285714,0.4017857142857143,0.3928571428571428,1.4428571428571428,2.2142857142857144,2012-10-29,Automne
4565,201244,23,HAUTE-NORMANDIE,-21.1340206185567,227.11340206185568,7.955670103092784,282.6067010309278,278.5252577319588,76.43298969072166,23358.536585365855,83.42465753424658,5.666666666666667,1065.2112676056338,98810.41237113402,280.87916666666666,284.225,275.75,13.141237113402063,-10.0,0.0,0.0,-45.0,0.2886597938144329,0.676595744680851,1.3545454545454545,2.5428571428571427,4.144444444444444,2012-10-29,Automne
4566,201244,91,LANGUEDOC-ROUSSILLON,-19.642857142857142,154.10714285714286,3.424107142857143,283.9642857142857,279.2419642857143,75.11607142857143,28205.35714285714,64.64646464646465,4.25,2422.6744186046512,99672.23214285714,279.9642857142857,286.7035714285714,278.65,5.833035714285714,-10.0,0.0,0.0,-49.714285714285715,0.0839285714285714,0.3267857142857143,0.55,1.2285714285714284,1.6928571428571428,2012-10-29,Automne
4567,201244,74,LIMOUSIN,-25.089285714285715,164.46428571428572,3.648214285714286,281.15446428571425,278.18571428571425,82.83035714285714,29008.474576271183,82.91208791208791,4.384615384615385,1633.6470588235295,97308.30357142857,277.85,283.51785714285717,276.2928571428571,6.627027027027027,-10.0,0.0,0.0,-45.0,0.2918918918918918,0.8414414414414415,1.4074074074074074,3.4785714285714286,6.671428571428572,2012-10-29,Automne
4568,201244,41,LORRAINE,0.8518339768339769,193.21428571428572,3.340515796260477,284.8620535714286,280.4638392857143,76.875,22941.964285714286,77.08380069025021,4.472972972972973,1404.9461206896551,100070.444015444,281.3357142857143,288.05357142857144,279.2928571428571,6.159821428571428,-10.0,0.0,0.0,-45.0,0.05740025740025735,0.18908730158730155,0.3345238095238095,0.7571428571428571,1.5214285714285716,2012-10-29,Automne
4569,201244,73,MIDI-PYRENEES,-21.517857142857142,168.57142857142858,2.3874999999999997,282.51964285714286,278.12589285714284,76.57142857142857,30238.095238095237,59.10958904109589,2.810344827586207,2750.0,97294.46428571428,277.87857142857143,285.81071428571425,274.72142857142853,4.772321428571429,-10.0,0.0,0.0,-46.55172413793103,0.0714285714285714,0.3321428571428572,0.4642857142857143,1.1357142857142857,1.1,2012-10-29,Automne
4570,201244,31,NORD-PAS-DE-CALAIS,-31.339285714285715,200.3571428571429,5.011607142857143,280.8392857142857,278.2553571428571,84.28571428571429,23400.900900900902,81.8452380952381,4.928571428571429,1645.0,99128.30357142857,279.1107142857143,282.57142857142856,277.7928571428571,9.017857142857142,-10.0,0.0,0.0,-43.84615384615385,0.2821428571428571,0.7160714285714286,1.342857142857143,2.857142857142857,5.242857142857143,2012-10-29,Automne
4571,201244,52,PAYS-DE-LA-LOIRE,0.8518339768339769,193.21428571428572,3.340515796260477,284.8620535714286,280.4638392857143,76.875,22941.964285714286,77.08380069025021,4.472972972972973,1404.9461206896551,100070.444015444,281.3357142857143,288.05357142857144,279.2928571428571,6.159821428571428,-10.0,0.0,0.0,-45.0,0.05740025740025735,0.18908730158730155,0.3345238095238095,0.7571428571428571,1.5214285714285716,2012-10-29,Automne
4572,201244,22,PICARDIE,-31.339285714285715,200.3571428571429,5.011607142857143,280.8392857142857,278.2553571428571,84.28571428571429,23400.900900900902,81.8452380952381,4.928571428571429,1645.0,99128.30357142857,279.1107142857143,282.57142857142856,277.7928571428571,9.017857142857142,-10.0,0.0,0.0,-43.84615384615385,0.2821428571428571,0.7160714285714286,1.342857142857143,2.857142857142857,5.242857142857143,2012-10-29,Automne
4573,201244,54,POITOU-CHARENTES,-27.11711711711712,170.54054054054055,3.655855855855856,281.2698198198198,278.5887387387387,84.3963963963964,20509.63855421687,78.80952380952381,4.264150943396227,1647.6829268292684,98653.06306306306,277.64629629629627,284.1388888888889,276.2269230769231,6.693636363636363,-10.0,0.0,0.0,-43.333333333333336,0.2855855855855855,0.8396396396396396,1.8357142857142856,3.5185185185185186,6.653846153846154,2012-10-29,Automne
4574,201244,93,PROVENCE-ALPES-COTE-D-AZUR,0.8518339768339769,193.21428571428572,3.340515796260477,284.8620535714286,280.4638392857143,76.875,22941.964285714286,77.08380069025021,4.472972972972973,1404.9461206896551,100070.444015444,281.3357142857143,288.05357142857144,279.2928571428571,6.159821428571428,-10.0,0.0,0.0,-45.0,0.05740025740025735,0.18908730158730155,0.3345238095238095,0.7571428571428571,1.5214285714285716,2012-10-29,Automne
4575,201244,11,ILE-DE-FRANCE,-30.535714285714285,199.28571428571428,3.883928571428571,281.0892857142857,278.1767857142857,82.64285714285714,24182.14285714286,61.785714285714285,3.64,2164.6153846153848,99051.42857142857,278.2214285714286,283.4142857142857,275.8642857142857,7.323214285714286,-10.0,0.0,0.0,-44.44444444444444,0.0892857142857142,0.25,0.4857142857142857,1.1,2.0428571428571427,2012-10-29,Automne
4576,201244,82,RHONE-ALPES,-17.142857142857142,184.82142857142856,5.246428571428572,282.08214285714286,276.8339285714286,70.91071428571429,26667.85714285714,60.18181818181818,3.0816326530612246,3625.531914893617,97756.96428571428,278.10714285714283,284.5,277.0071428571428,9.05,-10.0,0.0,0.0,-44.72727272727273,0.1607142857142857,0.3821428571428571,0.0285714285714285,1.0285714285714287,0.0571428571428571,2012-10-29,Automne
4577,201243,42,ALSACE,0.3571428571428571,198.125,3.258035714285714,281.4321428571429,279.23839285714286,86.84821428571429,14140.17857142857,99.45121951219512,4.472972972972973,543.5616438356165,99118.83928571428,279.61071428571427,283.8607142857143,278.3642857142857,5.640178571428572,-10.0,0.0,0.0,-45.0,0.125,0.3660714285714285,0.8214285714285714,1.457142857142857,2.9499999999999997,2012-10-22,Automne
4578,201243,72,AQUITAINE,10.982142857142858,188.30357142857144,3.5473214285714287,286.90803571428575,283.4794642857143,81.22321428571429,25567.647058823528,67.13978494623656,3.573529411764706,1589.047619047619,100060.0,284.2607142857143,289.8071428571429,283.3642857142857,6.177678571428571,-10.0,0.0,0.0,-46.62162162162162,0.0499999999999999,0.2017857142857143,0.2071428571428571,0.7857142857142857,2.378571428571429,2012-10-22,Automne
4579,201243,83,AUVERGNE,3.75,199.28571428571428,2.4625,284.79285714285714,280.8357142857143,78.17857142857143,19775.0,68.62962962962963,4.224489795918367,1344.2,97361.42857142857,281.3285714285714,288.59285714285716,279.43571428571425,5.367857142857143,-10.0,0.0,0.0,-45.0,0.0945454545454545,0.2690909090909091,0.0307692307692307,1.6714285714285713,3.371428571428571,2012-10-22,Automne
4580,201243,25,BASSE-NORMANDIE,3.5454545454545454,117.0909090909091,3.4345454545454546,283.5427272727273,281.4836363636364,87.50909090909092,13856.363636363636,90.63,6.226415094339623,734.9484536082474,100279.72727272728,281.27222222222224,285.68333333333334,280.30384615384617,6.765454545454546,-10.0,0.0,0.0,-45.0,0.1018181818181818,0.2277777777777778,0.4153846153846153,0.84,1.2909090909090908,2012-10-22,Automne
4581,201243,26,BOURGOGNE,3.482142857142857,195.53571428571428,3.2910714285714286,283.4892857142857,280.81875,84.72321428571429,14566.964285714286,84.8125,3.48,787.7333333333333,98970.80357142857,281.0285714285714,286.6571428571429,279.57857142857137,5.745535714285714,-10.0,0.0,0.0,-44.34782608695652,0.0517857142857142,0.1571428571428571,0.3285714285714285,0.6428571428571429,1.2785714285714285,2012-10-22,Automne
4582,201243,53,BRETAGNE,3.6904761904761902,129.22619047619048,4.452976190476191,284.7797619047619,282.17857142857144,85.0297619047619,13117.021276595744,90.4140625,5.929577464788732,1004.8,100771.36904761904,283.1166666666667,286.3809523809524,281.2928571428571,7.692261904761905,-10.0,0.0,0.0,-45.57692307692308,0.0083333333333333,0.0309523809523809,0.1047619047619047,0.1428571428571428,0.2428571428571428,2012-10-22,Automne
4583,201243,24,CENTRE,4.732142857142857,170.625,3.075892857142857,283.9946428571429,281.0598214285714,83.28571428571429,13183.035714285714,56.635416666666664,3.8194444444444446,1776.1363636363635,99871.69642857143,281.05,287.2392857142857,279.0071428571428,5.7803571428571425,-10.0,0.0,0.0,-44.81012658227848,0.0054054054054054,0.0126126126126126,0.0296296296296296,0.05,0.1,2012-10-22,Automne
4584,201243,21,CHAMPAGNE-ARDENNE,3.0357142857142856,162.23214285714286,3.0651785714285715,281.69107142857143,278.96160714285713,84.0,11452.67857142857,72.66666666666667,3.9642857142857144,1025.625,100171.78571428572,278.3642857142857,285.30357142857144,276.3642857142857,5.473214285714286,-10.0,0.0,0.0,-45.0,0.0357142857142857,0.1035714285714285,0.2214285714285714,0.3857142857142857,0.7785714285714286,2012-10-22,Automne
4585,201243,94,CORSE,-29.464285714285715,162.5,3.133035714285714,290.1616071428571,286.56071428571425,81.05357142857143,18933.928571428572,78.04761904761905,3.86046511627907,833.6734693877551,100670.98214285714,287.86785714285713,292.95,286.43571428571425,5.950892857142857,-10.0,0.0,0.0,-43.52941176470589,0.4035714285714286,1.0375,1.9928571428571429,3.8428571428571425,6.857142857142857,2012-10-22,Automne
4586,201243,43,FRANCHE-COMTE,-0.8108108108108109,200.27027027027023,3.472972972972973,281.67702702702707,279.42297297297296,86.37837837837837,13154.954954954956,97.08510638297872,7.0256410256410255,429.4871794871795,98340.72072072072,280.04285714285714,284.0392857142857,279.07857142857137,6.18018018018018,-10.0,0.0,0.0002173913043478,-43.04347826086956,0.1225225225225225,0.4234234234234234,0.6857142857142857,1.6857142857142855,3.307142857142857,2012-10-22,Automne
4587,201243,23,HAUTE-NORMANDIE,0.0,132.5,5.998214285714285,284.34464285714284,281.7955357142857,85.03571428571429,12961.827956989247,83.475,6.480769230769231,755.3731343283582,100563.48214285714,282.59285714285716,286.0964285714286,278.15,9.5875,-10.0,0.0,0.0,-45.65217391304348,0.0410714285714285,0.1017857142857142,0.0928571428571428,0.3285714285714285,0.5714285714285714,2012-10-22,Automne
4588,201243,91,LANGUEDOC-ROUSSILLON,1.6964285714285714,196.25,4.441071428571428,287.95982142857144,283.52232142857144,77.38392857142857,25422.321428571428,69.28865979381443,3.8904109589041096,1801.978021978022,100143.21428571428,285.2035714285714,290.8,284.43571428571425,7.639285714285714,-10.0,0.0,0.0,-46.285714285714285,0.1660714285714286,0.5410714285714285,1.5428571428571427,2.307142857142857,5.5,2012-10-22,Automne
4589,201243,74,LIMOUSIN,7.857142857142857,176.51785714285714,3.1669642857142857,284.5883928571429,281.6589285714286,83.16071428571429,27450.0,77.27906976744185,4.12,954.1666666666666,98236.07142857143,282.09285714285716,287.7,280.93571428571425,5.841071428571429,-10.0,0.0,0.0,-45.0,0.0214285714285714,0.0946428571428571,0.1999999999999999,0.3642857142857142,0.7714285714285715,2012-10-22,Automne
4590,201243,41,LORRAINE,0.8518339768339769,193.21428571428572,3.340515796260477,284.8620535714286,280.4638392857143,76.875,22941.964285714286,77.08380069025021,4.472972972972973,1404.9461206896551,100070.444015444,281.3357142857143,288.05357142857144,279.2928571428571,6.159821428571428,-10.0,0.0,0.0,-45.0,0.05740025740025735,0.18908730158730155,0.3345238095238095,0.7571428571428571,1.5214285714285716,2012-10-22,Automne
4591,201243,73,MIDI-PYRENEES,9.017857142857142,199.1071428571429,3.292857142857143,286.05089285714286,282.40625,80.09821428571429,24808.433734939757,71.92857142857143,4.12962962962963,1487.7941176470588,97900.26785714286,283.2785714285714,289.1464285714286,281.72142857142853,6.2875000000000005,-10.0,0.0,0.0,-45.535714285714285,0.2607142857142857,0.6321428571428571,0.9928571428571428,2.457142857142857,5.55,2012-10-22,Automne
4592,201243,31,NORD-PAS-DE-CALAIS,-1.509433962264151,154.52830188679246,3.518867924528302,283.2433962264151,280.84150943396224,85.87735849056604,15340.952380952382,60.69135802469136,4.484848484848484,1952.1538461538464,100881.88679245285,280.67962962962963,285.90555555555557,279.57857142857137,5.6990566037735855,-10.0,0.0,0.0,-45.2112676056338,0.0716981132075471,0.1622641509433962,0.3333333333333333,0.6222222222222222,1.257142857142857,2012-10-22,Automne
4593,201243,52,PAYS-DE-LA-LOIRE,0.8518339768339769,193.21428571428572,3.340515796260477,284.8620535714286,280.4638392857143,76.875,22941.964285714286,77.08380069025021,4.472972972972973,1404.9461206896551,100070.444015444,281.3357142857143,288.05357142857144,279.2928571428571,6.159821428571428,-10.0,0.0,0.0,-45.0,0.05740025740025735,0.18908730158730155,0.3345238095238095,0.7571428571428571,1.5214285714285716,2012-10-22,Automne
4594,201243,22,PICARDIE,-1.509433962264151,154.52830188679246,3.518867924528302,283.2433962264151,280.84150943396224,85.87735849056604,15340.952380952382,60.69135802469136,4.484848484848484,1952.1538461538464,100881.88679245285,280.67962962962963,285.90555555555557,279.57857142857137,5.6990566037735855,-10.0,0.0,0.0,-45.2112676056338,0.0716981132075471,0.1622641509433962,0.3333333333333333,0.6222222222222222,1.257142857142857,2012-10-22,Automne
4595,201243,54,POITOU-CHARENTES,7.5,187.67857142857144,2.904464285714286,284.44375,281.9401785714286,85.79464285714286,16090.47619047619,76.6,3.979591836734694,922.3076923076924,99644.55357142857,281.7214285714286,287.8285714285714,280.15,5.461607142857143,-10.0,0.0,0.0,-44.44444444444444,0.0124999999999999,0.0517857142857142,0.0571428571428571,0.1785714285714285,0.4142857142857142,2012-10-22,Automne
4596,201243,93,PROVENCE-ALPES-COTE-D-AZUR,0.8518339768339769,193.21428571428572,3.340515796260477,284.8620535714286,280.4638392857143,76.875,22941.964285714286,77.08380069025021,4.472972972972973,1404.9461206896551,100070.444015444,281.3357142857143,288.05357142857144,279.2928571428571,6.159821428571428,-10.0,0.0,0.0,-45.0,0.05740025740025735,0.18908730158730155,0.3345238095238095,0.7571428571428571,1.5214285714285716,2012-10-22,Automne
4597,201243,11,ILE-DE-FRANCE,4.107142857142857,144.10714285714286,3.3392857142857144,283.5982142857143,280.475,81.78571428571429,14062.5,46.964285714285715,4.0,2456.595744680851,100390.89285714286,280.74285714285713,286.4857142857143,278.2928571428571,6.151785714285714,-10.0,0.0,0.0,-45.0,0.0072727272727272,0.0145454545454545,0.0307692307692307,0.0571428571428571,0.1142857142857143,2012-10-22,Automne
4598,201243,82,RHONE-ALPES,-1.25,190.0,4.203571428571428,285.1625,282.06964285714287,82.08928571428571,13096.42857142857,86.38181818181818,5.795918367346939,1519.2307692307693,98292.85714285714,283.17857142857144,287.74285714285713,282.15,7.603571428571429,-10.0,0.0,0.0,-44.42307692307692,0.1928571428571428,0.3821428571428571,0.5428571428571429,1.542857142857143,3.1571428571428575,2012-10-22,Automne
4599,201242,42,ALSACE,31.964285714285715,173.39285714285714,2.5044642857142856,285.43660714285716,281.8383928571429,80.60714285714286,30110.714285714286,96.5925925925926,4.472972972972973,827.9411764705883,99086.69642857143,280.6464285714286,288.9607142857143,278.2928571428571,4.822321428571429,-10.0,0.0,0.0,-45.0,0.0017857142857142,0.0178571428571428,0.0642857142857143,0.1071428571428571,0.6428571428571429,2012-10-15,Automne
4600,201242,72,AQUITAINE,11.875,183.4821428571429,4.508035714285714,288.52767857142857,285.3919642857143,82.9375,29263.492063492064,89.20408163265306,5.078947368421052,1256.9791666666667,99804.375,285.84285714285716,290.7285714285714,285.07857142857137,8.111607142857142,-10.0,0.0,0.0,-46.53846153846154,0.2571428571428572,0.8267857142857142,1.914285714285714,3.3214285714285716,6.5,2012-10-15,Automne
4601,201242,83,AUVERGNE,18.571428571428573,172.5,5.514285714285714,289.25357142857143,282.43392857142857,65.32142857142857,34553.57142857143,70.71428571428571,2.4901960784313726,2217.6470588235293,97294.10714285714,285.14285714285717,291.79285714285714,282.2928571428571,10.403571428571428,-10.0,0.0,0.0,-45.55555555555556,0.0,0.0,0.0,0.0,0.2285714285714286,2012-10-15,Automne
4602,201242,25,BASSE-NORMANDIE,15.181818181818182,155.27272727272728,3.5345454545454547,285.4409090909091,283.6718181818182,89.38181818181818,20242.727272727272,92.23809523809524,5.232142857142857,804.4660194174758,99574.90909090907,283.125,286.75714285714287,281.43571428571425,6.525454545454545,-10.0,0.0004761904761904,0.0007272727272727,-44.72727272727273,0.3399999999999999,0.9872727272727272,1.9407407407407409,3.835714285714286,7.6,2012-10-15,Automne
4603,201242,26,BOURGOGNE,22.678571428571427,165.625,3.226785714285714,287.36875,283.32410714285714,78.27678571428571,28548.214285714286,92.3896103896104,4.185185185185185,1538.5106382978724,98822.32142857143,283.62857142857143,290.0357142857143,281.43571428571425,5.708928571428571,-10.0,0.0,0.0,-44.34782608695652,0.0249999999999999,0.0642857142857143,0.1785714285714285,0.2928571428571428,2.514285714285714,2012-10-15,Automne
4604,201242,53,BRETAGNE,13.333333333333334,178.92857142857142,3.9047619047619047,285.3017857142857,282.9595238095238,86.38095238095238,20075.694444444445,81.51824817518248,4.650602409638554,960.3816793893128,99921.84523809524,282.8857142857143,287.1738095238095,279.57857142857137,7.129761904761905,-10.0,0.0,0.0,-45.0,0.1797619047619047,0.5845238095238096,1.5095238095238095,2.3333333333333335,4.885714285714286,2012-10-15,Automne
4605,201242,24,CENTRE,19.910714285714285,153.125,3.0633928571428575,287.6169642857143,284.4,82.05357142857143,19805.35714285714,85.3883495145631,4.682926829268292,1828.6813186813188,99465.625,284.75714285714287,289.56428571428575,283.07857142857137,5.366071428571429,-10.0,0.0,0.0,-45.0,0.0642857142857143,0.1678571428571428,0.3785714285714285,0.7571428571428571,3.907142857142857,2012-10-15,Automne
4606,201242,21,CHAMPAGNE-ARDENNE,26.339285714285715,150.17857142857142,3.549107142857143,287.21785714285716,283.58125,79.625,19576.576576576575,91.23376623376625,3.7142857142857144,1780.6896551724135,99797.41071428572,283.5464285714286,289.6642857142857,281.3642857142857,5.930357142857142,-10.0,0.0,0.0,-45.0,0.0107142857142857,0.0589285714285714,0.2857142857142857,0.4142857142857142,3.8285714285714287,2012-10-15,Automne
4607,201242,94,CORSE,22.110091743119263,140.36697247706422,2.644954128440367,291.05825688073395,285.9224770642202,73.64220183486239,27656.880733944956,65.86021505376344,3.4814814814814814,1272.6190476190477,101480.8256880734,286.8796296296296,293.65000000000003,284.4576923076923,5.026605504587156,-10.0,0.0,0.0,-42.6,0.0825688073394495,0.2759259259259259,0.5333333333333333,1.1153846153846154,2.3833333333333333,2012-10-15,Automne
4608,201242,43,FRANCHE-COMTE,30.267857142857142,185.08928571428572,2.652678571428571,285.66339285714287,281.4232142857143,77.28571428571429,33591.96428571428,72.96296296296296,1.9787234042553192,2411.8867924528304,98387.76785714286,281.1035714285714,288.87857142857143,278.7928571428571,5.180357142857143,-10.0,0.0,0.0,-43.125,0.0107142857142857,0.0285714285714285,0.0857142857142857,0.15,0.7999999999999999,2012-10-15,Automne
4609,201242,23,HAUTE-NORMANDIE,19.464285714285715,160.35714285714286,5.540178571428571,286.09464285714284,283.6616071428571,85.71428571428571,16695.744680851065,89.64285714285714,5.984848484848484,696.0714285714286,99754.82142857143,284.24642857142857,287.19642857142856,280.72142857142853,9.15982142857143,-10.0,0.0,0.0,-46.15384615384615,0.2589285714285714,0.7232142857142857,1.2571428571428571,2.878571428571429,5.978571428571429,2012-10-15,Automne
4610,201242,91,LANGUEDOC-ROUSSILLON,15.892857142857142,159.64285714285714,6.273214285714286,289.9205357142857,284.9428571428571,74.13392857142857,29276.785714285714,82.62886597938144,4.8311688311688314,1542.5531914893618,100281.33928571428,287.18928571428575,292.33214285714286,286.07857142857137,10.579464285714286,-10.0,0.0,0.0,-46.0,0.0339285714285714,0.2053571428571428,0.4214285714285714,0.6714285714285715,0.6714285714285715,2012-10-15,Automne
4611,201242,74,LIMOUSIN,14.864864864864863,159.81981981981983,3.453153153153153,286.93468468468467,284.0400900900901,83.70270270270271,33606.89655172414,91.2843137254902,5.3061224489795915,1004.6590909090908,97921.8918918919,284.375,288.925,283.3642857142857,6.566666666666666,-10.0,0.0,0.0,-45.0,0.2882882882882883,0.7963963963963965,1.6740740740740745,3.1714285714285713,9.264285714285714,2012-10-15,Automne
4612,201242,41,LORRAINE,0.8518339768339769,193.21428571428572,3.340515796260477,284.8620535714286,280.4638392857143,76.875,22941.964285714286,77.08380069025021,4.472972972972973,1404.9461206896551,100070.444015444,281.3357142857143,288.05357142857144,279.2928571428571,6.159821428571428,-10.0,0.0,0.0,-45.0,0.05740025740025735,0.18908730158730155,0.3345238095238095,0.7571428571428571,1.5214285714285716,2012-10-15,Automne
4613,201242,73,MIDI-PYRENEES,11.339285714285714,186.25,4.117857142857143,288.61339285714286,283.9535714285714,76.58035714285714,27170.73170731707,82.02898550724638,4.745454545454545,1373.571428571429,97714.73214285714,284.9214285714286,291.58214285714286,283.43571428571425,8.145535714285716,-10.0,0.0,0.0,-46.111111111111114,0.075,0.2410714285714285,0.8357142857142856,1.1,2.492857142857143,2012-10-15,Automne
4614,201242,31,NORD-PAS-DE-CALAIS,28.035714285714285,165.08928571428572,4.0964285714285715,285.82589285714283,283.89732142857144,88.44642857142857,17752.727272727272,88.56626506024097,5.632911392405063,1086.6666666666667,100137.5,283.7785714285714,287.125,282.72142857142853,6.886607142857143,-10.0,0.0,0.0,-44.60526315789474,0.2660714285714285,0.7964285714285715,1.3285714285714287,3.107142857142857,6.228571428571429,2012-10-15,Automne
4615,201242,52,PAYS-DE-LA-LOIRE,0.8518339768339769,193.21428571428572,3.340515796260477,284.8620535714286,280.4638392857143,76.875,22941.964285714286,77.08380069025021,4.472972972972973,1404.9461206896551,100070.444015444,281.3357142857143,288.05357142857144,279.2928571428571,6.159821428571428,-10.0,0.0,0.0,-45.0,0.05740025740025735,0.18908730158730155,0.3345238095238095,0.7571428571428571,1.5214285714285716,2012-10-15,Automne
4616,201242,22,PICARDIE,28.035714285714285,165.08928571428572,4.0964285714285715,285.82589285714283,283.89732142857144,88.44642857142857,17752.727272727272,88.56626506024097,5.632911392405063,1086.6666666666667,100137.5,283.7785714285714,287.125,282.72142857142853,6.886607142857143,-10.0,0.0,0.0,-44.60526315789474,0.2660714285714285,0.7964285714285715,1.3285714285714287,3.107142857142857,6.228571428571429,2012-10-15,Automne
4617,201242,54,POITOU-CHARENTES,15.535714285714286,152.23214285714286,3.1589285714285715,287.5267857142857,284.7,84.17857142857143,22843.529411764703,89.77551020408163,4.826923076923077,1319.0123456790122,99277.58928571428,284.5571428571429,289.71785714285716,283.22142857142853,5.585714285714286,-10.0,0.0,0.0,-44.44444444444444,0.1678571428571428,0.4285714285714285,0.8428571428571429,1.6928571428571428,6.7,2012-10-15,Automne
4618,201242,93,PROVENCE-ALPES-COTE-D-AZUR,0.8518339768339769,193.21428571428572,3.340515796260477,284.8620535714286,280.4638392857143,76.875,22941.964285714286,77.08380069025021,4.472972972972973,1404.9461206896551,100070.444015444,281.3357142857143,288.05357142857144,279.2928571428571,6.159821428571428,-10.0,0.0,0.0,-45.0,0.05740025740025735,0.18908730158730155,0.3345238095238095,0.7571428571428571,1.5214285714285716,2012-10-15,Automne
4619,201242,11,ILE-DE-FRANCE,21.785714285714285,151.25,2.6982142857142857,286.95,284.2214285714286,84.30357142857143,20473.214285714286,82.32142857142857,4.927272727272728,1922.7272727272727,99880.89285714286,284.3071428571428,288.55,282.57857142857137,5.0375000000000005,-10.0,0.0,0.0,-45.27272727272727,0.0821428571428571,0.2285714285714286,0.4857142857142857,1.0857142857142856,3.928571428571429,2012-10-15,Automne
4620,201242,82,RHONE-ALPES,24.107142857142858,151.78571428571428,4.203571428571428,289.05892857142857,281.4321428571429,61.857142857142854,36678.57142857143,75.17857142857143,3.692307692307693,3094.8076923076924,98514.64285714286,285.68571428571425,291.7142857142857,283.15,8.0375,-10.0,0.0,0.0,-45.0,0.0071428571428571,0.0107142857142857,0.0142857142857142,0.0571428571428571,0.1999999999999999,2012-10-15,Automne
4621,201241,42,ALSACE,-40.74766355140187,192.71028037383175,2.437383177570094,285.06869158878504,282.94345794392524,87.5233644859813,26082.24299065421,98.42696629213484,4.472972972972973,672.3529411764706,98954.0186915888,282.49615384615385,287.7076923076923,280.84230769230766,4.6841121495327105,-10.0,0.0,0.0,-45.0,0.1551401869158878,0.6467289719626168,1.4222222222222225,2.3846153846153846,4.792307692307692,2012-10-08,Automne
4622,201241,72,AQUITAINE,-25.357142857142858,217.58928571428572,2.975892857142857,290.07410714285714,286.0258928571429,78.71428571428571,37094.02985074627,82.55,4.583333333333333,1159.8969072164948,100241.42857142857,287.2857142857143,293.45714285714286,286.07857142857137,5.252678571428571,-10.0,0.0,0.0,-46.43835616438356,0.0821428571428571,0.2267857142857142,0.2428571428571428,0.9285714285714286,1.3642857142857143,2012-10-08,Automne
4623,201241,83,AUVERGNE,-29.636363636363637,165.0909090909091,2.1818181818181817,287.8518181818182,283.49363636363637,76.7090909090909,26482.14285714286,76.875,3.851851851851851,1891.8181818181815,97457.45454545454,284.8357142857143,290.75714285714287,283.72142857142853,5.289285714285714,-10.0,0.0,0.0,-45.0,0.0444444444444444,0.2352941176470588,0.1666666666666666,1.0923076923076922,2.066666666666667,2012-10-08,Automne
4624,201241,25,BASSE-NORMANDIE,-28.482142857142858,206.5178571428571,3.4375,286.3776785714286,284.3410714285714,87.94642857142857,22372.38095238095,90.1530612244898,6.339285714285714,619.3939393939394,99755.08928571428,284.5571428571429,288.3892857142857,283.2928571428571,6.120535714285714,-10.0,0.0,0.0,-45.0,0.4928571428571429,1.1214285714285714,1.7571428571428571,4.4071428571428575,8.864285714285714,2012-10-08,Automne
4625,201241,26,BOURGOGNE,-34.642857142857146,208.30357142857144,2.849107142857143,286.9035714285714,284.8651785714286,88.15178571428571,22852.678571428572,95.86734693877553,6.214285714285714,693.125,98880.89285714286,284.7107142857143,289.1464285714286,283.7928571428571,5.463392857142857,-10.0,0.0,0.0,-45.0,0.3678571428571429,1.094642857142857,3.0785714285714287,4.335714285714286,6.857142857142857,2012-10-08,Automne
4626,201241,53,BRETAGNE,-21.20253164556962,219.68354430379748,3.9272151898734178,287.0898734177215,284.78417721518986,86.74683544303798,22290.441176470587,89.4758064516129,6.2784810126582276,748.3464566929134,100203.10126582278,285.2,288.85526315789474,283.4576923076923,7.295541401273886,-10.0,0.0,0.0,-44.31818181818182,0.2751592356687898,0.6961538461538461,1.6,3.064864864864865,6.95,2012-10-08,Automne
4627,201241,24,CENTRE,-32.767857142857146,196.33928571428572,3.0267857142857144,286.49642857142857,284.58660714285713,88.85714285714286,15807.142857142857,90.48571428571428,6.219512195121951,719.8095238095239,99617.5,284.81428571428575,288.4607142857143,283.93571428571425,5.9125000000000005,-10.0,0.0,0.0,-45.416666666666664,0.6124999999999999,1.2839285714285715,3.628571428571429,5.1499999999999995,7.935714285714285,2012-10-08,Automne
4628,201241,21,CHAMPAGNE-ARDENNE,-34.205607476635514,175.3271028037383,3.2523364485981308,284.9247663551402,282.80700934579437,87.4766355140187,15069.158878504672,96.66666666666669,6.269230769230769,716.7391304347826,99815.14018691589,282.712962962963,287.26851851851853,281.43571428571425,5.671028037383177,-10.0,0.0,0.0,-46.15384615384615,0.2691588785046729,0.8149532710280374,1.348148148148148,3.0666666666666664,3.128571428571429,2012-10-08,Automne
4629,201241,94,CORSE,-14.411764705882351,146.86274509803923,2.6441176470588235,292.22549019607845,288.285294117647,78.83333333333333,27453.92156862745,59.88636363636363,2.8734177215189876,892.7777777777778,101030.29411764706,288.382,295.078,286.5346153846154,4.68921568627451,-10.0,0.0,0.0,-42.94117647058823,0.396078431372549,1.3372549019607844,4.053846153846154,1.872,3.607692307692308,2012-10-08,Automne
4630,201241,43,FRANCHE-COMTE,-40.982142857142854,215.9821428571429,2.475892857142857,285.58125,283.4017857142857,87.23214285714286,20904.464285714286,92.2621359223301,5.173913043478261,724.3877551020408,98271.33928571428,283.1642857142857,287.84285714285716,281.93571428571425,5.029464285714285,-10.0,0.0,0.0,-43.125,0.1642857142857142,0.6678571428571428,1.4142857142857144,2.5785714285714287,4.778571428571429,2012-10-08,Automne
4631,201241,23,HAUTE-NORMANDIE,-29.910714285714285,196.33928571428572,5.236607142857143,285.8339285714286,283.219696969697,86.93939393939394,15363.829787234044,91.07777777777778,6.741935483870968,758.6206896551724,99948.92857142857,284.24642857142857,287.5,281.0071428571428,8.640178571428573,-10.0,0.0,0.0,-44.34782608695652,0.2678571428571428,0.7553571428571428,1.8071428571428572,3.007142857142857,5.75,2012-10-08,Automne
4632,201241,91,LANGUEDOC-ROUSSILLON,-24.642857142857142,227.94642857142856,3.1276785714285715,291.0125,284.76785714285717,69.07142857142857,42866.07142857143,68.65,3.391891891891892,2313.720930232558,100411.60714285714,287.2107142857143,294.92857142857144,285.65,5.399107142857143,-10.0,0.0,0.0,-45.0,0.0589285714285714,0.1045045045045045,0.0148148148148148,0.45,0.5357142857142858,2012-10-08,Automne
4633,201241,74,LIMOUSIN,-27.232142857142858,215.4954954954955,3.3729729729729727,287.4294642857143,285.2142857142857,87.27678571428571,33160.34482758621,90.2020202020202,5.716981132075472,714.4791666666666,98202.5,285.63214285714287,289.86785714285713,284.93571428571425,5.993693693693693,-10.0,0.0,0.0,-45.78947368421053,0.375,1.105357142857143,2.7642857142857147,4.45,5.828571428571428,2012-10-08,Automne
4634,201241,41,LORRAINE,0.8518339768339769,193.21428571428572,3.340515796260477,284.8620535714286,280.4638392857143,76.875,22941.964285714286,77.08380069025021,4.472972972972973,1404.9461206896551,100070.444015444,281.3357142857143,288.05357142857144,279.2928571428571,6.159821428571428,-10.0,0.0,0.0,-45.0,0.05740025740025735,0.18908730158730155,0.3345238095238095,0.7571428571428571,1.5214285714285716,2012-10-08,Automne
4635,201241,73,MIDI-PYRENEES,-25.803571428571427,190.2678571428571,2.216964285714286,289.56071428571425,285.2580357142857,77.41964285714286,33261.90476190476,79.06666666666666,4.553571428571429,1379.5833333333333,98176.42857142857,286.1142857142857,293.30357142857144,283.72142857142853,4.705357142857143,-10.0,0.0,0.0,-45.0,0.2964285714285714,0.4785714285714286,0.2142857142857142,1.7428571428571429,2.5785714285714283,2012-10-08,Automne
4636,201241,31,NORD-PAS-DE-CALAIS,-40.535714285714285,150.17857142857142,3.876785714285714,283.65,280.91517857142856,83.95535714285714,20253.571428571428,76.144578313253,4.864864864864865,1412.857142857143,100269.64285714286,281.1392857142857,285.70714285714286,280.2928571428571,6.5625,-10.0,0.0,0.0,-44.21052631578947,0.1357142857142857,0.4071428571428571,0.8428571428571427,1.5071428571428571,3.085714285714286,2012-10-08,Automne
4637,201241,52,PAYS-DE-LA-LOIRE,0.8518339768339769,193.21428571428572,3.340515796260477,284.8620535714286,280.4638392857143,76.875,22941.964285714286,77.08380069025021,4.472972972972973,1404.9461206896551,100070.444015444,281.3357142857143,288.05357142857144,279.2928571428571,6.159821428571428,-10.0,0.0,0.0,-45.0,0.05740025740025735,0.18908730158730155,0.3345238095238095,0.7571428571428571,1.5214285714285716,2012-10-08,Automne
4638,201241,22,PICARDIE,-40.535714285714285,150.17857142857142,3.876785714285714,283.65,280.91517857142856,83.95535714285714,20253.571428571428,76.144578313253,4.864864864864865,1412.857142857143,100269.64285714286,281.1392857142857,285.70714285714286,280.2928571428571,6.5625,-10.0,0.0,0.0,-44.21052631578947,0.1357142857142857,0.4071428571428571,0.8428571428571427,1.5071428571428571,3.085714285714286,2012-10-08,Automne
4639,201241,54,POITOU-CHARENTES,-28.303571428571427,223.125,3.2973214285714287,287.78035714285716,285.7866071428571,88.5625,24991.764705882353,92.04040404040404,6.0,761.7,99515.71428571428,285.87857142857143,290.0857142857143,285.0071428571428,6.044642857142857,-10.0,0.0,0.0,-45.0,0.5107142857142858,1.4339285714285714,4.114285714285715,5.764285714285714,8.242857142857144,2012-10-08,Automne
4640,201241,93,PROVENCE-ALPES-COTE-D-AZUR,0.8518339768339769,193.21428571428572,3.340515796260477,284.8620535714286,280.4638392857143,76.875,22941.964285714286,77.08380069025021,4.472972972972973,1404.9461206896551,100070.444015444,281.3357142857143,288.05357142857144,279.2928571428571,6.159821428571428,-10.0,0.0,0.0,-45.0,0.05740025740025735,0.18908730158730155,0.3345238095238095,0.7571428571428571,1.5214285714285716,2012-10-08,Automne
4641,201241,11,ILE-DE-FRANCE,-35.357142857142854,173.57142857142858,2.9660714285714285,285.56964285714287,283.6107142857143,88.46428571428571,15085.714285714286,88.18181818181819,6.222222222222222,790.7272727272727,100000.89285714286,284.2357142857143,287.3857142857143,283.2928571428571,5.808928571428572,-10.0,0.0,0.0,-45.55555555555556,0.6428571428571429,1.0714285714285714,3.0142857142857147,4.242857142857143,6.742857142857143,2012-10-08,Automne
4642,201241,82,RHONE-ALPES,-32.857142857142854,198.57142857142856,2.7857142857142856,288.00892857142856,284.2446428571429,79.53571428571429,28058.928571428572,71.76363636363637,4.428571428571429,1424.1666666666667,98475.89285714286,285.12857142857143,290.8,283.43571428571425,5.2625,-10.0,0.0,0.0,-45.27272727272727,0.1892857142857142,0.4285714285714285,0.6428571428571429,1.657142857142857,3.5714285714285716,2012-10-08,Automne
4643,201240,42,ALSACE,8.484848484848484,187.27272727272728,2.9646464646464645,287.60050505050503,283.4833333333333,78.21212121212122,34662.62626262626,96.33333333333331,4.472972972972973,1168.2758620689656,99480.20202020202,283.575,290.83750000000003,281.4,5.497979797979798,-10.0,0.0,0.0,-45.0,0.0545454545454545,0.1797979797979798,0.5391304347826087,0.75,0.9833333333333334,2012-10-01,Automne
4644,201240,72,AQUITAINE,0.9821428571428572,188.57142857142856,2.6607142857142856,290.36339285714286,285.4955357142857,75.29464285714286,30819.04761904762,69.94444444444444,3.4927536231884058,2701.4285714285716,100750.98214285714,285.7714285714286,293.9321428571429,284.2928571428571,4.861607142857143,-10.0,0.0,0.0,-46.18421052631579,0.0303571428571428,0.0875,0.0999999999999999,0.3142857142857143,0.5,2012-10-01,Automne
4645,201240,83,AUVERGNE,2.5,163.03571428571428,2.517857142857143,289.25178571428575,282.8071428571429,68.30357142857143,31517.85714285714,64.28571428571429,3.372549019607843,2724.5098039215686,98003.21428571428,284.82142857142856,292.99285714285713,282.2928571428571,5.416071428571429,-10.0,0.0,0.0,-45.0,0.0037037037037037,0.0037037037037037,0.0153846153846153,0.0142857142857142,0.0285714285714285,2012-10-01,Automne
4646,201240,25,BASSE-NORMANDIE,1.1607142857142858,200.0,4.809821428571429,287.29464285714283,284.34285714285716,83.14285714285714,28142.59259259259,92.28260869565216,4.851851851851852,766.8085106382979,100184.91071428572,284.7392857142857,289.575,282.43571428571425,8.258035714285715,-10.0,0.0,0.0,-45.55555555555556,0.1660714285714286,0.4839285714285714,0.65,1.8785714285714288,3.871428571428571,2012-10-01,Automne
4647,201240,26,BOURGOGNE,3.392857142857143,187.8571428571429,3.085714285714286,288.0258928571429,284.06964285714287,78.89285714285714,26248.214285714286,87.77027027027027,4.185185185185185,1290.0,99457.67857142857,283.7964285714286,291.2785714285714,281.5071428571428,5.5633928571428575,-10.0,0.0,0.0,-45.0,0.0482142857142857,0.1553571428571429,0.3214285714285714,0.5857142857142857,1.1857142857142855,2012-10-01,Automne
4648,201240,53,BRETAGNE,-4.788732394366197,194.5774647887324,5.314084507042254,287.7739436619718,286.1507042253521,90.52112676056338,18659.504132231406,92.28070175438596,6.5256410256410255,531.6521739130435,100596.61971830986,285.6823529411765,289.0970588235294,284.06666666666666,9.2,-10.0,0.0,0.0,-45.36585365853659,0.3028169014084507,0.7816901408450704,1.35,2.1705882352941175,4.291666666666667,2012-10-01,Automne
4649,201240,24,CENTRE,3.392857142857143,200.0,3.6464285714285714,288.0080357142857,283.9642857142857,78.28571428571429,21216.964285714286,80.53921568627452,4.432098765432099,1843.7894736842104,100140.35714285714,284.55,290.8285714285714,282.72142857142853,6.775892857142857,-10.0,0.0,0.0,-45.0,0.0785714285714285,0.2339285714285714,0.3857142857142857,0.95,1.85,2012-10-01,Automne
4650,201240,21,CHAMPAGNE-ARDENNE,5.242718446601942,177.76699029126215,3.933980582524271,286.86359223300974,283.06067961165047,78.99029126213593,19116.504854368937,89.46666666666667,4.285714285714286,1560.2739726027398,100351.16504854368,283.246,289.44599999999997,281.6884615384615,7.009708737864078,-10.0,0.0,0.0,-45.0,0.087378640776699,0.2446601941747572,0.475,0.936,1.2999999999999998,2012-10-01,Automne
4651,201240,94,CORSE,-2.3214285714285716,153.125,2.628571428571429,291.82589285714283,287.9660714285714,79.22321428571429,27250.0,46.197916666666664,2.548780487804878,1443.0232558139537,101765.80357142857,288.06071428571425,294.5392857142857,286.0071428571428,4.5,-10.0,0.0,0.0,-43.58490566037736,0.03125,0.4571428571428572,1.7214285714285715,1.8,3.778571428571429,2012-10-01,Automne
4652,201240,43,FRANCHE-COMTE,6.396396396396397,193.21428571428572,2.720535714285714,287.40446428571425,283.6794642857143,80.14285714285714,27112.5,81.89873417721519,3.7333333333333334,1385.4878048780488,98846.42857142857,283.4428571428571,290.68571428571425,281.0071428571428,5.214545454545455,-10.0,0.0,0.0,-42.765957446808514,0.027027027027027,0.0990990990990991,0.2153846153846153,0.4148148148148148,0.8307692307692308,2012-10-01,Automne
4653,201240,23,HAUTE-NORMANDIE,3.0357142857142856,193.21428571428572,6.646428571428571,287.1410714285714,284.43392857142857,84.375,18535.643564356436,87.91666666666667,5.780821917808219,1085.4255319148936,100318.125,284.85714285714283,289.0,280.43571428571425,10.316964285714286,-10.0,0.0,0.0,-46.15384615384615,0.3151785714285714,0.8702702702702703,1.0444444444444445,3.488888888888889,6.723076923076923,2012-10-01,Automne
4654,201240,91,LANGUEDOC-ROUSSILLON,2.232142857142857,185.3571428571429,2.6026785714285716,291.2133928571429,285.7058558558558,71.93693693693693,32105.803571428572,65.83695652173913,2.8225806451612905,2917.1428571428573,100992.85714285714,286.51785714285717,294.6642857142857,285.22142857142853,4.522321428571429,-10.0,0.0,0.0,-45.51724137931034,0.0035714285714285,0.0035714285714285,0.0,0.0071428571428571,0.0142857142857142,2012-10-01,Automne
4655,201240,74,LIMOUSIN,1.4285714285714286,199.82142857142856,3.4464285714285716,287.9517857142857,284.64910714285713,81.92857142857143,32045.61403508772,82.6923076923077,4.830188679245283,1337.4117647058824,98748.125,284.575,290.475,282.93571428571425,5.774107142857143,-10.0,0.0,0.0,-45.38461538461539,0.0839285714285714,0.2285714285714286,0.7642857142857142,0.9142857142857144,1.8142857142857145,2012-10-01,Automne
4656,201240,41,LORRAINE,0.8518339768339769,193.21428571428572,3.340515796260477,284.8620535714286,280.4638392857143,76.875,22941.964285714286,77.08380069025021,4.472972972972973,1404.9461206896551,100070.444015444,281.3357142857143,288.05357142857144,279.2928571428571,6.159821428571428,-10.0,0.0,0.0,-45.0,0.05740025740025735,0.18908730158730155,0.3345238095238095,0.7571428571428571,1.5214285714285716,2012-10-01,Automne
4657,201240,73,MIDI-PYRENEES,3.125,159.82142857142858,1.9946428571428572,289.62142857142857,283.875,71.625,32918.072289156626,57.0,2.3404255319148937,3627.272727272727,98673.75,283.74285714285713,293.8464285714286,280.7928571428571,4.147321428571429,-10.0,0.0,0.0,-45.0,0.0035714285714285,0.0035714285714285,0.0,0.0071428571428571,0.0142857142857142,2012-10-01,Automne
4658,201240,31,NORD-PAS-DE-CALAIS,12.666666666666666,185.04504504504504,4.222522522522523,286.2815315315315,283.21126126126126,82.72072072072072,23221.81818181818,83.07228915662651,4.85,1517.9012345679012,100605.32710280374,283.54285714285714,288.60357142857146,282.43571428571425,7.192792792792792,-10.0,0.0,0.0,-44.60526315789474,0.3672727272727272,0.8770642201834862,1.3142857142857145,3.511111111111111,6.8,2012-10-01,Automne
4659,201240,52,PAYS-DE-LA-LOIRE,0.8518339768339769,193.21428571428572,3.340515796260477,284.8620535714286,280.4638392857143,76.875,22941.964285714286,77.08380069025021,4.472972972972973,1404.9461206896551,100070.444015444,281.3357142857143,288.05357142857144,279.2928571428571,6.159821428571428,-10.0,0.0,0.0,-45.0,0.05740025740025735,0.18908730158730155,0.3345238095238095,0.7571428571428571,1.5214285714285716,2012-10-01,Automne
4660,201240,22,PICARDIE,12.666666666666666,185.04504504504504,4.222522522522523,286.2815315315315,283.21126126126126,82.72072072072072,23221.81818181818,83.07228915662651,4.85,1517.9012345679012,100605.32710280374,283.54285714285714,288.60357142857146,282.43571428571425,7.192792792792792,-10.0,0.0,0.0,-44.60526315789474,0.3672727272727272,0.8770642201834862,1.3142857142857145,3.511111111111111,6.8,2012-10-01,Automne
4661,201240,54,POITOU-CHARENTES,1.25,195.80357142857144,3.5535714285714284,288.3232142857143,284.86607142857144,81.35714285714286,25491.666666666668,83.03191489361703,4.4363636363636365,1390.9195402298851,100071.42857142857,284.3964285714286,291.20714285714286,282.72142857142853,6.054464285714286,-10.0,0.0,0.0,-45.0,0.0678571428571428,0.2321428571428571,0.6214285714285713,0.8928571428571429,1.8,2012-10-01,Automne
4662,201240,93,PROVENCE-ALPES-COTE-D-AZUR,0.8518339768339769,193.21428571428572,3.340515796260477,284.8620535714286,280.4638392857143,76.875,22941.964285714286,77.08380069025021,4.472972972972973,1404.9461206896551,100070.444015444,281.3357142857143,288.05357142857144,279.2928571428571,6.159821428571428,-10.0,0.0,0.0,-45.0,0.05740025740025735,0.18908730158730155,0.3345238095238095,0.7571428571428571,1.5214285714285716,2012-10-01,Automne
4663,201240,11,ILE-DE-FRANCE,4.285714285714286,205.8928571428571,4.189285714285714,287.8232142857143,283.6107142857143,77.26785714285714,22392.85714285714,79.01785714285714,4.555555555555555,2180.5555555555557,100478.03571428572,285.10714285714283,290.35714285714283,283.15,7.833928571428571,-10.0,0.0,0.0,-45.0,0.0892857142857142,0.2571428571428572,0.3,1.1428571428571428,2.128571428571429,2012-10-01,Automne
4664,201240,82,RHONE-ALPES,1.6071428571428572,158.75,2.7392857142857143,290.15535714285716,284.89464285714286,72.94642857142857,24480.35714285714,62.45454545454545,3.6458333333333335,2135.0,99048.57142857143,286.6,293.07142857142856,284.0071428571428,5.153571428571429,-10.0,0.0,0.0,-44.516129032258064,0.0714285714285714,0.15,0.0714285714285714,0.5857142857142856,1.5142857142857142,2012-10-01,Automne
4665,201239,42,ALSACE,28.392857142857142,181.875,2.9973214285714285,286.37410714285716,282.9401785714286,81.28571428571429,39297.32142857143,94.36764705882354,4.472972972972973,1208.3098591549297,98907.76785714286,283.0107142857143,289.43928571428575,281.2928571428571,6.065454545454545,-10.0,0.0,0.0,-45.0,0.2785714285714286,0.5892857142857143,1.207142857142857,2.35,4.6571428571428575,2012-09-24,Automne
4666,201239,72,AQUITAINE,32.67857142857143,223.83928571428572,3.8294642857142858,289.0375,283.8151785714286,73.35714285714286,39529.6875,78.38541666666667,4.315068493150685,1516.6666666666667,100074.375,285.74642857142857,292.21785714285716,284.8642857142857,6.888392857142857,-10.0,0.0,0.0,-46.62162162162162,0.1598214285714285,0.5142857142857143,0.9071428571428573,2.028571428571429,4.528571428571429,2012-09-24,Automne
4667,201239,83,AUVERGNE,27.454545454545453,167.63636363636363,2.829090909090909,287.1209090909091,282.29181818181814,74.07272727272728,26678.571428571428,76.96428571428571,3.890909090909091,1929.107142857143,97320.90909090907,284.34285714285716,290.3857142857143,282.2928571428571,6.1454545454545455,-10.0,0.0,0.0,-44.72727272727273,0.0777777777777777,0.1888888888888889,0.3999999999999999,0.7857142857142857,1.6285714285714286,2012-09-24,Automne
4668,201239,25,BASSE-NORMANDIE,41.964285714285715,214.6428571428571,4.491964285714286,285.73125,282.36785714285713,81.02678571428571,33037.27272727273,73.98809523809524,4.214285714285714,904.0909090909092,99516.16071428572,282.8357142857143,288.6821428571429,281.0071428571428,7.928571428571429,-10.0,0.0,0.0,-44.72727272727273,0.1803571428571428,0.6749999999999999,1.792857142857143,3.357142857142857,6.942857142857143,2012-09-24,Automne
4669,201239,26,BOURGOGNE,30.982142857142858,194.0178571428571,3.80625,286.6901785714286,282.6732142857143,78.35714285714286,31691.071428571428,86.74666666666667,3.740740740740741,1404.375,98791.60714285714,283.3178571428571,289.91785714285714,281.43571428571425,7.169642857142857,-10.0,0.0,0.0,-45.55555555555556,0.3446428571428571,0.7964285714285715,1.3285714285714287,3.121428571428571,6.235714285714286,2012-09-24,Automne
4670,201239,53,BRETAGNE,46.19047619047619,240.23809523809524,4.559523809523809,285.9434523809524,282.8982142857143,82.75595238095238,27968.794326241135,76.3913043478261,4.573170731707317,1158.7096774193549,100036.30952380953,283.29523809523806,288.5238095238095,279.7928571428571,8.210119047619047,-10.0,0.0,0.0,-45.319148936170215,0.0952380952380952,0.325,0.4238095238095238,1.3857142857142857,4.178571428571429,2012-09-24,Automne
4671,201239,24,CENTRE,35.982142857142854,214.6428571428571,4.013392857142857,286.5767857142857,282.3491071428571,77.35714285714286,22161.60714285714,69.0,4.4520547945205475,1638.1720430107528,99456.33928571428,283.26785714285717,290.03214285714284,281.22142857142853,7.751785714285715,-10.0,0.0,0.0,-45.55555555555556,0.1767857142857143,0.4732142857142857,0.7214285714285714,1.8785714285714288,3.7857142857142856,2012-09-24,Automne
4672,201239,21,CHAMPAGNE-ARDENNE,36.25,203.92857142857144,4.105357142857143,285.92857142857144,282.51964285714286,81.04464285714286,18883.035714285714,88.24675324675324,4.296296296296297,1251.875,99686.42857142857,282.75357142857143,289.2785714285714,281.07857142857137,7.3428571428571425,-10.0,0.0,0.0,-44.44444444444444,0.1964285714285714,0.5946428571428571,1.407142857142857,2.4,4.792857142857144,2012-09-24,Automne
4673,201239,94,CORSE,7.321428571428571,147.67857142857142,2.4053571428571425,294.5392857142857,289.95625,76.26785714285714,24326.785714285714,73.34313725490196,3.5238095238095237,1139.375,101115.625,291.40714285714284,297.4107142857143,289.57857142857137,4.732142857142857,-10.0,0.0,0.0,-43.44827586206897,0.0017857142857142,0.0785714285714285,0.0142857142857142,0.3428571428571428,0.5214285714285715,2012-09-24,Automne
4674,201239,43,FRANCHE-COMTE,27.589285714285715,189.91071428571428,2.855357142857143,285.9714285714286,282.6875,81.875,32253.571428571428,83.35632183908046,3.8260869565217392,1034.7560975609756,98223.83928571428,283.0678571428571,289.0285714285714,280.93571428571425,5.8981818181818175,-10.0,0.0,0.0,-43.04347826086956,0.2928571428571428,0.6232142857142857,1.4,2.514285714285714,4.935714285714285,2012-09-24,Automne
4675,201239,23,HAUTE-NORMANDIE,46.320754716981135,241.1214953271028,6.166355140186916,286.35841121495326,282.9883177570093,80.8411214953271,21013.40206185567,76.60919540229885,5.369230769230769,983.095238095238,99665.5140186916,284.34230769230766,288.49615384615385,279.72142857142853,10.008411214953272,-10.0,0.0,0.0,-45.55555555555556,0.3925233644859813,0.8679245283018868,1.7925925925925923,3.3846153846153846,5.990909090909091,2012-09-24,Automne
4676,201239,91,LANGUEDOC-ROUSSILLON,21.696428571428573,209.46428571428572,3.8232142857142857,290.22053571428575,284.69375,72.0625,35959.82142857143,84.24242424242425,4.635135135135135,1977.8947368421052,100261.42857142857,287.12857142857143,292.96785714285716,286.5071428571428,6.758928571428571,-10.0,0.0,0.0,-45.0,0.2241071428571428,0.6035714285714285,1.3142857142857145,2.4,4.864285714285714,2012-09-24,Automne
4677,201239,74,LIMOUSIN,33.839285714285715,183.30357142857144,4.477678571428571,286.2625,282.35535714285714,78.88392857142857,42850.87719298246,77.3953488372093,4.0,1325.5813953488373,98052.14285714286,283.31428571428575,289.4035714285714,282.5071428571428,8.18125,-10.0,0.0,0.0,-45.483870967741936,0.2714285714285714,0.8660714285714286,1.4142857142857144,3.492857142857143,7.192857142857143,2012-09-24,Automne
4678,201239,41,LORRAINE,0.8518339768339769,193.21428571428572,3.340515796260477,284.8620535714286,280.4638392857143,76.875,22941.964285714286,77.08380069025021,4.472972972972973,1404.9461206896551,100070.444015444,281.3357142857143,288.05357142857144,279.2928571428571,6.159821428571428,-10.0,0.0,0.0,-45.0,0.05740025740025735,0.18908730158730155,0.3345238095238095,0.7571428571428571,1.5214285714285716,2012-09-24,Automne
4679,201239,73,MIDI-PYRENEES,26.785714285714285,209.55357142857144,2.527678571428571,288.03303571428575,283.34285714285716,75.80357142857143,34077.10843373494,87.29166666666667,4.811320754716981,1698.5915492957747,97996.78571428572,284.5392857142857,291.3535714285714,282.72142857142853,5.213392857142857,-10.0,0.0,0.0,-45.30612244897959,0.1223214285714285,0.3910714285714285,0.8428571428571429,1.6285714285714286,3.1785714285714284,2012-09-24,Automne
4680,201239,31,NORD-PAS-DE-CALAIS,39.642857142857146,204.82142857142856,4.828571428571428,286.1017857142857,282.43839285714284,79.50892857142857,29027.027027027027,61.785714285714285,4.0875,1419.2682926829268,99929.28571428572,283.2035714285714,288.57142857142856,282.0071428571428,8.1625,-10.0,0.0,0.0,-43.81578947368421,0.0714285714285714,0.3214285714285714,0.5928571428571429,1.2714285714285716,2.6,2012-09-24,Automne
4681,201239,52,PAYS-DE-LA-LOIRE,0.8518339768339769,193.21428571428572,3.340515796260477,284.8620535714286,280.4638392857143,76.875,22941.964285714286,77.08380069025021,4.472972972972973,1404.9461206896551,100070.444015444,281.3357142857143,288.05357142857144,279.2928571428571,6.159821428571428,-10.0,0.0,0.0,-45.0,0.05740025740025735,0.18908730158730155,0.3345238095238095,0.7571428571428571,1.5214285714285716,2012-09-24,Automne
4682,201239,22,PICARDIE,39.642857142857146,204.82142857142856,4.828571428571428,286.1017857142857,282.43839285714284,79.50892857142857,29027.027027027027,61.785714285714285,4.0875,1419.2682926829268,99929.28571428572,283.2035714285714,288.57142857142856,282.0071428571428,8.1625,-10.0,0.0,0.0,-43.81578947368421,0.0714285714285714,0.3214285714285714,0.5928571428571429,1.2714285714285716,2.6,2012-09-24,Automne
4683,201239,54,POITOU-CHARENTES,35.535714285714285,204.6428571428571,4.347321428571428,286.775,282.72053571428575,78.41071428571429,29094.04761904762,76.95121951219512,3.7818181818181817,1531.9767441860463,99382.32142857143,283.25,290.41785714285714,281.7928571428571,8.0,-10.0,0.0,0.0,-45.42857142857143,0.2303571428571428,0.6696428571428571,1.0285714285714287,2.6,5.3999999999999995,2012-09-24,Automne
4684,201239,93,PROVENCE-ALPES-COTE-D-AZUR,0.8518339768339769,193.21428571428572,3.340515796260477,284.8620535714286,280.4638392857143,76.875,22941.964285714286,77.08380069025021,4.472972972972973,1404.9461206896551,100070.444015444,281.3357142857143,288.05357142857144,279.2928571428571,6.159821428571428,-10.0,0.0,0.0,-45.0,0.05740025740025735,0.18908730158730155,0.3345238095238095,0.7571428571428571,1.5214285714285716,2012-09-24,Automne
4685,201239,11,ILE-DE-FRANCE,39.285714285714285,225.71428571428572,3.966071428571429,286.19107142857143,282.1660714285714,78.125,23198.214285714286,61.45454545454545,4.869565217391305,1616.6666666666667,99801.42857142857,283.25714285714287,289.50714285714287,281.0071428571428,7.7803571428571425,-10.0,0.0,0.0,-45.55555555555556,0.1571428571428571,0.3,0.7428571428571429,1.3142857142857145,2.6714285714285713,2012-09-24,Automne
4686,201239,82,RHONE-ALPES,24.821428571428573,215.17857142857144,3.955357142857143,288.2625,283.63392857142856,75.57142857142857,29000.0,79.46428571428571,4.0181818181818185,2103.6363636363635,98377.5,285.5214285714286,291.07142857142856,284.72142857142853,7.3875,-10.0,0.0,0.0,-45.0,0.5571428571428572,1.5642857142857145,3.814285714285714,6.242857142857143,11.857142857142858,2012-09-24,Automne
4687,201238,42,ALSACE,-16.607142857142858,206.69642857142856,2.116964285714286,287.52767857142857,282.2044642857143,73.55357142857143,34551.33928571428,96.12962962962963,4.472972972972973,1217.0833333333333,99429.01785714286,282.19642857142856,292.0357142857143,280.15,4.295535714285714,-10.0,0.0,0.0,-45.0,0.1482142857142857,0.4142857142857142,1.0214285714285716,1.657142857142857,3.292857142857143,2012-09-17,Automne
4688,201238,72,AQUITAINE,-20.089285714285715,175.35714285714286,3.7598214285714286,292.3857142857143,284.9919642857143,66.30357142857143,34410.9375,69.34782608695652,2.546666666666667,2499.3333333333335,100370.26785714286,288.15714285714284,296.9035714285714,287.0071428571428,6.890178571428572,-10.0,0.0,0.0,-46.18421052631579,0.0928571428571428,0.1821428571428571,0.4214285714285714,0.65,0.8785714285714284,2012-09-17,Automne
4689,201238,83,AUVERGNE,-18.571428571428573,157.85714285714286,2.5732142857142857,289.2964285714286,283.61607142857144,71.5,32160.714285714286,65.9090909090909,2.686274509803922,3720.192307692307,97771.78571428572,284.1714285714286,293.61428571428576,281.8642857142857,5.428571428571429,-10.0,0.0,0.0,-45.6,0.0339622641509433,0.1192307692307692,0.3333333333333333,0.4461538461538461,0.942857142857143,2012-09-17,Automne
4690,201238,25,BASSE-NORMANDIE,-31.785714285714285,165.08928571428572,2.524107142857143,286.06071428571425,281.12857142857143,73.98214285714286,28941.964285714286,83.79518072289157,3.375,2007.2289156626507,100401.60714285714,281.2892857142857,289.875,277.65,4.792857142857143,-10.0,0.0,0.0,-45.0,0.0339285714285714,0.2767857142857143,0.15,0.3928571428571428,0.5571428571428572,2012-09-17,Automne
4691,201238,26,BOURGOGNE,-19.732142857142858,180.53571428571428,2.4785714285714286,288.0830357142857,281.9008928571429,70.05357142857143,28800.0,86.02857142857142,2.730769230769231,2170.677966101695,99315.0,282.3464285714286,292.8,280.15,4.615178571428571,-10.0,0.0,0.0,-45.0,0.1392857142857143,0.3142857142857143,0.95,1.2357142857142858,2.435714285714286,2012-09-17,Automne
4692,201238,53,BRETAGNE,-38.035714285714285,181.25,3.0351190476190473,286.4708333333333,282.68333333333334,79.70238095238095,25094.557823129253,82.0,4.3977272727272725,1802.75,100860.83333333331,282.9452380952381,289.25714285714287,277.65,5.635714285714286,-10.0,0.0,0.0,-45.6,0.1559523809523809,0.4571428571428571,0.6666666666666666,1.7000000000000002,2.2142857142857144,2012-09-17,Automne
4693,201238,24,CENTRE,-23.660714285714285,184.0178571428571,2.508035714285714,287.79017857142856,281.2607142857143,68.03571428571429,24463.39285714286,70.27659574468085,2.7733333333333334,3020.4545454545455,100120.71428571428,282.04285714285714,292.26785714285717,279.22142857142853,4.789285714285714,-10.0,0.0,0.0,-45.55555555555556,0.0767857142857142,0.1964285714285714,0.5214285714285715,0.7357142857142858,1.4857142857142858,2012-09-17,Automne
4694,201238,21,CHAMPAGNE-ARDENNE,-24.017857142857142,195.625,2.3133928571428575,285.7955357142857,280.4946428571429,73.05357142857143,18220.535714285714,80.77272727272727,2.107142857142857,2479.8245614035086,100397.85714285714,279.1821428571429,290.7107142857143,276.3642857142857,4.276785714285714,-10.0,0.0,0.0,-45.0,0.0375,0.0955357142857143,0.0392857142857142,0.375,0.75,2012-09-17,Automne
4695,201238,94,CORSE,-4.017857142857143,139.46428571428572,2.4830357142857147,293.11160714285717,288.4214285714286,75.50892857142857,30383.928571428572,49.51086956521739,2.4615384615384617,1728.6842105263158,101465.26785714286,288.9857142857143,295.9357142857143,286.93571428571425,4.047321428571428,-10.0,0.0,0.0,-43.63636363636363,0.0124999999999999,0.0339285714285714,0.1357142857142857,0.1357142857142857,0.2714285714285714,2012-09-17,Automne
4696,201238,43,FRANCHE-COMTE,-16.517857142857142,194.46428571428572,2.10625,287.5392857142857,282.91875,76.46428571428571,28131.25,82.08536585365853,3.0869565217391304,1133.4920634920634,98719.19642857143,282.56428571428575,291.67857142857144,280.3642857142857,4.134821428571429,-10.0,0.0,0.0,-43.04347826086956,0.1375,0.3285714285714285,0.9785714285714284,1.3071428571428572,2.6142857142857143,2012-09-17,Automne
4697,201238,23,HAUTE-NORMANDIE,-31.964285714285715,197.2321428571429,4.290178571428571,286.6732142857143,281.9830357142857,74.5,25505.102040816328,79.72941176470589,4.573529411764706,1395.5696202531649,100649.19642857143,283.7892857142857,288.9214285714286,275.57857142857137,6.888392857142857,-10.0,0.0,0.0,-46.15384615384615,0.0642857142857143,0.1495495495495495,0.0444444444444444,0.3111111111111111,0.6142857142857144,2012-09-17,Automne
4698,201238,91,LANGUEDOC-ROUSSILLON,-12.545454545454543,168.55855855855856,3.8189189189189183,292.6743243243243,286.10945945945946,69.12612612612612,32347.747747747748,69.79569892473118,3.859154929577465,2142.9411764705883,100671.26126126126,288.93148148148146,296.0462962962963,287.7928571428571,6.533333333333334,-10.0,0.0,0.0,-45.0,0.0414414414414414,0.05,0.1111111111111111,0.128,0.2181818181818181,2012-09-17,Automne
4699,201238,74,LIMOUSIN,-22.946428571428573,149.82142857142858,2.93125,288.8803571428571,281.99642857142857,67.14285714285714,42810.71428571428,77.5,2.672727272727273,2827.3846153846152,98522.5,283.65,293.34285714285716,282.07857142857137,5.3741071428571425,-10.0,0.0,0.0,-45.55555555555556,0.0553571428571428,0.2428571428571428,0.7214285714285714,0.9357142857142856,1.6357142857142857,2012-09-17,Automne
4700,201238,41,LORRAINE,0.8518339768339769,193.21428571428572,3.340515796260477,284.8620535714286,280.4638392857143,76.875,22941.964285714286,77.08380069025021,4.472972972972973,1404.9461206896551,100070.444015444,281.3357142857143,288.05357142857144,279.2928571428571,6.159821428571428,-10.0,0.0,0.0,-45.0,0.05740025740025735,0.18908730158730155,0.3345238095238095,0.7571428571428571,1.5214285714285716,2012-09-17,Automne
4701,201238,73,MIDI-PYRENEES,-14.821428571428571,164.19642857142858,3.0598214285714285,291.6794642857143,285.64464285714286,71.33928571428571,33636.90476190476,63.656716417910445,3.5185185185185186,2517.846153846154,98291.07142857143,287.55357142857144,295.83214285714286,285.0071428571428,5.859821428571428,-10.0,0.0,0.0,-45.27272727272727,0.0625,0.1125,0.1714285714285714,0.3428571428571428,0.6714285714285715,2012-09-17,Automne
4702,201238,31,NORD-PAS-DE-CALAIS,-29.18918918918919,186.57657657657657,3.3315315315315317,285.7752252252252,280.49234234234234,71.94594594594595,28351.35135135135,69.6951219512195,4.063291139240507,2073.3766233766232,100920.8108108108,282.3642857142857,288.96785714285716,280.0071428571428,5.615315315315315,-10.0,0.0,0.0,-43.81578947368421,0.0162162162162162,0.0345454545454545,0.0814814814814814,0.1357142857142857,0.1999999999999999,2012-09-17,Automne
4703,201238,52,PAYS-DE-LA-LOIRE,0.8518339768339769,193.21428571428572,3.340515796260477,284.8620535714286,280.4638392857143,76.875,22941.964285714286,77.08380069025021,4.472972972972973,1404.9461206896551,100070.444015444,281.3357142857143,288.05357142857144,279.2928571428571,6.159821428571428,-10.0,0.0,0.0,-45.0,0.05740025740025735,0.18908730158730155,0.3345238095238095,0.7571428571428571,1.5214285714285716,2012-09-17,Automne
4704,201238,22,PICARDIE,-29.18918918918919,186.57657657657657,3.3315315315315317,285.7752252252252,280.49234234234234,71.94594594594595,28351.35135135135,69.6951219512195,4.063291139240507,2073.3766233766232,100920.8108108108,282.3642857142857,288.96785714285716,280.0071428571428,5.615315315315315,-10.0,0.0,0.0,-43.81578947368421,0.0162162162162162,0.0345454545454545,0.0814814814814814,0.1357142857142857,0.1999999999999999,2012-09-17,Automne
4705,201238,54,POITOU-CHARENTES,-23.571428571428573,171.25,2.7330357142857147,288.46875,281.5910714285714,67.46428571428571,30466.265060240963,77.11842105263158,2.388888888888889,2602.9411764705883,99907.58928571428,282.2785714285714,293.55,280.3642857142857,5.099107142857143,-10.0,0.0,0.0,-45.0,0.0642857142857143,0.2125,0.5,0.8571428571428571,1.4857142857142858,2012-09-17,Automne
4706,201238,93,PROVENCE-ALPES-COTE-D-AZUR,0.8518339768339769,193.21428571428572,3.340515796260477,284.8620535714286,280.4638392857143,76.875,22941.964285714286,77.08380069025021,4.472972972972973,1404.9461206896551,100070.444015444,281.3357142857143,288.05357142857144,279.2928571428571,6.159821428571428,-10.0,0.0,0.0,-45.0,0.05740025740025735,0.18908730158730155,0.3345238095238095,0.7571428571428571,1.5214285714285716,2012-09-17,Automne
4707,201238,11,ILE-DE-FRANCE,-26.071428571428573,202.67857142857144,2.460714285714286,287.0160714285714,280.94107142857143,69.07142857142857,25714.285714285714,64.72727272727273,2.795918367346939,3167.6470588235293,100590.17857142857,281.6,291.0571428571429,277.72142857142853,4.639285714285714,-10.0,0.0,0.0,-45.84905660377358,0.025,0.0571428571428571,0.0428571428571428,0.1857142857142857,0.3999999999999999,2012-09-17,Automne
4708,201238,82,RHONE-ALPES,-14.285714285714286,203.3928571428571,3.955357142857143,290.50357142857143,284.7625,71.0,28626.785714285714,61.214285714285715,2.1458333333333335,3779.7619047619046,98829.28571428572,286.4428571428571,294.0214285714286,284.2928571428571,7.269642857142857,-10.0,0.0,0.0,-44.57142857142857,0.0392857142857142,0.1571428571428571,0.5,0.6142857142857142,1.1428571428571428,2012-09-17,Automne
4709,201237,42,ALSACE,-2.9464285714285716,197.2321428571429,2.1660714285714286,289.1455357142857,283.8919642857143,73.65178571428571,35356.25,95.71428571428572,4.472972972972973,1194.6,99444.19642857143,284.4857142857143,293.78214285714284,281.7928571428571,4.386607142857143,-10.0,0.0,0.0,-45.0,0.1160714285714285,0.1837837837837837,0.237037037037037,0.6962962962962963,1.5230769230769232,2012-09-10,Automne
4710,201237,72,AQUITAINE,-3.928571428571429,233.3928571428571,3.4,292.5580357142857,285.1901785714286,65.44642857142857,33651.6129032258,69.78888888888889,3.343283582089552,1944.75,100666.78571428572,287.85,297.01071428571424,286.65,6.089285714285714,-10.0,0.0,0.0,-46.0,0.0178571428571428,0.0357142857142857,0.0571428571428571,0.15,0.2857142857142857,2012-09-10,Automne
4711,201237,83,AUVERGNE,-4.107142857142857,202.1428571428571,2.316071428571429,289.99821428571425,283.4089285714286,67.66071428571429,29410.714285714286,63.333333333333336,3.5833333333333335,2176.530612244898,97913.21428571428,285.67857142857144,294.5214285714286,284.15,5.307272727272727,-10.0,0.0,0.0,-45.57692307692308,0.3773584905660377,0.4549019607843137,1.25,0.8461538461538461,0.5,2012-09-10,Automne
4712,201237,25,BASSE-NORMANDIE,1.4285714285714286,229.19642857142856,3.3125,288.31875,283.675,75.26785714285714,28884.545454545456,74.88235294117646,4.471698113207547,1415.6626506024097,100491.51785714286,284.675,291.9607142857143,282.07857142857137,6.209821428571429,-10.0,0.0,0.0,-44.72727272727273,0.0642857142857143,0.1303571428571428,0.3714285714285714,0.5428571428571429,1.1357142857142857,2012-09-10,Automne
4713,201237,26,BOURGOGNE,-2.5892857142857144,210.53571428571428,2.097321428571429,289.4892857142857,283.73214285714283,71.24107142857143,29191.071428571428,83.64864864864865,3.56,1780.7575757575758,99423.125,284.83214285714286,293.76071428571424,282.5071428571428,4.358928571428572,-10.0,0.0,0.0,-45.55555555555556,0.0410714285714285,0.0839285714285714,0.0499999999999999,0.3357142857142857,0.7142857142857143,2012-09-10,Automne
4714,201237,53,BRETAGNE,3.75,242.5595238095238,3.3339285714285714,288.46011904761906,284.89940476190475,80.625,26377.931034482757,79.6694214876033,5.170454545454546,795.6451612903226,101053.75,285.62380952380954,291.052380952381,282.15,6.191666666666667,-10.0,0.0,0.0,-44.716981132075475,0.0607142857142857,0.2023809523809523,0.5333333333333333,0.8571428571428571,1.8142857142857145,2012-09-10,Automne
4715,201237,24,CENTRE,-1.0714285714285714,236.33928571428572,2.4366071428571425,289.2892857142857,283.6098214285714,71.39285714285714,22294.64285714286,67.2,4.094594594594595,2426.4444444444443,100223.83928571428,285.0142857142857,293.27500000000003,283.0071428571428,4.932142857142857,-10.0,0.0,0.0,-45.36585365853659,0.0660714285714285,0.1607142857142857,0.1714285714285714,0.6714285714285715,1.3285714285714283,2012-09-10,Automne
4716,201237,21,CHAMPAGNE-ARDENNE,-0.5357142857142857,213.21428571428572,2.61875,288.15803571428575,283.46696428571425,75.51785714285714,18540.178571428572,85.06849315068493,4.185185185185185,1547.8260869565215,100408.92857142857,283.475,292.36785714285713,281.07857142857137,4.9071428571428575,-10.0,0.0,0.0,-45.0,0.0321428571428571,0.1035714285714285,0.0857142857142857,0.4857142857142857,0.9142857142857144,2012-09-10,Automne
4717,201237,94,CORSE,-4.553571428571429,182.5,3.4401785714285715,293.9142857142857,286.18571428571425,63.598214285714285,29535.714285714286,34.10526315789474,1.7575757575757576,1782.608695652174,101095.80357142857,289.5785714285714,297.22499999999997,287.5071428571428,5.9383928571428575,-10.0,0.0066666666666666,0.0,-44.09638554216867,0.0446428571428571,0.1535714285714285,0.2714285714285714,0.6142857142857142,1.25,2012-09-10,Automne
4718,201237,43,FRANCHE-COMTE,-3.6607142857142856,195.625,2.008035714285714,288.8178571428571,283.95089285714283,75.13392857142857,32061.60714285714,75.3012048192771,2.851063829787234,1221.9718309859154,98756.875,284.4785714285714,293.02500000000003,281.8642857142857,4.425892857142857,-10.0,0.0,0.0,-42.857142857142854,0.1142857142857143,0.2482142857142857,0.6214285714285713,1.0,2.0214285714285714,2012-09-10,Automne
4719,201237,23,HAUTE-NORMANDIE,2.641509433962264,241.7924528301887,5.013207547169811,288.7301886792453,284.7415094339623,78.10377358490567,23791.20879120879,69.17721518987342,4.578125,1126.0,100734.5283018868,286.2730769230769,291.1769230769231,278.65,7.969811320754718,-10.0,0.0,0.0,-45.0,0.0152380952380952,0.0876190476190476,0.2615384615384615,0.4,0.8333333333333334,2012-09-10,Automne
4720,201237,91,LANGUEDOC-ROUSSILLON,-4.285714285714286,220.80357142857144,4.3098214285714285,293.72232142857143,285.22232142857143,61.151785714285715,39524.545454545456,54.946236559139784,3.736842105263158,2129.178082191781,100736.25,289.43571428571425,297.50357142857143,288.5071428571428,7.160714285714286,-10.0,0.0,0.0,-45.0,0.0089285714285714,0.0178571428571428,0.0357142857142857,0.0714285714285714,0.1428571428571428,2012-09-10,Automne
4721,201237,74,LIMOUSIN,-3.0357142857142856,219.9099099099099,2.300900900900901,289.48839285714286,283.23035714285714,68.6875,48413.793103448275,75.88235294117646,3.44,2213.0666666666666,98761.96428571428,284.7892857142857,293.6642857142857,283.0071428571428,4.702702702702703,-10.0,0.0,0.0,-44.34782608695652,0.0767857142857142,0.1017857142857142,0.0357142857142857,0.4,0.8428571428571427,2012-09-10,Automne
4722,201237,41,LORRAINE,0.8518339768339769,193.21428571428572,3.340515796260477,284.8620535714286,280.4638392857143,76.875,22941.964285714286,77.08380069025021,4.472972972972973,1404.9461206896551,100070.444015444,281.3357142857143,288.05357142857144,279.2928571428571,6.159821428571428,-10.0,0.0,0.0,-45.0,0.05740025740025735,0.18908730158730155,0.3345238095238095,0.7571428571428571,1.5214285714285716,2012-09-10,Automne
4723,201237,73,MIDI-PYRENEES,-4.196428571428571,229.7321428571429,3.220535714285714,291.7107142857143,284.93928571428575,67.82142857142857,33050.0,64.55223880597015,3.489795918367347,2580.9375,98544.64285714286,286.78214285714284,296.38571428571424,284.3642857142857,6.034821428571428,-10.0,0.0,0.0,-45.283018867924525,0.0660714285714285,0.2071428571428571,0.6285714285714284,0.8428571428571427,1.6428571428571428,2012-09-10,Automne
4724,201237,31,NORD-PAS-DE-CALAIS,1.0714285714285714,246.69642857142856,3.8285714285714287,288.36160714285717,283.65267857142857,75.10714285714286,28526.785714285714,62.5609756097561,3.886075949367088,2164.814814814815,100830.625,284.8285714285714,291.7892857142857,282.8642857142857,6.765178571428572,-10.0,0.0,0.0,-43.6,0.0414414414414414,0.09009009009009,0.3142857142857143,0.3925925925925926,0.7714285714285715,2012-09-10,Automne
4725,201237,52,PAYS-DE-LA-LOIRE,0.8518339768339769,193.21428571428572,3.340515796260477,284.8620535714286,280.4638392857143,76.875,22941.964285714286,77.08380069025021,4.472972972972973,1404.9461206896551,100070.444015444,281.3357142857143,288.05357142857144,279.2928571428571,6.159821428571428,-10.0,0.0,0.0,-45.0,0.05740025740025735,0.18908730158730155,0.3345238095238095,0.7571428571428571,1.5214285714285716,2012-09-10,Automne
4726,201237,22,PICARDIE,1.0714285714285714,246.69642857142856,3.8285714285714287,288.36160714285717,283.65267857142857,75.10714285714286,28526.785714285714,62.5609756097561,3.886075949367088,2164.814814814815,100830.625,284.8285714285714,291.7892857142857,282.8642857142857,6.765178571428572,-10.0,0.0,0.0,-43.6,0.0414414414414414,0.09009009009009,0.3142857142857143,0.3925925925925926,0.7714285714285715,2012-09-10,Automne
4727,201237,54,POITOU-CHARENTES,-2.232142857142857,231.07142857142856,2.1714285714285713,289.69107142857143,283.6151785714286,69.92857142857143,30894.117647058825,74.53488372093024,3.76,2117.9220779220777,100117.14285714286,284.87857142857143,293.9357142857143,283.22142857142853,4.463392857142857,-10.0,0.0,0.0,-45.55555555555556,0.0535714285714285,0.0857142857142857,0.0428571428571428,0.3571428571428571,0.692857142857143,2012-09-10,Automne
4728,201237,93,PROVENCE-ALPES-COTE-D-AZUR,0.8518339768339769,193.21428571428572,3.340515796260477,284.8620535714286,280.4638392857143,76.875,22941.964285714286,77.08380069025021,4.472972972972973,1404.9461206896551,100070.444015444,281.3357142857143,288.05357142857144,279.2928571428571,6.159821428571428,-10.0,0.0,0.0,-45.0,0.05740025740025735,0.18908730158730155,0.3345238095238095,0.7571428571428571,1.5214285714285716,2012-09-10,Automne
4729,201237,11,ILE-DE-FRANCE,-0.1785714285714285,239.28571428571428,2.7785714285714285,288.83035714285717,283.68928571428575,73.42857142857143,23142.85714285714,61.517857142857146,4.36734693877551,2613.0,100630.35714285714,285.0214285714286,292.7857142857143,282.43571428571425,5.325,-10.0,0.0,0.0,-45.27272727272727,0.1035714285714285,0.2678571428571428,0.2714285714285714,1.085714285714286,2.1714285714285713,2012-09-10,Automne
4730,201237,82,RHONE-ALPES,-4.285714285714286,252.32142857142856,3.773214285714286,290.68035714285713,284.80535714285713,70.875,32089.285714285714,60.357142857142854,3.36,2822.0,98871.07142857143,287.0857142857143,294.12857142857143,285.57857142857137,6.667857142857143,-10.0,0.0,0.0,-45.0,0.4035714285714286,0.7142857142857143,0.7142857142857143,2.857142857142857,5.742857142857143,2012-09-10,Automne
4731,201236,42,ALSACE,-15.714285714285714,143.75,3.258035714285714,292.24642857142857,283.89285714285717,61.401785714285715,40062.5,94.44444444444444,4.472972972972973,1600.0,99865.0,285.93571428571425,297.3071428571429,283.57857142857137,5.848214285714286,-10.0,0.0,0.0,-45.0,0.0,0.0,0.0,0.0,0.0,2012-09-03,Automne
4732,201236,72,AQUITAINE,-15.625,212.8571428571429,2.855357142857143,295.43660714285716,286.0410714285714,59.455357142857146,30908.108108108107,43.05952380952381,2.425531914893617,2722.1153846153848,100828.125,289.06071428571425,300.75,287.15,5.404464285714285,-10.0,0.0,0.0,-46.8,0.0,0.0,0.0,0.0,0.0,2012-09-03,Automne
4733,201236,83,AUVERGNE,-13.392857142857142,156.07142857142858,2.1964285714285716,292.575,284.8125,63.57142857142857,26571.428571428572,38.27272727272727,3.973684210526316,1834.6153846153843,98216.78571428572,286.5,297.42857142857144,284.57857142857137,5.008928571428571,-10.0,0.0,0.0,-45.27272727272727,0.0,0.0,0.0,0.0,0.0,2012-09-03,Automne
4734,201236,25,BASSE-NORMANDIE,-24.285714285714285,137.32142857142858,2.5910714285714285,289.60625,283.9348214285714,73.25,21484.25925925926,52.8125,2.4130434782608696,2832.3809523809523,101061.875,283.11785714285713,294.9321428571429,278.93571428571425,4.757657657657658,-10.0,0.0,0.0,-45.283018867924525,0.0018181818181818,0.0072727272727272,0.0,0.0307692307692307,0.0727272727272727,2012-09-03,Automne
4735,201236,26,BOURGOGNE,-16.517857142857142,140.08928571428572,3.371428571428571,292.87410714285716,282.95982142857144,56.410714285714285,33928.57142857143,49.625,0.8571428571428571,4259.090909090909,99772.5,285.8964285714286,298.075,283.93571428571425,5.985714285714286,-10.0,0.0,0.0,-45.0,0.0,0.0,0.0,0.0,0.0,2012-09-03,Automne
4736,201236,53,BRETAGNE,-26.72619047619047,162.14285714285714,3.2773809523809527,289.5488095238095,285.7970238095238,81.30952380952381,17783.333333333332,69.84313725490196,3.9397590361445785,2220.4210526315787,101545.0,285.3809523809524,293.2738095238095,280.22142857142853,5.707142857142857,-10.0,0.0,0.0,-45.0,0.0166666666666666,0.0321428571428571,0.0428571428571428,0.0952380952380952,0.0857142857142857,2012-09-03,Automne
4737,201236,24,CENTRE,-21.071428571428573,135.0,2.8776785714285715,292.29375,282.64285714285717,58.455357142857146,23147.321428571428,40.11764705882353,1.2318840579710144,5908.695652173913,100672.23214285714,285.28214285714284,297.6392857142857,282.3642857142857,5.614285714285714,-10.0,0.0,0.0,-44.81927710843374,0.0,0.0,0.0,0.0,0.0,2012-09-03,Automne
4738,201236,21,CHAMPAGNE-ARDENNE,-21.559633027522935,176.9724770642202,2.6403669724770644,290.3270642201835,282.21697247706425,63.61467889908257,18561.467889908257,48.285714285714285,0.7692307692307693,4844.848484848485,100951.376146789,282.4321428571429,296.67857142857144,279.5071428571428,5.055045871559633,-10.0,0.0,0.0,-45.55555555555556,0.0,0.0018348623853211,0.0074074074074074,0.0071428571428571,0.0142857142857142,2012-09-03,Automne
4739,201236,94,CORSE,3.928571428571429,154.28571428571428,2.5098214285714286,294.7285714285714,289.7285714285714,74.55357142857143,23009.375,51.95876288659794,2.8840579710144927,1033.1168831168832,101475.80357142857,291.2785714285714,297.3107142857143,289.5071428571428,4.620535714285714,-10.0,0.0,0.0,-43.75,0.3107142857142856,0.8571428571428571,1.5571428571428572,3.7714285714285714,9.85,2012-09-03,Automne
4740,201236,43,FRANCHE-COMTE,-13.482142857142858,186.25,2.9223214285714287,291.69107142857143,284.8491071428571,67.41071428571429,31840.178571428572,65.67796610169492,4.658536585365853,1351.2727272727273,99130.35714285714,286.07142857142856,296.35714285714283,283.72142857142853,5.3500000000000005,-10.0,0.0,0.0,-43.04347826086956,0.0035714285714285,0.0053571428571428,0.0,0.0214285714285714,0.0428571428571428,2012-09-03,Automne
4741,201236,23,HAUTE-NORMANDIE,-24.504504504504503,127.11711711711712,3.2513513513513512,289.5554054054054,285.2094594594595,78.35135135135135,17792.222222222223,61.55072463768116,3.826923076923077,2826.9491525423728,101354.14414414414,285.06428571428575,293.02500000000003,279.43571428571425,5.1427272727272735,-10.0,0.0,0.0,-46.15384615384615,0.0072072072072072,0.0148148148148148,0.0074074074074074,0.0615384615384615,0.1,2012-09-03,Automne
4742,201236,91,LANGUEDOC-ROUSSILLON,-8.571428571428571,217.41071428571428,3.0464285714285713,295.75892857142856,286.8044642857143,59.88392857142857,24994.767441860466,47.15909090909091,3.14,3105.7377049180327,100942.76785714286,290.29285714285714,299.84999999999997,289.07857142857137,5.40625,-10.0,0.0,0.0,-46.666666666666664,0.0,0.0017857142857142,0.0071428571428571,0.0071428571428571,0.0142857142857142,2012-09-03,Automne
4743,201236,74,LIMOUSIN,-17.545454545454547,135.9090909090909,3.402727272727273,292.8118181818182,282.96,57.0,45763.63636363636,31.5,1.0789473684210529,3676.315789473684,99016.54545454546,285.9214285714286,297.84285714285716,284.22142857142853,6.1072727272727265,-10.0,0.0,0.0,-44.516129032258064,0.0,0.0,0.0,0.0,0.0,2012-09-03,Automne
4744,201236,41,LORRAINE,0.8518339768339769,193.21428571428572,3.340515796260477,284.8620535714286,280.4638392857143,76.875,22941.964285714286,77.08380069025021,4.472972972972973,1404.9461206896551,100070.444015444,281.3357142857143,288.05357142857144,279.2928571428571,6.159821428571428,-10.0,0.0,0.0,-45.0,0.05740025740025735,0.18908730158730155,0.3345238095238095,0.7571428571428571,1.5214285714285716,2012-09-03,Automne
4745,201236,73,MIDI-PYRENEES,-13.963963963963964,193.33333333333337,2.3612612612612613,294.0869369369369,285.5995495495495,62.351351351351354,31035.087719298244,46.854838709677416,3.136363636363636,2819.811320754717,98736.03603603604,287.57142857142856,298.7785714285714,284.93571428571425,4.793693693693694,-10.0,0.0,0.0,-45.84905660377358,0.0,0.0,0.0,0.0,0.0,2012-09-03,Automne
4746,201236,31,NORD-PAS-DE-CALAIS,-21.90909090909091,195.45454545454547,2.2372727272727273,290.10636363636365,284.13,72.93636363636364,19661.92660550459,46.876543209876544,2.892307692307692,3151.0344827586205,101604.63636363635,284.9107142857143,294.54285714285714,282.15,4.068181818181818,-10.0,0.0,0.0,-44.189189189189186,0.0036363636363636,0.02,0.0148148148148148,0.0785714285714285,0.1571428571428571,2012-09-03,Automne
4747,201236,52,PAYS-DE-LA-LOIRE,0.8518339768339769,193.21428571428572,3.340515796260477,284.8620535714286,280.4638392857143,76.875,22941.964285714286,77.08380069025021,4.472972972972973,1404.9461206896551,100070.444015444,281.3357142857143,288.05357142857144,279.2928571428571,6.159821428571428,-10.0,0.0,0.0,-45.0,0.05740025740025735,0.18908730158730155,0.3345238095238095,0.7571428571428571,1.5214285714285716,2012-09-03,Automne
4748,201236,22,PICARDIE,-21.90909090909091,195.45454545454547,2.2372727272727273,290.10636363636365,284.13,72.93636363636364,19661.92660550459,46.876543209876544,2.892307692307692,3151.0344827586205,101604.63636363635,284.9107142857143,294.54285714285714,282.15,4.068181818181818,-10.0,0.0,0.0,-44.189189189189186,0.0036363636363636,0.02,0.0148148148148148,0.0785714285714285,0.1571428571428571,2012-09-03,Automne
4749,201236,54,POITOU-CHARENTES,-18.90909090909091,134.63636363636363,3.136363636363636,292.9236363636364,282.7,56.4,30500.0,36.58730158730159,0.8604651162790697,4943.90243902439,100432.27272727272,285.06428571428575,298.6714285714285,283.22142857142853,5.6909090909090905,-10.0,0.0,0.0,-45.0,0.0,0.0,0.0,0.0,0.0,2012-09-03,Automne
4750,201236,93,PROVENCE-ALPES-COTE-D-AZUR,0.8518339768339769,193.21428571428572,3.340515796260477,284.8620535714286,280.4638392857143,76.875,22941.964285714286,77.08380069025021,4.472972972972973,1404.9461206896551,100070.444015444,281.3357142857143,288.05357142857144,279.2928571428571,6.159821428571428,-10.0,0.0,0.0,-45.0,0.05740025740025735,0.18908730158730155,0.3345238095238095,0.7571428571428571,1.5214285714285716,2012-09-03,Automne
4751,201236,11,ILE-DE-FRANCE,-23.392857142857142,131.07142857142858,2.835714285714286,291.62678571428575,282.94464285714287,61.75,23473.214285714286,42.45454545454545,1.3958333333333333,5993.75,101178.57142857143,285.35,296.87857142857143,281.2928571428571,5.619642857142857,-10.0,0.0,0.0,-44.72727272727273,0.0,0.0,0.0,0.0,0.0,2012-09-03,Automne
4752,201236,82,RHONE-ALPES,-10.357142857142858,231.42857142857144,2.7589285714285716,292.9142857142857,286.6589285714286,69.57142857142857,21625.0,35.892857142857146,3.6153846153846154,2283.3333333333335,99132.14285714286,288.3285714285714,296.82142857142856,285.43571428571425,5.2821428571428575,-10.0,0.0,0.0,-45.0,0.0,0.0,0.0,0.0,0.0,2012-09-03,Automne
4753,201235,42,ALSACE,2.8828828828828827,213.33333333333337,3.218018018018018,290.5148648648649,285.0454954954955,72.14414414414415,47315.31531531532,96.75,4.472972972972973,1330.8333333333333,99830.72072072072,286.3,294.35714285714283,284.2928571428571,6.065765765765766,-10.0,0.0,0.0,-45.0,0.0234234234234234,0.1045045045045045,0.3214285714285714,0.4571428571428572,0.9357142857142856,2012-08-27,Ete
4754,201235,72,AQUITAINE,6.785714285714286,233.83928571428572,3.746428571428571,292.74375000000003,284.41875,62.142857142857146,46514.28571428572,67.39583333333333,3.1527777777777777,2156.9767441860463,101077.32142857143,288.0142857142857,297.49642857142857,286.5071428571428,6.625,-10.0,0.0,0.0,-46.43835616438356,0.05,0.1589285714285714,0.4285714285714285,0.6571428571428571,1.3571428571428572,2012-08-27,Ete
4755,201235,83,AUVERGNE,6.7272727272727275,196.78571428571428,2.753571428571429,290.7875,283.2839285714286,63.75,31875.0,66.72727272727273,4.125,1911.0,98306.78571428572,286.25714285714287,294.87857142857143,285.15,6.017857142857143,-10.0,0.0,0.0,-44.15094339622642,0.0481481481481481,0.1666666666666666,0.5499999999999999,0.6,1.1428571428571428,2012-08-27,Ete
4756,201235,25,BASSE-NORMANDIE,14.678899082568808,248.36363636363637,3.917272727272727,289.50545454545454,283.8609090909091,71.4090909090909,30254.545454545456,74.14634146341463,4.236363636363636,1222.5316455696202,100939.54545454546,285.13518518518515,292.9129629629629,282.2269230769231,6.75462962962963,-10.0,0.0,0.0,-45.27272727272727,0.0148148148148148,0.0433962264150943,0.0153846153846153,0.2461538461538461,0.4923076923076923,2012-08-27,Ete
4757,201235,26,BOURGOGNE,4.375,232.8571428571429,3.242857142857143,290.73035714285714,283.32142857142856,64.4375,35919.642857142855,82.88732394366197,2.6538461538461537,2120.8333333333335,99823.57142857143,285.5857142857143,295.12857142857143,283.57857142857137,6.133928571428571,-10.0,0.0,0.0,-43.84615384615385,0.0232142857142857,0.0553571428571428,0.1857142857142857,0.2428571428571428,0.5,2012-08-27,Ete
4758,201235,53,BRETAGNE,15.178571428571429,233.57142857142856,4.276785714285714,289.27261904761906,285.3202380952381,79.0952380952381,27741.25874125874,76.3716814159292,4.511904761904762,1031.6528925619834,101446.25,286.22857142857146,291.9642857142857,283.22142857142853,7.511904761904762,-10.0,0.0,0.0,-45.0,0.0309523809523809,0.1845238095238095,0.5380952380952382,0.719047619047619,1.2214285714285713,2012-08-27,Ete
4759,201235,24,CENTRE,8.125,242.05357142857144,3.1883928571428575,291.1589285714286,282.2232142857143,58.6875,26589.285714285714,62.903225806451616,2.5,2920.5263157894738,100648.125,285.875,295.9214285714285,283.43571428571425,6.2437499999999995,-10.0,0.0,0.0,-44.43037974683544,0.0,0.0035714285714285,0.0071428571428571,0.0142857142857142,0.0285714285714285,2012-08-27,Ete
4760,201235,21,CHAMPAGNE-ARDENNE,8.125,225.71428571428572,3.4071428571428575,290.06875,282.74375,64.78571428571429,21315.31531531531,79.82142857142857,3.2142857142857144,1860.15625,100842.41071428572,284.475,295.40000000000003,281.7928571428571,6.314285714285715,-10.0,0.0,0.0,-45.0,0.0017857142857142,0.0142857142857142,0.0428571428571428,0.0571428571428571,0.1142857142857143,2012-08-27,Ete
4761,201235,94,CORSE,1.875,159.55357142857142,3.2142857142857144,295.58750000000003,287.84285714285716,63.67857142857143,33441.07142857143,42.77173913043478,1.9866666666666664,1283.1168831168832,101508.125,291.81071428571425,299.1464285714286,289.2928571428571,5.641441441441442,-10.0,0.0,0.0,-43.04347826086956,0.1657657657657658,0.436036036036036,0.2214285714285714,1.3357142857142856,0.4142857142857142,2012-08-27,Ete
4762,201235,43,FRANCHE-COMTE,1.875,227.41071428571428,3.161607142857143,289.95714285714286,284.91785714285714,74.45535714285714,39058.03571428572,84.18604651162791,4.319148936170213,1433.5365853658536,99125.89285714286,286.15714285714284,293.3464285714286,284.3642857142857,6.158928571428571,-10.0,0.0,0.0,-42.857142857142854,0.1153153153153153,0.4018018018018018,0.3285714285714285,1.6666666666666667,3.215384615384615,2012-08-27,Ete
4763,201235,23,HAUTE-NORMANDIE,12.053571428571429,235.80357142857144,5.203571428571428,289.4830357142857,285.01160714285714,76.36607142857143,24725.49019607843,74.8314606741573,4.486111111111111,1224.4318181818182,101120.89285714286,286.71785714285716,291.8607142857143,280.57857142857137,8.39642857142857,-10.0,0.0,0.0,-45.0,0.0232142857142857,0.0732142857142857,0.1571428571428571,0.25,0.5571428571428572,2012-08-27,Ete
4764,201235,91,LANGUEDOC-ROUSSILLON,2.3214285714285716,222.2321428571429,4.3133928571428575,293.9830357142857,284.59285714285716,58.589285714285715,46773.80952380953,64.89690721649484,4.238095238095238,1628.0487804878048,101133.57142857143,289.7964285714286,297.9607142857143,288.7928571428571,7.552678571428571,-10.0,0.0,0.0,-46.15384615384615,0.3374999999999999,0.5875,0.7571428571428571,2.4,4.8428571428571425,2012-08-27,Ete
4765,201235,74,LIMOUSIN,6.396396396396397,225.3153153153153,3.13963963963964,290.2418918918919,281.9418918918919,61.88288288288288,53545.454545454544,68.17567567567568,3.5,2002.0833333333333,99169.009009009,285.375,294.88214285714287,283.3642857142857,5.971171171171171,-10.0,0.0,0.0,-44.57142857142857,0.0018018018018018,0.1781818181818181,0.0,0.7259259259259259,1.4846153846153844,2012-08-27,Ete
4766,201235,41,LORRAINE,0.8518339768339769,193.21428571428572,3.340515796260477,284.8620535714286,280.4638392857143,76.875,22941.964285714286,77.08380069025021,4.472972972972973,1404.9461206896551,100070.444015444,281.3357142857143,288.05357142857144,279.2928571428571,6.159821428571428,-10.0,0.0,0.0,-45.0,0.05740025740025735,0.18908730158730155,0.3345238095238095,0.7571428571428571,1.5214285714285716,2012-08-27,Ete
4767,201235,73,MIDI-PYRENEES,5.714285714285714,214.82142857142856,3.409821428571429,291.7866071428571,284.15714285714284,65.00892857142857,38875.0,69.86111111111111,4.411764705882353,1787.6923076923076,98942.41071428572,287.3071428571429,296.4714285714286,285.22142857142853,6.441071428571428,-10.0,0.0,0.0,-45.0,0.0678571428571428,0.2892857142857142,0.5714285714285714,1.1714285714285713,2.4285714285714284,2012-08-27,Ete
4768,201235,31,NORD-PAS-DE-CALAIS,11.44144144144144,230.27027027027023,4.145045045045046,289.2049549549549,283.92297297297296,73.03603603603604,28998.18181818182,66.20481927710843,3.392405063291139,2118.5185185185187,101348.46846846846,285.39285714285717,292.7035714285715,283.65,7.27927927927928,-10.0,0.0,0.0,-43.81578947368421,0.0144144144144144,0.0846846846846847,0.2666666666666666,0.3428571428571428,0.7,2012-08-27,Ete
4769,201235,52,PAYS-DE-LA-LOIRE,0.8518339768339769,193.21428571428572,3.340515796260477,284.8620535714286,280.4638392857143,76.875,22941.964285714286,77.08380069025021,4.472972972972973,1404.9461206896551,100070.444015444,281.3357142857143,288.05357142857144,279.2928571428571,6.159821428571428,-10.0,0.0,0.0,-45.0,0.05740025740025735,0.18908730158730155,0.3345238095238095,0.7571428571428571,1.5214285714285716,2012-08-27,Ete
4770,201235,22,PICARDIE,11.44144144144144,230.27027027027023,4.145045045045046,289.2049549549549,283.92297297297296,73.03603603603604,28998.18181818182,66.20481927710843,3.392405063291139,2118.5185185185187,101348.46846846846,285.39285714285717,292.7035714285715,283.65,7.27927927927928,-10.0,0.0,0.0,-43.81578947368421,0.0144144144144144,0.0846846846846847,0.2666666666666666,0.3428571428571428,0.7,2012-08-27,Ete
4771,201235,54,POITOU-CHARENTES,6.396396396396397,236.3963963963964,3.1477477477477476,291.1166666666667,282.43108108108106,60.23423423423424,34578.31325301205,68.66666666666667,3.0,2452.0,100528.1981981982,285.5678571428572,296.1464285714286,283.5071428571428,5.911711711711712,-10.0,0.0,0.0,-44.21052631578947,0.0,0.0018018018018018,0.0071428571428571,0.0071428571428571,0.0142857142857142,2012-08-27,Ete
4772,201235,93,PROVENCE-ALPES-COTE-D-AZUR,0.8518339768339769,193.21428571428572,3.340515796260477,284.8620535714286,280.4638392857143,76.875,22941.964285714286,77.08380069025021,4.472972972972973,1404.9461206896551,100070.444015444,281.3357142857143,288.05357142857144,279.2928571428571,6.159821428571428,-10.0,0.0,0.0,-45.0,0.05740025740025735,0.18908730158730155,0.3345238095238095,0.7571428571428571,1.5214285714285716,2012-08-27,Ete
4773,201235,11,ILE-DE-FRANCE,9.821428571428571,249.6428571428571,3.482142857142857,291.0910714285714,282.125,58.535714285714285,29142.85714285714,57.27272727272727,2.423076923076923,3047.2727272727275,101068.75,286.45714285714286,295.60714285714283,283.43571428571425,6.683928571428572,-10.0,0.0,0.0,-44.716981132075475,0.0,0.0035714285714285,0.0,0.0142857142857142,0.0285714285714285,2012-08-27,Ete
4774,201235,82,RHONE-ALPES,0.0,231.25,4.132142857142857,291.1017857142857,285.2607142857143,70.55357142857143,35607.142857142855,65.71428571428571,4.612244897959184,1815.625,99231.78571428572,288.0571428571429,294.37142857142857,287.15,7.417857142857144,-10.0,0.0,0.0,-45.27272727272727,0.1035714285714285,0.325,1.0142857142857142,1.2285714285714284,2.457142857142857,2012-08-27,Ete
4775,201234,42,ALSACE,8.035714285714286,201.5178571428571,2.9107142857142856,294.54196428571424,288.7401785714286,71.92857142857143,42366.07142857143,95.50847457627118,4.472972972972973,1401.0416666666667,99333.92857142857,290.875,299.1607142857143,288.7928571428571,5.859821428571428,-10.0,0.0,0.0,-45.0,0.075,0.2303571428571428,0.5571428571428572,0.942857142857143,1.8142857142857145,2012-08-20,Ete
4776,201234,72,AQUITAINE,3.482142857142857,243.125,2.974107142857143,296.93125000000003,288.78839285714287,62.61607142857143,47972.22222222222,57.04545454545455,2.887323943661972,2388.2716049382716,100528.75,292.0392857142857,302.11428571428576,291.22142857142853,5.635714285714286,-10.0,0.0,0.0,-46.578947368421055,0.0035714285714285,0.0285714285714285,0.0,0.1142857142857143,0.2714285714285714,2012-08-20,Ete
4777,201234,83,AUVERGNE,6.909090909090909,153.63636363636363,2.309090909090909,295.7518181818182,288.76454545454544,66.92727272727272,27490.909090909092,54.24528301886792,2.980769230769231,2069.230769230769,97818.0,291.5357142857143,300.7357142857143,289.2928571428571,5.38,-10.0,0.0,0.0,-44.716981132075475,0.1672727272727272,0.6690909090909091,1.3384615384615384,2.6714285714285713,5.285714285714286,2012-08-20,Ete
4778,201234,25,BASSE-NORMANDIE,4.433962264150943,208.8785046728972,3.4121495327102807,290.7182242990654,285.8406542056075,75.02803738317758,29475.70093457944,76.5125,3.5714285714285716,1524.054054054054,100375.70093457944,286.7230769230769,294.8730769230769,283.8642857142857,6.24245283018868,-10.0,0.0,0.0,-45.0,0.0396226415094339,0.1180952380952381,0.3230769230769231,0.56,1.2083333333333333,2012-08-20,Ete
4779,201234,26,BOURGOGNE,7.232142857142857,220.53571428571428,2.894642857142857,294.84375,287.54375,65.70535714285714,31910.714285714286,83.54166666666667,3.259259259259259,1906.428571428571,99292.32142857143,290.6821428571429,299.9107142857143,289.0071428571428,5.858035714285714,-10.0,0.0,0.0,-45.55555555555556,0.0732142857142857,0.1571428571428571,0.5357142857142857,0.6285714285714284,1.2357142857142858,2012-08-20,Ete
4780,201234,53,BRETAGNE,1.7261904761904765,221.96428571428572,3.830952380952381,290.0404761904762,286.7684523809524,82.48809523809524,25613.698630136987,76.98347107438016,4.511363636363637,935.6198347107438,100821.60714285714,286.81904761904764,293.3952380952381,282.8642857142857,7.031547619047619,-10.0,0.0,0.0,-44.69387755102041,0.0607142857142857,0.2357142857142857,0.6476190476190476,0.9285714285714286,1.8,2012-08-20,Ete
4781,201234,24,CENTRE,6.785714285714286,222.58928571428572,3.2955357142857147,294.6830357142857,286.1035714285714,60.294642857142854,25107.14285714286,63.763440860215056,3.037037037037037,2497.979797979798,100061.96428571428,290.06071428571425,299.8178571428571,287.93571428571425,6.535714285714286,-10.0,0.0,0.0,-45.0,0.0035714285714285,0.025,0.0357142857142857,0.0999999999999999,0.1999999999999999,2012-08-20,Ete
4782,201234,21,CHAMPAGNE-ARDENNE,9.196428571428571,233.4821428571429,3.5830357142857143,293.3803571428571,286.14375,65.39285714285714,21044.64285714286,79.66666666666667,3.0,1786.6666666666667,100268.92857142857,288.50714285714287,298.77500000000003,286.0071428571428,6.716071428571429,-10.0,0.0,0.0,-45.0,0.0392857142857142,0.0678571428571428,0.2142857142857142,0.2714285714285714,0.5428571428571428,2012-08-20,Ete
4783,201234,94,CORSE,-9.017857142857142,147.94642857142858,2.892857142857143,299.6035714285714,292.2973214285714,66.02678571428571,26276.785714285714,11.75824175824176,1.3389830508474576,1825.0,101381.51785714286,295.47499999999997,303.04285714285714,292.93571428571425,4.966071428571429,-10.0,0.0,0.0,-43.76470588235294,0.1696428571428571,0.1785714285714285,0.0,0.7142857142857143,1.4214285714285713,2012-08-20,Ete
4784,201234,43,FRANCHE-COMTE,8.035714285714286,205.625,2.69375,294.55,288.91517857142856,72.53571428571429,33258.92857142857,77.8735632183908,2.6666666666666665,1669.1666666666667,98674.28571428572,291.05357142857144,299.0857142857143,289.0071428571428,5.861607142857143,-10.0,0.0,0.0,-43.125,0.3,0.6017857142857144,1.4857142857142858,2.4071428571428575,4.742857142857143,2012-08-20,Ete
4785,201234,23,HAUTE-NORMANDIE,3.2142857142857144,221.96428571428572,4.642857142857143,290.21875,286.9428571428571,82.5,21790.526315789473,80.75,4.634920634920635,1126.7088607594935,100517.41071428572,287.9035714285714,292.86785714285713,283.43571428571425,7.721621621621622,-10.0,0.0,0.0,-45.55555555555556,0.1603603603603603,0.3423423423423423,0.5428571428571428,1.385185185185185,2.853846153846154,2012-08-20,Ete
4786,201234,91,LANGUEDOC-ROUSSILLON,1.7117117117117118,208.66071428571428,3.4330357142857144,298.60625,290.91517857142856,65.25,31072.61904761905,51.07865168539326,3.109375,2277.6623376623374,100670.44642857143,294.49642857142857,302.6821428571429,293.7928571428571,5.971428571428571,-10.0,0.0,0.0,-46.45161290322581,0.1160714285714285,0.2339285714285714,0.4714285714285714,0.9357142857142856,1.8571428571428572,2012-08-20,Ete
4787,201234,74,LIMOUSIN,3.2142857142857144,224.46428571428572,3.246428571428571,294.22499999999997,286.08214285714286,62.05357142857143,52321.42857142857,63.07692307692308,3.2222222222222223,2087.012987012987,98632.14285714286,289.19642857142856,299.4428571428571,287.3642857142857,6.175892857142857,-10.0,0.0,0.0,-44.516129032258064,0.0071428571428571,0.0178571428571428,0.0214285714285714,0.0714285714285714,0.1857142857142857,2012-08-20,Ete
4788,201234,41,LORRAINE,0.8518339768339769,193.21428571428572,3.340515796260477,284.8620535714286,280.4638392857143,76.875,22941.964285714286,77.08380069025021,4.472972972972973,1404.9461206896551,100070.444015444,281.3357142857143,288.05357142857144,279.2928571428571,6.159821428571428,-10.0,0.0,0.0,-45.0,0.05740025740025735,0.18908730158730155,0.3345238095238095,0.7571428571428571,1.5214285714285716,2012-08-20,Ete
4789,201234,73,MIDI-PYRENEES,2.5,230.3571428571429,2.4187499999999997,296.7169642857143,289.59732142857143,66.88392857142857,37290.90909090909,54.765625,3.2941176470588234,2252.4590163934427,98447.5,291.8285714285714,302.1642857142857,290.57857142857137,4.8500000000000005,-10.0,0.0,0.0,-44.72727272727273,0.0267857142857142,0.075,0.0142857142857142,0.3,0.6428571428571429,2012-08-20,Ete
4790,201234,31,NORD-PAS-DE-CALAIS,7.636363636363637,222.7027027027027,4.030630630630631,290.98603603603607,286.1653153153153,75.43243243243244,24237.962962962964,66.9753086419753,3.5526315789473686,1891.0389610389611,100722.43243243244,287.8833333333333,294.6685185185185,286.0071428571428,7.227927927927928,-10.0,0.0,0.0,-44.02597402597402,0.0936936936936937,0.2981818181818182,0.8740740740740741,1.2444444444444445,2.423076923076923,2012-08-20,Ete
4791,201234,52,PAYS-DE-LA-LOIRE,0.8518339768339769,193.21428571428572,3.340515796260477,284.8620535714286,280.4638392857143,76.875,22941.964285714286,77.08380069025021,4.472972972972973,1404.9461206896551,100070.444015444,281.3357142857143,288.05357142857144,279.2928571428571,6.159821428571428,-10.0,0.0,0.0,-45.0,0.05740025740025735,0.18908730158730155,0.3345238095238095,0.7571428571428571,1.5214285714285716,2012-08-20,Ete
4792,201234,22,PICARDIE,7.636363636363637,222.7027027027027,4.030630630630631,290.98603603603607,286.1653153153153,75.43243243243244,24237.962962962964,66.9753086419753,3.5526315789473686,1891.0389610389611,100722.43243243244,287.8833333333333,294.6685185185185,286.0071428571428,7.227927927927928,-10.0,0.0,0.0,-44.02597402597402,0.0936936936936937,0.2981818181818182,0.8740740740740741,1.2444444444444445,2.423076923076923,2012-08-20,Ete
4793,201234,54,POITOU-CHARENTES,5.446428571428571,244.375,3.3133928571428575,294.7205357142857,286.2857142857143,61.169642857142854,33892.857142857145,64.73684210526316,3.037037037037037,2322.289156626506,99951.875,289.5,300.325,287.93571428571425,6.316964285714286,-10.0,0.0,0.0,-45.42857142857143,0.0035714285714285,0.0196428571428571,0.0357142857142857,0.0785714285714285,0.1999999999999999,2012-08-20,Ete
4794,201234,93,PROVENCE-ALPES-COTE-D-AZUR,0.8518339768339769,193.21428571428572,3.340515796260477,284.8620535714286,280.4638392857143,76.875,22941.964285714286,77.08380069025021,4.472972972972973,1404.9461206896551,100070.444015444,281.3357142857143,288.05357142857144,279.2928571428571,6.159821428571428,-10.0,0.0,0.0,-45.0,0.05740025740025735,0.18908730158730155,0.3345238095238095,0.7571428571428571,1.5214285714285716,2012-08-20,Ete
4795,201234,11,ILE-DE-FRANCE,6.964285714285714,199.6428571428571,3.653571428571429,293.8071428571429,285.5839285714286,61.482142857142854,27321.428571428572,59.0,2.925925925925926,2782.7272727272725,100475.0,289.24285714285713,298.59285714285716,286.2928571428571,6.941071428571428,-10.0,0.0,0.0,-44.72727272727273,0.0,0.0321428571428571,0.0285714285714285,0.1285714285714286,0.2571428571428571,2012-08-20,Ete
4796,201234,82,RHONE-ALPES,6.428571428571429,195.0,3.180357142857143,297.42857142857144,289.2875,63.82142857142857,30946.428571428572,49.55357142857143,2.63265306122449,3067.3469387755104,98800.17857142857,293.2214285714286,302.0857142857143,290.72142857142853,6.641071428571428,-10.0,0.0,0.0,-45.0,0.2928571428571428,0.575,1.8571428571428572,2.314285714285714,4.5857142857142845,2012-08-20,Ete
4797,201233,42,ALSACE,6.160714285714286,181.1818181818182,1.7054545454545451,295.5910714285714,288.4625,67.76785714285714,41081.25,94.85714285714286,4.472972972972973,1532.3529411764705,99408.03571428572,289.13214285714287,300.8285714285715,286.2928571428571,3.630630630630631,-10.0,0.0,0.0,-45.0,0.0839285714285714,0.3142857142857143,0.25,1.25,2.5714285714285716,2012-08-13,Ete
4798,201233,72,AQUITAINE,7.232142857142857,173.66071428571428,3.6348214285714286,298.6080357142857,288.3205357142857,56.660714285714285,45990.47619047619,46.46341463414634,1.8545454545454545,3421.0714285714284,100237.67857142857,292.76785714285717,303.77500000000003,290.7928571428571,6.638392857142857,-10.0,0.0,0.0,-46.285714285714285,0.0,0.0107142857142857,0.0357142857142857,0.0428571428571428,0.1142857142857142,2012-08-13,Ete
4799,201233,83,AUVERGNE,6.25,164.28571428571428,2.332142857142857,296.7732142857143,286.19464285714287,56.410714285714285,41160.71428571428,35.535714285714285,1.5263157894736843,3540.0,97731.07142857143,289.45714285714286,303.09999999999997,286.43571428571425,5.3625,-10.0,0.0,0.0,-45.0,0.0214285714285714,0.1178571428571428,0.4285714285714285,0.4571428571428572,0.9571428571428572,2012-08-13,Ete
4800,201233,25,BASSE-NORMANDIE,10.727272727272728,166.875,3.205357142857143,293.9107142857143,287.3955357142857,69.03571428571429,31513.636363636364,77.5,3.5660377358490565,2379.72602739726,100106.78571428572,289.2944444444444,298.212962962963,287.15,5.9366071428571425,-10.0,0.0,0.0,-45.27272727272727,0.0089285714285714,0.0309090909090909,0.0538461538461538,0.1259259259259259,0.2285714285714286,2012-08-13,Ete
4801,201233,26,BOURGOGNE,6.517857142857143,172.23214285714286,2.5151785714285713,296.2794642857143,287.1169642857143,60.88392857142857,35083.03571428572,69.02222222222223,2.0,3455.0,99245.44642857143,289.31428571428575,301.5464285714285,286.65,4.660714285714286,-10.0,0.0,0.0,-45.0,0.0517857142857142,0.175,0.1428571428571428,0.7000000000000001,1.45,2012-08-13,Ete
4802,201233,53,BRETAGNE,10.773809523809524,180.77380952380952,4.435119047619048,292.7095238095238,289.09940476190474,81.95238095238095,24449.659863945577,86.12295081967213,5.842696629213483,964.6218487394958,100417.44047619047,289.91190476190474,295.75,288.22142857142853,8.070238095238095,-10.0,0.0,0.0,-45.27272727272727,0.1077380952380952,0.4535714285714285,1.1095238095238096,1.8095238095238095,3.064285714285714,2012-08-13,Ete
4803,201233,24,CENTRE,6.607142857142857,160.53571428571428,2.8151785714285715,296.7482142857143,286.6080357142857,57.169642857142854,25705.35714285714,50.22727272727273,1.927536231884058,3725.0,99957.58928571428,290.0214285714286,302.12857142857143,287.2928571428571,5.196428571428571,-10.0,0.0,0.0,-45.0,0.0035714285714285,0.0089285714285714,0.0071428571428571,0.0357142857142857,0.0714285714285714,2012-08-13,Ete
4804,201233,21,CHAMPAGNE-ARDENNE,4.553571428571429,159.375,2.560714285714286,295.46160714285713,286.87410714285716,62.25892857142857,21684.68468468469,68.11111111111111,1.88,3317.6470588235293,100253.92857142857,288.0964285714286,301.29285714285714,284.72142857142853,4.730357142857143,-10.0,0.0,0.0,-45.0,0.0017857142857142,0.0053571428571428,0.0,0.0214285714285714,0.0428571428571428,2012-08-13,Ete
4805,201233,94,CORSE,14.954954954954957,141.7117117117117,2.6954954954954955,298.6554054054054,291.9941441441441,67.91891891891892,29765.76576576577,18.40909090909091,1.2727272727272727,1550.0,101399.36936936936,294.1928571428571,302.25714285714287,291.2928571428571,4.5675675675675675,-10.0,0.0,0.0,-44.0625,0.0,0.0,0.0,0.0,0.0,2012-08-13,Ete
4806,201233,43,FRANCHE-COMTE,6.785714285714286,193.21428571428572,1.8991071428571429,295.38124999999997,288.01785714285717,67.25,40002.67857142857,55.5,1.7058823529411764,2534.722222222222,98710.89285714286,288.625,300.8535714285714,285.2928571428571,4.233035714285714,-10.0,0.0,0.0,-42.391304347826086,0.0821428571428571,0.2821428571428571,0.25,1.1142857142857143,2.2714285714285714,2012-08-13,Ete
4807,201233,23,HAUTE-NORMANDIE,10.089285714285714,172.32142857142858,4.053571428571429,292.825,288.37321428571425,77.70535714285714,17775.252525252527,79.25333333333333,4.741379310344827,1860.4615384615383,100317.85714285714,289.71785714285716,296.22499999999997,285.43571428571425,6.9696428571428575,-10.0,0.0,0.0,-45.0,0.0589285714285714,0.1571428571428571,0.45,0.6714285714285715,1.3142857142857145,2012-08-13,Ete
4808,201233,91,LANGUEDOC-ROUSSILLON,11.8018018018018,173.96396396396398,3.645945945945946,298.67792792792795,288.7824324324324,57.567567567567565,44651.68539325843,33.76543209876543,1.4772727272727273,4478.163265306122,100556.48648648648,293.34285714285716,302.96785714285716,291.8642857142857,6.312612612612613,-10.0,0.0,0.0,-46.25,0.0,0.009009009009009,0.0357142857142857,0.0357142857142857,0.0999999999999999,2012-08-13,Ete
4809,201233,74,LIMOUSIN,8.125,161.07142857142858,2.6919642857142856,296.64375,285.70089285714283,54.714285714285715,53545.61403508772,55.869565217391305,2.186046511627907,2968.8372093023254,98429.10714285714,290.5785714285714,301.86428571428576,288.0071428571428,5.21875,-10.0,0.0,0.0,-45.0,0.0035714285714285,0.0124999999999999,0.0071428571428571,0.0499999999999999,0.0571428571428571,2012-08-13,Ete
4810,201233,41,LORRAINE,0.8518339768339769,193.21428571428572,3.340515796260477,284.8620535714286,280.4638392857143,76.875,22941.964285714286,77.08380069025021,4.472972972972973,1404.9461206896551,100070.444015444,281.3357142857143,288.05357142857144,279.2928571428571,6.159821428571428,-10.0,0.0,0.0,-45.0,0.05740025740025735,0.18908730158730155,0.3345238095238095,0.7571428571428571,1.5214285714285716,2012-08-13,Ete
4811,201233,73,MIDI-PYRENEES,7.857142857142857,158.92857142857142,3.294642857142857,297.9642857142857,287.7866071428571,56.75892857142857,40770.49180327869,39.25,1.4285714285714286,4023.478260869565,98188.57142857143,291.4428571428571,303.25714285714287,288.15,6.628571428571428,-10.0,0.0,0.0,-44.69387755102041,0.0,0.0142857142857142,0.0357142857142857,0.0571428571428571,0.1571428571428571,2012-08-13,Ete
4812,201233,31,NORD-PAS-DE-CALAIS,6.964285714285714,169.10714285714286,3.1776785714285714,294.7625,287.7892857142857,67.09821428571429,28227.272727272728,57.63414634146341,2.8676470588235294,2739.1304347826085,100691.875,290.04285714285714,298.9392857142857,288.22142857142853,5.551785714285714,-10.0,0.0006666666666666,0.0002666666666666,-43.6,0.0035714285714285,0.0142857142857142,0.0142857142857142,0.0571428571428571,0.1142857142857143,2012-08-13,Ete
4813,201233,52,PAYS-DE-LA-LOIRE,0.8518339768339769,193.21428571428572,3.340515796260477,284.8620535714286,280.4638392857143,76.875,22941.964285714286,77.08380069025021,4.472972972972973,1404.9461206896551,100070.444015444,281.3357142857143,288.05357142857144,279.2928571428571,6.159821428571428,-10.0,0.0,0.0,-45.0,0.05740025740025735,0.18908730158730155,0.3345238095238095,0.7571428571428571,1.5214285714285716,2012-08-13,Ete
4814,201233,22,PICARDIE,6.964285714285714,169.10714285714286,3.1776785714285714,294.7625,287.7892857142857,67.09821428571429,28227.272727272728,57.63414634146341,2.8676470588235294,2739.1304347826085,100691.875,290.04285714285714,298.9392857142857,288.22142857142853,5.551785714285714,-10.0,0.0006666666666666,0.0002666666666666,-43.6,0.0035714285714285,0.0142857142857142,0.0142857142857142,0.0571428571428571,0.1142857142857143,2012-08-13,Ete
4815,201233,54,POITOU-CHARENTES,7.410714285714286,158.30357142857142,2.942857142857143,296.84017857142857,286.6348214285714,57.580357142857146,34472.94117647059,58.23529411764706,2.1666666666666665,3320.4166666666665,99769.73214285714,290.0,302.55357142857144,287.72142857142853,5.455357142857143,-10.0,0.0,0.0,-45.0,0.0071428571428571,0.0160714285714285,0.0071428571428571,0.0642857142857143,0.0857142857142857,2012-08-13,Ete
4816,201233,93,PROVENCE-ALPES-COTE-D-AZUR,0.8518339768339769,193.21428571428572,3.340515796260477,284.8620535714286,280.4638392857143,76.875,22941.964285714286,77.08380069025021,4.472972972972973,1404.9461206896551,100070.444015444,281.3357142857143,288.05357142857144,279.2928571428571,6.159821428571428,-10.0,0.0,0.0,-45.0,0.05740025740025735,0.18908730158730155,0.3345238095238095,0.7571428571428571,1.5214285714285716,2012-08-13,Ete
4817,201233,11,ILE-DE-FRANCE,6.071428571428571,166.25,2.4732142857142856,296.35714285714283,286.75178571428575,58.19642857142857,26250.0,45.892857142857146,1.8863636363636365,3697.727272727273,100378.57142857143,289.95,301.63571428571424,286.43571428571425,4.814285714285715,-10.0,0.0,0.0,-45.0,0.0,0.0071428571428571,0.0142857142857142,0.0285714285714285,0.0571428571428571,2012-08-13,Ete
4818,201233,82,RHONE-ALPES,6.964285714285714,185.3571428571429,3.6607142857142856,297.94464285714287,286.5785714285714,54.160714285714285,41303.57142857143,31.636363636363637,1.8666666666666667,3621.6666666666665,98792.85714285714,291.67857142857144,302.52857142857147,288.57857142857137,6.633928571428571,-10.0,0.0,0.0,-45.27272727272727,0.0071428571428571,0.0535714285714285,0.0,0.2142857142857142,0.3999999999999999,2012-08-13,Ete
4819,201232,42,ALSACE,6.25,188.64864864864865,2.854954954954955,292.4714285714286,285.39732142857144,66.16071428571429,46982.142857142855,95.47619047619048,4.472972972972973,1337.948717948718,99808.03571428572,287.68928571428575,297.1607142857143,285.0071428571428,5.400909090909091,-10.0,0.0,0.0,-45.0,0.0053571428571428,0.0642857142857143,0.5,0.5928571428571429,1.1714285714285717,2012-08-06,Ete
4820,201232,72,AQUITAINE,1.6964285714285714,161.51785714285714,2.898214285714286,296.97946428571424,286.78839285714287,57.74107142857143,47335.13513513513,47.023809523809526,2.2586206896551726,2818.103448275862,100745.53571428572,290.9,302.07142857142856,288.57857142857137,5.289285714285714,-10.0,0.0,0.0,-46.4,0.0124999999999999,0.0482142857142857,0.3285714285714285,0.4428571428571429,1.6714285714285713,2012-08-06,Ete
4821,201232,83,AUVERGNE,6.071428571428571,123.75,1.782142857142857,293.31964285714287,285.28035714285716,63.32142857142857,33928.57142857143,34.19642857142857,1.2439024390243902,4123.170731707317,98177.5,287.01428571428573,298.42857142857144,283.72142857142853,4.303571428571429,-10.0,0.0,0.0,-45.0,0.0,0.0,0.1428571428571428,0.1428571428571428,0.8571428571428571,2012-08-06,Ete
4822,201232,25,BASSE-NORMANDIE,8.932038834951456,144.80769230769232,3.1711538461538464,291.88846153846157,285.28653846153844,68.61538461538461,29989.42307692308,62.61971830985915,3.347826086956522,2626.7741935483873,100791.73076923077,286.802,296.29400000000004,283.31666666666666,5.688461538461539,-10.0,0.0,0.0,-44.15094339622642,0.0038461538461538,0.0194174757281553,0.0461538461538461,0.08,1.65,2012-08-06,Ete
4823,201232,26,BOURGOGNE,5.357142857142857,164.375,3.207142857142857,293.5955357142857,285.23035714285714,61.88392857142857,36633.92857142857,61.58536585365854,2.6818181818181817,2565.5555555555557,99701.69642857143,288.24285714285713,298.36428571428576,285.5071428571428,5.784821428571428,-10.0,0.0,0.0,-44.44444444444444,0.0071428571428571,0.0654545454545454,0.3214285714285714,0.5037037037037037,1.0285714285714287,2012-08-06,Ete
4824,201232,53,BRETAGNE,7.857142857142857,160.83333333333334,3.5958333333333337,291.8583333333333,287.0541666666667,76.0297619047619,30703.424657534248,58.142857142857146,2.654320987654321,2935.7843137254904,101173.39285714286,287.58809523809526,295.5166666666667,282.93571428571425,6.344047619047619,-10.0,0.0,0.0,-45.57692307692308,0.0071428571428571,0.0191616766467065,0.0146341463414634,0.073170731707317,0.1538461538461538,2012-08-06,Ete
4825,201232,24,CENTRE,6.071428571428571,147.32142857142858,3.15,293.5366071428571,284.85089285714287,60.669642857142854,27669.64285714286,44.82954545454545,2.363636363636364,3479.7297297297296,100504.82142857143,288.05357142857144,298.0785714285715,285.0071428571428,6.0633928571428575,-10.0,0.0,0.0,-44.63414634146341,0.0035714285714285,0.049090909090909,0.0785714285714285,0.2,0.6357142857142858,2012-08-06,Ete
4826,201232,21,CHAMPAGNE-ARDENNE,6.071428571428571,167.5,2.7035714285714287,291.4294642857143,284.6196428571429,67.44642857142857,21258.928571428572,70.84905660377359,3.4545454545454546,2046.3636363636365,100782.5,285.31428571428575,296.4714285714286,281.57857142857137,5.339285714285714,-10.0,0.0,0.0,-45.0,0.0017857142857142,0.0071428571428571,0.0357142857142857,0.0428571428571428,0.6928571428571428,2012-08-06,Ete
4827,201232,94,CORSE,1.3392857142857142,153.125,3.0357142857142856,297.97972972972974,290.3707207207207,64.38738738738739,33500.0,28.333333333333332,1.6140350877192982,2795.762711864407,101472.23214285714,293.49444444444447,301.8425925925926,290.72142857142853,5.133928571428571,-10.0,0.0,0.0,-43.63636363636363,0.0,0.0,0.0,0.0,0.0,2012-08-06,Ete
4828,201232,43,FRANCHE-COMTE,5.178571428571429,203.3928571428571,2.5785714285714287,292.1401785714286,285.5258928571429,68.23214285714286,39044.642857142855,51.55172413793103,2.047619047619047,1468.3050847457628,99094.01785714286,287.1464285714286,297.175,284.22142857142853,5.117117117117117,-10.0,0.0,0.0,-42.12765957446808,0.0285714285714285,0.0732142857142857,0.5857142857142856,0.7285714285714285,1.4714285714285715,2012-08-06,Ete
4829,201232,23,HAUTE-NORMANDIE,11.160714285714286,158.21428571428572,3.9919642857142854,290.6401785714286,286.66339285714287,79.08928571428571,25053.465346534653,59.285714285714285,3.515625,2684.722222222222,101008.48214285714,287.4607142857143,293.48214285714283,281.8642857142857,6.45,-10.0,0.0,0.0,-45.55555555555556,0.0464285714285714,0.0846846846846847,0.5037037037037037,0.5555555555555556,1.3923076923076925,2012-08-06,Ete
4830,201232,91,LANGUEDOC-ROUSSILLON,0.7142857142857143,198.03571428571428,3.1294642857142856,298.14732142857144,286.2732142857143,51.151785714285715,54166.666666666664,31.72619047619047,1.511111111111111,4526.851851851852,100878.21428571428,292.12142857142857,303.11785714285713,290.07857142857137,5.4678571428571425,-10.0,0.0,0.0,-45.0,0.0464285714285714,0.0910714285714285,0.5,0.6071428571428571,1.3214285714285714,2012-08-06,Ete
4831,201232,74,LIMOUSIN,5.446428571428571,131.51785714285714,3.482142857142857,293.91249999999997,285.0580357142857,60.732142857142854,52101.69491525424,50.0,2.488372093023256,3404.5454545454545,98928.03571428572,288.1928571428571,298.75,285.72142857142853,6.261607142857143,-10.0,0.0,0.0,-45.833333333333336,0.0,0.0035714285714285,0.0,0.0142857142857142,0.6285714285714284,2012-08-06,Ete
4832,201232,41,LORRAINE,0.8518339768339769,193.21428571428572,3.340515796260477,284.8620535714286,280.4638392857143,76.875,22941.964285714286,77.08380069025021,4.472972972972973,1404.9461206896551,100070.444015444,281.3357142857143,288.05357142857144,279.2928571428571,6.159821428571428,-10.0,0.0,0.0,-45.0,0.05740025740025735,0.18908730158730155,0.3345238095238095,0.7571428571428571,1.5214285714285716,2012-08-06,Ete
4833,201232,73,MIDI-PYRENEES,1.1607142857142858,181.33928571428572,2.1705357142857142,296.1794642857143,286.8285714285714,60.38392857142857,41618.181818181816,43.62903225806452,2.6904761904761907,3804.5098039215686,98661.25,289.74285714285713,301.3535714285714,286.15,4.610714285714286,-10.0,0.0,0.0,-44.72727272727273,0.0482142857142857,0.1321428571428571,0.9214285714285716,1.2785714285714285,3.335714285714286,2012-08-06,Ete
4834,201232,31,NORD-PAS-DE-CALAIS,10.446428571428571,148.30357142857142,3.3955357142857143,290.8294642857143,285.29464285714283,72.13392857142857,21945.535714285714,54.707317073170735,3.414285714285714,2906.6176470588234,101315.53571428572,286.9642857142857,294.44642857142856,285.07857142857137,6.044642857142857,-10.0,0.0,0.0,-43.37837837837838,0.0107142857142857,0.0553571428571428,0.15,0.2357142857142857,0.6285714285714287,2012-08-06,Ete
4835,201232,52,PAYS-DE-LA-LOIRE,0.8518339768339769,193.21428571428572,3.340515796260477,284.8620535714286,280.4638392857143,76.875,22941.964285714286,77.08380069025021,4.472972972972973,1404.9461206896551,100070.444015444,281.3357142857143,288.05357142857144,279.2928571428571,6.159821428571428,-10.0,0.0,0.0,-45.0,0.05740025740025735,0.18908730158730155,0.3345238095238095,0.7571428571428571,1.5214285714285716,2012-08-06,Ete
4836,201232,22,PICARDIE,10.446428571428571,148.30357142857142,3.3955357142857143,290.8294642857143,285.29464285714283,72.13392857142857,21945.535714285714,54.707317073170735,3.414285714285714,2906.6176470588234,101315.53571428572,286.9642857142857,294.44642857142856,285.07857142857137,6.044642857142857,-10.0,0.0,0.0,-43.37837837837838,0.0107142857142857,0.0553571428571428,0.15,0.2357142857142857,0.6285714285714287,2012-08-06,Ete
4837,201232,54,POITOU-CHARENTES,5.446428571428571,143.21428571428572,3.44375,294.36607142857144,285.4785714285714,60.92857142857143,36119.04761904762,50.15384615384615,2.391304347826087,3587.719298245614,100303.83928571428,288.125,299.49285714285713,285.43571428571425,6.286607142857143,-10.0,0.0,0.0,-44.61538461538461,0.0017857142857142,0.0472727272727272,0.0714285714285714,0.1925925925925926,0.8357142857142856,2012-08-06,Ete
4838,201232,93,PROVENCE-ALPES-COTE-D-AZUR,0.8518339768339769,193.21428571428572,3.340515796260477,284.8620535714286,280.4638392857143,76.875,22941.964285714286,77.08380069025021,4.472972972972973,1404.9461206896551,100070.444015444,281.3357142857143,288.05357142857144,279.2928571428571,6.159821428571428,-10.0,0.0,0.0,-45.0,0.05740025740025735,0.18908730158730155,0.3345238095238095,0.7571428571428571,1.5214285714285716,2012-08-06,Ete
4839,201232,11,ILE-DE-FRANCE,7.142857142857143,147.67857142857142,2.980357142857143,292.69464285714287,284.49821428571425,61.67857142857143,27946.428571428572,39.36363636363637,2.2045454545454546,3601.1363636363635,100957.85714285714,287.54285714285714,297.0285714285714,283.8642857142857,5.957142857142857,-10.0,0.0,0.0,-44.72727272727273,0.0035714285714285,0.0071428571428571,0.0142857142857142,0.0285714285714285,0.4285714285714285,2012-08-06,Ete
4840,201232,82,RHONE-ALPES,3.0357142857142856,211.78571428571428,2.7232142857142856,293.60714285714283,286.5410714285714,66.25,45625.0,26.785714285714285,2.057142857142857,2685.483870967742,99158.21428571428,288.85714285714283,297.9857142857143,285.57857142857137,5.2124999999999995,-10.0,0.0,0.0,-44.72727272727273,0.0107142857142857,0.0392857142857142,0.0428571428571428,0.2285714285714286,0.6,2012-08-06,Ete
4841,201231,42,ALSACE,-12.767857142857142,199.08256880733944,2.0871559633027523,293.92410714285717,287.0839285714286,67.50892857142857,43223.21428571428,95.47619047619048,4.472972972972973,1609.7826086956522,99344.73214285714,288.96785714285716,298.59999999999997,286.22142857142853,4.491588785046729,-10.0,0.0,0.0,-45.0,0.0267857142857142,0.1410714285714285,0.2214285714285714,0.2428571428571428,0.4928571428571429,2012-07-30,Ete
4842,201231,72,AQUITAINE,-10.0,233.92857142857144,2.96875,294.7526785714286,286.96964285714284,64.38392857142857,40913.15789473684,63.63636363636363,3.96875,1521.0526315789473,100492.41071428572,290.12857142857143,299.5642857142857,288.65,5.4366071428571425,-10.0,0.0,0.0,-46.62162162162162,0.1045045045045045,0.3581818181818181,0.45,1.2692307692307692,1.6538461538461535,2012-07-30,Ete
4843,201231,83,AUVERGNE,-12.142857142857142,154.82142857142858,2.058928571428571,293.4946428571429,285.8964285714286,64.85714285714286,38196.42857142857,42.129629629629626,2.2708333333333335,2385.4166666666665,97784.64285714286,287.45714285714286,299.04285714285714,284.2928571428571,4.773214285714286,-10.0,0.0,0.0,-45.0,0.0249999999999999,0.1535714285714285,0.0,0.4285714285714285,0.2285714285714286,2012-07-30,Ete
4844,201231,25,BASSE-NORMANDIE,-17.727272727272727,199.27272727272728,3.520909090909091,289.9918181818182,285.5945454545455,76.80909090909091,26520.909090909092,83.1875,4.654545454545454,1093.076923076923,100183.18181818182,286.19444444444446,294.1648148148148,283.0071428571428,6.57090909090909,-10.0,0.0,0.0,-45.0,0.1709090909090909,0.2927272727272728,0.7000000000000001,1.237037037037037,1.9642857142857144,2012-07-30,Ete
4845,201231,26,BOURGOGNE,-11.607142857142858,225.17857142857144,2.435714285714286,293.5607142857143,285.95625,64.65178571428571,30392.85714285714,86.08108108108108,3.3703703703703702,1812.0967741935483,99274.91071428572,288.4892857142857,298.49642857142857,285.93571428571425,4.98125,-10.0,0.0,0.0,-45.55555555555556,0.0,0.1178571428571428,0.2214285714285714,0.2571428571428572,0.45,2012-07-30,Ete
4846,201231,53,BRETAGNE,-17.083333333333332,215.5952380952381,4.863095238095238,289.9839285714286,286.4297619047619,80.92261904761905,27846.527777777777,78.67768595041322,5.057471264367816,971.7557251908396,100552.32142857143,287.1904761904762,293.0238095238095,284.43571428571425,8.5625,-10.0,0.0,0.0,-45.283018867924525,0.0586826347305389,0.1604790419161676,0.3428571428571428,0.6714285714285714,1.942857142857143,2012-07-30,Ete
4847,201231,24,CENTRE,-12.142857142857142,215.625,2.8249999999999997,292.4580357142857,285.4714285714286,66.9375,25937.5,65.9375,3.0821917808219177,2223.6559139784945,100030.35714285714,287.68928571428575,297.23928571428576,284.57857142857137,5.404464285714285,-10.0,0.0,0.0,-45.38461538461539,0.0089285714285714,0.0392857142857142,0.0285714285714285,0.1999999999999999,0.1285714285714286,2012-07-30,Ete
4848,201231,21,CHAMPAGNE-ARDENNE,-12.410714285714286,194.375,2.6258928571428575,292.0098214285714,285.70714285714286,69.66964285714286,21321.428571428572,82.98507462686567,3.3333333333333335,1463.970588235294,100251.07142857143,287.175,297.15714285714284,283.8642857142857,5.233035714285714,-10.0,0.0,0.0,-45.0,0.0232142857142857,0.125,0.1642857142857142,0.5,0.3,2012-07-30,Ete
4849,201231,94,CORSE,-7.410714285714286,138.21428571428572,3.067857142857143,297.9526785714285,290.7232142857143,65.47321428571429,27339.285714285714,8.210526315789474,1.127659574468085,2302.2727272727275,101262.76785714286,293.4357142857143,301.8392857142857,289.93571428571425,4.79375,-10.0,0.0,0.0,-44.02597402597402,0.0,0.0,0.0,0.0,0.0,2012-07-30,Ete
4850,201231,43,FRANCHE-COMTE,-11.160714285714286,208.03571428571428,2.0910714285714285,293.8419642857143,286.90535714285716,67.32142857142857,35660.71428571428,78.41176470588235,2.477272727272727,1627.536231884058,98652.14285714286,288.8178571428572,298.5964285714286,285.7928571428571,4.753571428571428,-10.0,0.0,0.0,-42.5,0.0732142857142857,0.2535714285714285,0.5,0.5428571428571428,1.0857142857142856,2012-07-30,Ete
4851,201231,23,HAUTE-NORMANDIE,-16.964285714285715,210.2678571428571,4.359821428571428,289.75089285714284,286.4517857142857,82.0,22094.059405940596,75.18823529411765,4.63768115942029,1405.5172413793102,100336.96428571428,286.98214285714283,292.7785714285714,281.2928571428571,7.160714285714286,-10.0,0.0,0.0,-44.34782608695652,0.1392857142857143,0.3693693693693693,0.5857142857142856,1.2666666666666668,2.6846153846153844,2012-07-30,Ete
4852,201231,91,LANGUEDOC-ROUSSILLON,-9.017857142857142,232.7678571428571,3.308928571428571,297.0910714285714,287.3651785714286,57.410714285714285,42803.57142857143,39.5,2.5,2604.098360655738,100599.10714285714,292.59285714285716,301.40714285714284,291.22142857142853,5.980357142857143,-10.0,0.0,0.0,-46.07142857142857,0.0660714285714285,0.2160714285714285,0.1142857142857143,0.6428571428571429,1.15,2012-07-30,Ete
4853,201231,74,LIMOUSIN,-12.410714285714286,209.19642857142856,2.8580357142857147,291.65446428571425,285.18660714285716,68.91071428571429,50263.15789473684,75.144578313253,3.962264150943396,1384.7142857142858,98588.66071428572,287.49642857142857,296.2785714285714,284.93571428571425,5.359821428571428,-10.0,0.0,0.0,-44.61538461538461,0.0464285714285714,0.0875,0.1071428571428571,0.3785714285714285,0.1285714285714286,2012-07-30,Ete
4854,201231,41,LORRAINE,0.8518339768339769,193.21428571428572,3.340515796260477,284.8620535714286,280.4638392857143,76.875,22941.964285714286,77.08380069025021,4.472972972972973,1404.9461206896551,100070.444015444,281.3357142857143,288.05357142857144,279.2928571428571,6.159821428571428,-10.0,0.0,0.0,-45.0,0.05740025740025735,0.18908730158730155,0.3345238095238095,0.7571428571428571,1.5214285714285716,2012-07-30,Ete
4855,201231,73,MIDI-PYRENEES,-9.375,215.0,2.5,294.53125,287.50357142857143,67.73214285714286,30731.48148148148,64.07692307692308,4.604166666666667,1395.0819672131147,98387.23214285714,289.87142857142857,299.3464285714286,287.57857142857137,5.1812499999999995,-10.0,0.0,0.0,-45.95744680851064,0.175,0.4517857142857143,0.1214285714285714,1.1142857142857143,1.3642857142857143,2012-07-30,Ete
4856,201231,31,NORD-PAS-DE-CALAIS,-13.75,195.625,3.1098214285714287,290.18928571428575,285.9544642857143,77.90178571428571,25391.964285714286,70.1829268292683,4.512820512820513,1645.5696202531649,100659.82142857143,286.8964285714286,293.74642857142857,285.22142857142853,5.828571428571428,-10.0,0.0,0.0,-44.0,0.2142857142857142,0.4196428571428571,0.3071428571428571,1.657142857142857,3.414285714285714,2012-07-30,Ete
4857,201231,52,PAYS-DE-LA-LOIRE,0.8518339768339769,193.21428571428572,3.340515796260477,284.8620535714286,280.4638392857143,76.875,22941.964285714286,77.08380069025021,4.472972972972973,1404.9461206896551,100070.444015444,281.3357142857143,288.05357142857144,279.2928571428571,6.159821428571428,-10.0,0.0,0.0,-45.0,0.05740025740025735,0.18908730158730155,0.3345238095238095,0.7571428571428571,1.5214285714285716,2012-07-30,Ete
4858,201231,22,PICARDIE,-13.75,195.625,3.1098214285714287,290.18928571428575,285.9544642857143,77.90178571428571,25391.964285714286,70.1829268292683,4.512820512820513,1645.5696202531649,100659.82142857143,286.8964285714286,293.74642857142857,285.22142857142853,5.828571428571428,-10.0,0.0,0.0,-44.0,0.2142857142857142,0.4196428571428571,0.3071428571428571,1.657142857142857,3.414285714285714,2012-07-30,Ete
4859,201231,54,POITOU-CHARENTES,-12.678571428571429,220.08928571428572,3.0098214285714286,292.5883928571429,285.6669642857143,67.65178571428571,33510.58823529412,77.90361445783132,3.5185185185185186,1682.857142857143,99914.73214285714,287.8071428571429,297.62857142857143,285.2928571428571,5.6571428571428575,-10.0,0.0,0.0,-45.38461538461539,0.0267857142857142,0.0678571428571428,0.1071428571428571,0.3,0.0999999999999999,2012-07-30,Ete
4860,201231,93,PROVENCE-ALPES-COTE-D-AZUR,0.8518339768339769,193.21428571428572,3.340515796260477,284.8620535714286,280.4638392857143,76.875,22941.964285714286,77.08380069025021,4.472972972972973,1404.9461206896551,100070.444015444,281.3357142857143,288.05357142857144,279.2928571428571,6.159821428571428,-10.0,0.0,0.0,-45.0,0.05740025740025735,0.18908730158730155,0.3345238095238095,0.7571428571428571,1.5214285714285716,2012-07-30,Ete
4861,201231,11,ILE-DE-FRANCE,-12.321428571428571,200.3571428571429,3.0107142857142857,291.5875,285.4607142857143,69.96428571428571,27071.428571428572,56.666666666666664,2.9130434782608696,2450.0,100425.35714285714,287.0357142857143,296.14285714285717,283.0071428571428,5.557142857142857,-10.0,0.0,0.0,-45.294117647058826,0.0178571428571428,0.0607142857142857,0.0571428571428571,0.3285714285714285,0.2571428571428572,2012-07-30,Ete
4862,201231,82,RHONE-ALPES,-9.107142857142858,191.42857142857144,2.8874999999999997,295.0,286.8857142857143,63.160714285714285,38642.857142857145,41.785714285714285,2.239130434782609,2665.5555555555557,98768.92857142857,290.45,299.7642857142857,286.2928571428571,6.041071428571429,-10.0,0.0,0.0,-45.0,0.0821428571428571,0.275,0.7857142857142857,1.0714285714285714,2.0571428571428574,2012-07-30,Ete
4863,201230,42,ALSACE,-13.125,181.54545454545453,2.7127272727272724,295.34732142857143,286.9973214285714,62.86607142857143,30662.5,91.25,4.472972972972973,1256.0,99338.48214285714,289.67857142857144,300.8964285714286,286.5071428571428,5.395412844036698,-10.0,0.0,0.0,-45.0,0.1160714285714285,0.5321428571428571,0.0928571428571428,2.164285714285714,4.264285714285714,2012-07-23,Ete
4864,201230,72,AQUITAINE,-4.285714285714286,175.35714285714286,3.1535714285714285,296.87857142857143,285.4580357142857,53.4375,43405.40540540541,45.05555555555556,2.3220338983050848,2871.527777777778,100380.17857142857,290.82142857142856,302.6642857142857,287.65,6.207142857142857,-10.0,0.0,0.0,-46.18421052631579,0.0160714285714285,0.0303571428571428,0.0857142857142857,0.1357142857142857,0.2714285714285714,2012-07-23,Ete
4865,201230,83,AUVERGNE,-7.321428571428571,153.57142857142858,2.2142857142857144,295.58214285714286,285.98214285714283,57.857142857142854,33035.71428571428,34.285714285714285,1.825,2807.317073170732,97746.25,289.59285714285716,300.85714285714283,286.15,5.026785714285714,-10.0,0.0,0.0,-45.0,0.0535714285714285,0.2714285714285714,1.0714285714285714,1.1714285714285713,2.314285714285714,2012-07-23,Ete
4866,201230,25,BASSE-NORMANDIE,-20.102040816326532,154.8,2.8789999999999996,292.737,285.3,66.15,23727.272727272728,33.59649122807018,3.392857142857143,2150.0,100437.3,286.7891304347826,298.35434782608695,282.7863636363636,5.506122448979592,-10.0,0.0017647058823529,0.000754716981132,-44.716981132075475,0.0163265306122449,0.0597938144329896,0.017391304347826,0.208695652173913,0.0909090909090909,2012-07-23,Ete
4867,201230,26,BOURGOGNE,-11.339285714285714,170.26785714285714,3.0321428571428575,295.79910714285717,285.9223214285714,57.267857142857146,23713.39285714286,65.9375,2.0,2558.8888888888887,99253.21428571428,290.0964285714286,300.96785714285716,287.2928571428571,5.761607142857143,-10.0,0.0,0.0,-45.0,0.1232142857142857,0.2830357142857143,0.0892857142857142,1.1607142857142858,2.2642857142857147,2012-07-23,Ete
4868,201230,53,BRETAGNE,-13.80952380952381,186.1309523809524,3.183333333333333,291.31369047619046,286.05773809523805,73.92857142857143,24903.424657534248,41.127450980392155,2.857142857142857,2628.6666666666665,100879.88095238096,287.17619047619047,295.54761904761904,283.0071428571428,5.713095238095238,-10.0,0.0,0.0,-44.44444444444444,0.0392857142857142,0.1,0.0476190476190476,0.4,0.5071428571428572,2012-07-23,Ete
4869,201230,24,CENTRE,-14.107142857142858,152.41071428571428,3.0339285714285715,295.4017857142857,285.68928571428575,57.330357142857146,24329.464285714286,42.608695652173914,2.913793103448276,2831.5384615384614,100063.30357142857,289.9214285714286,300.38214285714287,286.2928571428571,5.675892857142857,-10.0,0.0,0.0,-44.81927710843374,0.0196428571428571,0.0616071428571428,0.0892857142857142,0.2035714285714285,0.4357142857142856,2012-07-23,Ete
4870,201230,21,CHAMPAGNE-ARDENNE,-16.25,195.53571428571428,2.5982142857142856,293.95714285714286,286.0625,64.65178571428571,18367.567567567567,63.958333333333336,2.28,2746.938775510204,100316.875,287.8392857142857,299.8607142857143,284.2928571428571,5.164285714285714,-10.0,0.0,0.0,-45.0,0.0357142857142857,0.1142857142857143,0.1428571428571428,0.4714285714285714,0.9214285714285716,2012-07-23,Ete
4871,201230,94,CORSE,3.6607142857142856,169.82142857142858,3.488392857142857,297.7767857142857,289.3857142857143,61.00892857142857,26330.35714285714,30.04854368932039,2.5625,1751.5384615384614,101260.0,294.23214285714283,301.0214285714286,291.07857142857137,5.803571428571429,-10.0,0.0,0.0,-44.11764705882353,0.0,0.0017857142857142,0.0,0.0071428571428571,0.0142857142857142,2012-07-23,Ete
4872,201230,43,FRANCHE-COMTE,-11.875,189.46428571428572,2.4071428571428575,295.1464285714286,286.9008928571429,63.36607142857143,25901.785714285714,45.0,1.75,1945.1923076923076,98637.58928571428,289.5357142857143,300.7892857142857,286.22142857142853,5.0125,-10.0,0.0,0.0,-43.125,0.1232142857142857,0.2982142857142857,0.0428571428571428,1.2571428571428571,2.4285714285714284,2012-07-23,Ete
4873,201230,23,HAUTE-NORMANDIE,-17.410714285714285,140.80357142857142,4.083928571428571,291.7026785714286,286.05357142857144,71.98214285714286,24510.0,34.189189189189186,3.611111111111111,1458.695652173913,100628.48214285714,288.2055555555556,295.56481481481484,283.72142857142853,6.513392857142857,-10.0,0.0,0.0,-45.0,0.0142857142857142,0.0468468468468468,0.0714285714285714,0.1777777777777777,0.0615384615384615,2012-07-23,Ete
4874,201230,91,LANGUEDOC-ROUSSILLON,-2.5892857142857144,187.05357142857144,3.517857142857143,297.11607142857144,285.94107142857143,53.857142857142854,38142.857142857145,32.84090909090909,1.690909090909091,3268.0597014925374,100590.26785714286,291.7285714285714,301.8178571428571,289.3642857142857,6.401785714285714,-10.0,0.0,0.0,-46.45161290322581,0.0053571428571428,0.0089285714285714,0.0142857142857142,0.0357142857142857,0.0714285714285714,2012-07-23,Ete
4875,201230,74,LIMOUSIN,-6.018518518518518,167.87037037037038,2.730555555555555,294.7185185185185,284.99444444444447,58.06481481481482,49224.137931034486,49.523809523809526,2.5952380952380953,2725.0,98596.01851851853,289.0351851851852,299.97222222222223,285.93571428571425,5.175925925925926,-10.0,0.0,0.0,-44.5945945945946,0.0222222222222222,0.0444444444444444,0.0592592592592592,0.1629629629629629,0.3142857142857143,2012-07-23,Ete
4876,201230,41,LORRAINE,0.8518339768339769,193.21428571428572,3.340515796260477,284.8620535714286,280.4638392857143,76.875,22941.964285714286,77.08380069025021,4.472972972972973,1404.9461206896551,100070.444015444,281.3357142857143,288.05357142857144,279.2928571428571,6.159821428571428,-10.0,0.0,0.0,-45.0,0.05740025740025735,0.18908730158730155,0.3345238095238095,0.7571428571428571,1.5214285714285716,2012-07-23,Ete
4877,201230,73,MIDI-PYRENEES,-3.3035714285714284,181.25,2.575892857142857,295.55,285.23214285714283,57.4375,36907.40740740741,44.61538461538461,2.844444444444445,2416.3636363636365,98304.73214285714,289.1714285714286,301.60714285714283,285.07857142857137,5.638392857142857,-10.0,0.0,0.0,-45.27272727272727,0.0089285714285714,0.0160714285714285,0.0285714285714285,0.0642857142857143,0.1142857142857143,2012-07-23,Ete
4878,201230,31,NORD-PAS-DE-CALAIS,-20.267857142857142,171.51785714285714,2.4955357142857144,293.06160714285716,286.13392857142856,68.01785714285714,21075.675675675677,30.320987654320987,3.875,1851.9512195121952,100880.44642857143,288.125,297.79285714285714,285.72142857142853,4.707142857142857,-10.0,0.0,0.0,-44.21052631578947,0.1428571428571428,0.4214285714285714,0.2857142857142857,1.6642857142857144,3.164285714285714,2012-07-23,Ete
4879,201230,52,PAYS-DE-LA-LOIRE,0.8518339768339769,193.21428571428572,3.340515796260477,284.8620535714286,280.4638392857143,76.875,22941.964285714286,77.08380069025021,4.472972972972973,1404.9461206896551,100070.444015444,281.3357142857143,288.05357142857144,279.2928571428571,6.159821428571428,-10.0,0.0,0.0,-45.0,0.05740025740025735,0.18908730158730155,0.3345238095238095,0.7571428571428571,1.5214285714285716,2012-07-23,Ete
4880,201230,22,PICARDIE,-20.267857142857142,171.51785714285714,2.4955357142857144,293.06160714285716,286.13392857142856,68.01785714285714,21075.675675675677,30.320987654320987,3.875,1851.9512195121952,100880.44642857143,288.125,297.79285714285714,285.72142857142853,4.707142857142857,-10.0,0.0,0.0,-44.21052631578947,0.1428571428571428,0.4214285714285714,0.2857142857142857,1.6642857142857144,3.164285714285714,2012-07-23,Ete
4881,201230,54,POITOU-CHARENTES,-10.357142857142858,170.35714285714286,2.950892857142857,295.39375,285.54285714285714,57.67857142857143,32034.52380952381,53.857142857142854,2.4444444444444446,2821.186440677966,99881.60714285714,289.28214285714284,300.95,286.57857142857137,5.576785714285714,-10.0,0.0,0.0,-45.0,0.0267857142857142,0.0401785714285714,0.0892857142857142,0.1607142857142857,0.3357142857142857,2012-07-23,Ete
4882,201230,93,PROVENCE-ALPES-COTE-D-AZUR,0.8518339768339769,193.21428571428572,3.340515796260477,284.8620535714286,280.4638392857143,76.875,22941.964285714286,77.08380069025021,4.472972972972973,1404.9461206896551,100070.444015444,281.3357142857143,288.05357142857144,279.2928571428571,6.159821428571428,-10.0,0.0,0.0,-45.0,0.05740025740025735,0.18908730158730155,0.3345238095238095,0.7571428571428571,1.5214285714285716,2012-07-23,Ete
4883,201230,11,ILE-DE-FRANCE,-16.785714285714285,147.32142857142858,2.857142857142857,294.9660714285714,285.6607142857143,58.17857142857143,25696.428571428572,33.660714285714285,3.606060606060606,2552.9411764705883,100514.82142857143,289.90714285714284,299.8,285.0071428571428,5.310714285714285,-10.0,0.0,0.0,-44.72727272727273,0.0035714285714285,0.0607142857142857,0.0714285714285714,0.1571428571428571,0.3428571428571428,2012-07-23,Ete
4884,201230,82,RHONE-ALPES,-4.285714285714286,201.25,3.007142857142857,296.54464285714283,286.2875,55.57142857142857,36285.71428571428,33.75,1.7941176470588236,3460.294117647059,98733.03571428572,291.57142857142856,301.2142857142857,288.0071428571428,5.7749999999999995,-10.0,0.0,0.0,-45.0,0.0035714285714285,0.0142857142857142,0.0571428571428571,0.0571428571428571,0.1142857142857143,2012-07-23,Ete
4885,201229,42,ALSACE,4.642857142857143,199.1818181818182,3.286363636363636,291.0267857142857,284.5669642857143,68.59821428571429,41821.42857142857,93.57142857142856,4.472972972972973,1446.3235294117646,99907.5,287.0785714285714,294.8071428571429,283.93571428571425,6.147222222222222,-10.0,0.0,0.0,-45.0,0.0232142857142857,0.0660714285714285,0.0357142857142857,0.2714285714285714,1.2142857142857142,2012-07-16,Ete
4886,201229,72,AQUITAINE,-7.410714285714286,254.1071428571429,2.998214285714286,294.0285714285714,284.2625,58.330357142857146,46794.117647058825,46.395348837209305,2.730769230769231,2310.169491525424,101132.14285714286,288.21785714285716,299.175,285.65,5.291071428571429,-10.0,0.0,0.0,-46.53846153846154,0.0,0.0017857142857142,0.0,0.0071428571428571,0.0142857142857142,2012-07-16,Ete
4887,201229,83,AUVERGNE,-2.3214285714285716,123.92857142857144,2.0357142857142856,291.85,284.2910714285714,64.51785714285714,33928.57142857143,41.964285714285715,3.048780487804878,2555.0,98388.92857142857,286.1714285714286,296.84285714285716,282.57857142857137,4.846428571428571,-10.0,0.0,0.0,-45.0,0.0035714285714285,0.0071428571428571,0.0,0.0285714285714285,0.1428571428571428,2012-07-16,Ete
4888,201229,25,BASSE-NORMANDIE,10.09433962264151,232.35849056603777,3.6,289.3280952380953,284.2909523809524,74.32380952380953,27810.47619047619,80.06410256410257,4.113207547169812,1047.6470588235295,100977.16981132075,285.14629629629627,293.3462962962963,281.93571428571425,6.523584905660377,-10.0,0.0,0.0,-45.84905660377358,0.0095238095238095,0.0173076923076923,0.0461538461538461,0.0769230769230769,0.2615384615384615,2012-07-16,Ete
4889,201229,26,BOURGOGNE,2.972972972972973,204.32432432432432,2.778378378378378,291.02117117117115,284.0545045045045,67.10810810810811,30681.81818181818,77.65957446808511,3.8461538461538463,1475.892857142857,99901.71171171172,286.2214285714286,295.6107142857143,282.93571428571425,5.473873873873874,-10.0,0.0,0.0,-44.44444444444444,0.0342342342342342,0.0684684684684684,0.0814814814814814,0.2642857142857143,0.5714285714285714,2012-07-16,Ete
4890,201229,53,BRETAGNE,1.488095238095238,229.22619047619048,3.670238095238095,289.2363095238095,285.9095238095238,82.38690476190476,24380.95238095238,76.48412698412699,4.9655172413793105,1001.7741935483872,101508.09523809524,285.9738095238095,292.22142857142853,281.65,6.533333333333333,-10.0,0.0,0.0,-45.0,0.0083333333333333,0.044047619047619,0.0571428571428571,0.1761904761904762,0.2142857142857142,2012-07-16,Ete
4891,201229,24,CENTRE,4.594594594594595,215.9459459459459,3.001801801801802,291.19594594594594,283.9301801801802,65.45945945945945,25600.0,65.11764705882354,3.402439024390244,2216.6666666666665,100705.5855855856,286.59285714285716,295.5607142857143,283.3642857142857,5.92972972972973,-10.0,0.0,0.0,-44.81927710843374,0.018018018018018,0.0216216216216216,0.0814814814814814,0.0785714285714285,0.1714285714285714,2012-07-16,Ete
4892,201229,21,CHAMPAGNE-ARDENNE,6.428571428571429,219.19642857142856,3.413392857142857,290.40803571428575,284.0705357142857,68.79464285714286,20928.571428571428,83.66197183098592,4.035714285714286,1512.0253164556962,100872.23214285714,286.1392857142857,294.66785714285714,283.22142857142853,6.358928571428572,-10.0,0.0,0.0,-45.0,0.0142857142857142,0.0517857142857142,0.0357142857142857,0.1857142857142857,0.7428571428571429,2012-07-16,Ete
4893,201229,94,CORSE,-6.756756756756757,146.84684684684686,3.063963963963964,296.75630630630627,288.8157657657658,62.693693693693696,31549.54954954955,16.42156862745098,1.7307692307692308,1480.5555555555557,101497.38738738738,292.5785714285715,300.7642857142857,288.5071428571428,4.968468468468468,-10.0,0.0,0.0,-43.8,0.0,0.0,0.0,0.0,0.0,2012-07-16,Ete
4894,201229,43,FRANCHE-COMTE,2.4107142857142856,224.46428571428572,2.7160714285714285,290.59553571428575,284.44375,69.92857142857143,35339.28571428572,73.95714285714286,3.108695652173913,1438.2051282051282,99216.96428571428,286.44642857142856,294.5785714285715,283.07857142857137,5.511607142857143,-10.0,0.0,0.0,-43.125,0.0464285714285714,0.1321428571428571,0.1714285714285714,0.5428571428571428,1.2285714285714284,2012-07-16,Ete
4895,201229,23,HAUTE-NORMANDIE,5.0,228.3928571428571,4.914285714285714,289.01160714285714,285.36607142857144,80.48214285714286,20144.23076923077,75.26136363636364,3.971428571428571,1352.0454545454545,101155.0,286.2785714285714,291.5392857142857,282.43571428571425,8.027678571428572,-10.0,0.0,0.0,-45.55555555555556,0.0017857142857142,0.0053571428571428,0.0,0.0214285714285714,0.0714285714285714,2012-07-16,Ete
4896,201229,91,LANGUEDOC-ROUSSILLON,-8.392857142857142,269.82142857142856,3.9366071428571425,296.4714285714286,283.2866071428571,46.8125,49072.2891566265,38.02325581395349,1.826086956521739,3864.444444444444,101123.83928571428,290.75,301.7,288.43571428571425,6.675892857142857,-10.0,0.0,0.0,-46.45161290322581,0.0,0.0,0.0,0.0,0.0,2012-07-16,Ete
4897,201229,74,LIMOUSIN,-2.0535714285714284,186.96428571428572,2.517857142857143,290.65267857142857,283.96696428571425,68.27678571428571,50829.82456140351,52.265625,3.4,2017.719298245614,99249.28571428572,285.69642857142856,295.29285714285714,282.3642857142857,4.860714285714286,-10.0,0.0,0.0,-45.55555555555556,0.0234234234234234,0.0504504504504504,0.1142857142857143,0.1928571428571428,0.5,2012-07-16,Ete
4898,201229,41,LORRAINE,0.8518339768339769,193.21428571428572,3.340515796260477,284.8620535714286,280.4638392857143,76.875,22941.964285714286,77.08380069025021,4.472972972972973,1404.9461206896551,100070.444015444,281.3357142857143,288.05357142857144,279.2928571428571,6.159821428571428,-10.0,0.0,0.0,-45.0,0.05740025740025735,0.18908730158730155,0.3345238095238095,0.7571428571428571,1.5214285714285716,2012-07-16,Ete
4899,201229,73,MIDI-PYRENEES,-7.321428571428571,247.32142857142856,2.4830357142857147,293.49642857142857,284.42410714285717,60.919642857142854,39471.698113207545,51.37096774193548,3.868421052631579,1523.9130434782608,98998.66071428572,288.18928571428575,298.62857142857143,285.07857142857137,4.703571428571428,-10.0,0.0,0.0,-45.27272727272727,0.0,0.0089285714285714,0.0,0.0357142857142857,0.0714285714285714,2012-07-16,Ete
4900,201229,31,NORD-PAS-DE-CALAIS,9.553571428571429,210.08928571428572,4.714285714285714,289.15714285714284,284.67857142857144,76.38392857142857,25795.495495495496,77.22222222222223,5.076923076923077,1259.493670886076,101327.14285714286,286.42857142857144,291.8071428571429,284.7928571428571,8.319642857142858,-10.0,0.0,0.0,-44.189189189189186,0.0232142857142857,0.1267857142857142,0.3642857142857142,0.5,1.7,2012-07-16,Ete
4901,201229,52,PAYS-DE-LA-LOIRE,0.8518339768339769,193.21428571428572,3.340515796260477,284.8620535714286,280.4638392857143,76.875,22941.964285714286,77.08380069025021,4.472972972972973,1404.9461206896551,100070.444015444,281.3357142857143,288.05357142857144,279.2928571428571,6.159821428571428,-10.0,0.0,0.0,-45.0,0.05740025740025735,0.18908730158730155,0.3345238095238095,0.7571428571428571,1.5214285714285716,2012-07-16,Ete
4902,201229,22,PICARDIE,9.553571428571429,210.08928571428572,4.714285714285714,289.15714285714284,284.67857142857144,76.38392857142857,25795.495495495496,77.22222222222223,5.076923076923077,1259.493670886076,101327.14285714286,286.42857142857144,291.8071428571429,284.7928571428571,8.319642857142858,-10.0,0.0,0.0,-44.189189189189186,0.0232142857142857,0.1267857142857142,0.3642857142857142,0.5,1.7,2012-07-16,Ete
4903,201229,54,POITOU-CHARENTES,1.351351351351351,193.6936936936937,2.457657657657658,291.18153153153156,284.22387387387386,67.70270270270271,32719.51219512195,61.12903225806452,3.3653846153846154,2056.451612903226,100602.88288288288,286.025,296.0464285714285,283.0071428571428,5.030630630630631,-10.0,0.0,0.0,-44.61538461538461,0.0342342342342342,0.054054054054054,0.1481481481481481,0.1928571428571428,0.4142857142857142,2012-07-16,Ete
4904,201229,93,PROVENCE-ALPES-COTE-D-AZUR,0.8518339768339769,193.21428571428572,3.340515796260477,284.8620535714286,280.4638392857143,76.875,22941.964285714286,77.08380069025021,4.472972972972973,1404.9461206896551,100070.444015444,281.3357142857143,288.05357142857144,279.2928571428571,6.159821428571428,-10.0,0.0,0.0,-45.0,0.05740025740025735,0.18908730158730155,0.3345238095238095,0.7571428571428571,1.5214285714285716,2012-07-16,Ete
4905,201229,11,ILE-DE-FRANCE,4.821428571428571,231.78571428571428,3.6,291.2107142857143,283.7892857142857,63.982142857142854,27642.85714285714,63.482142857142854,3.1964285714285716,2554.464285714286,101099.10714285714,286.9714285714286,295.25714285714287,283.43571428571425,6.642857142857143,-10.0,0.0,0.0,-45.0,0.0,0.0,0.0,0.0,0.0285714285714285,2012-07-16,Ete
4906,201229,82,RHONE-ALPES,-6.071428571428571,222.1428571428571,3.8910714285714287,292.9642857142857,284.6982142857143,61.339285714285715,41428.57142857143,29.732142857142858,1.9473684210526316,2483.684210526316,99310.53571428572,288.4,296.9214285714285,284.43571428571425,6.514285714285714,-10.0,0.0,0.0,-45.0,0.0,0.0035714285714285,0.0,0.0142857142857142,0.1999999999999999,2012-07-16,Ete
4907,201228,42,ALSACE,15.0,221.6071428571429,3.897321428571429,291.0392857142857,285.06875,69.9375,48046.42857142857,94.64285714285714,4.472972972972973,1438.3695652173913,99267.58928571428,288.06071428571425,294.6642857142857,285.65,7.542592592592593,-10.0,0.0,0.0,-45.0,0.1009009009009009,0.2396396396396396,0.3407407407407408,0.9703703703703704,1.4076923076923078,2012-07-09,Ete
4908,201228,72,AQUITAINE,17.5,261.69642857142856,3.7089285714285714,292.24642857142857,285.53125,67.15178571428571,49675.67567567567,76.53061224489795,5.466666666666667,1121.2244897959183,100706.33928571428,288.88214285714287,295.9642857142857,287.3642857142857,6.64375,-10.0,0.0,0.0,-46.973684210526315,0.0857142857142857,0.1339285714285714,0.1214285714285714,0.5428571428571428,1.5714285714285714,2012-07-09,Ete
4909,201228,83,AUVERGNE,15.714285714285714,183.57142857142856,2.682142857142857,291.2142857142857,284.0375,63.982142857142854,32482.14285714286,66.07142857142857,4.5636363636363635,1302.678571428571,97860.0,287.68571428571425,294.86428571428576,284.8642857142857,5.966071428571429,-10.0,0.0,0.0,-45.55555555555556,0.0107142857142857,0.0535714285714285,0.0714285714285714,0.1999999999999999,0.3428571428571428,2012-07-09,Ete
4910,201228,25,BASSE-NORMANDIE,19.908256880733944,248.45454545454547,4.297272727272727,288.02909090909094,284.4418181818182,80.2,26335.454545454544,92.1938775510204,6.285714285714286,859.3137254901961,100134.45454545454,285.7462962962963,291.0611111111111,283.99615384615385,7.824545454545455,-10.0,0.0,0.0,-45.0,0.1272727272727272,0.3412844036697248,0.6222222222222222,1.3703703703703705,2.792307692307692,2012-07-09,Ete
4911,201228,26,BOURGOGNE,16.071428571428573,234.375,3.983035714285714,290.53303571428575,284.87142857142857,71.11607142857143,35232.142857142855,91.16883116883118,6.392857142857143,1147.3684210526317,99273.39285714286,287.575,293.90714285714284,285.57857142857137,7.725892857142858,-10.0,0.0,0.0,-45.0,0.0535714285714285,0.1678571428571428,0.1928571428571428,0.7071428571428572,1.3357142857142856,2012-07-09,Ete
4912,201228,53,BRETAGNE,19.821428571428573,249.28571428571428,4.670833333333333,288.02559523809526,285.1279761904762,83.64880952380952,26038.125,88.09210526315789,6.028846153846154,776.6666666666666,100673.75,286.0785714285714,290.35714285714283,283.7928571428571,8.554166666666667,-10.0,0.0,0.0,-45.0,0.0726190476190476,0.2904761904761904,0.719047619047619,1.2142857142857142,3.5714285714285716,2012-07-09,Ete
4913,201228,24,CENTRE,17.678571428571427,242.94642857142856,4.047321428571428,289.7455357142857,284.9839285714286,74.89285714285714,23671.428571428572,83.18681318681318,5.512195121951219,1016.190476190476,99982.58928571428,287.0464285714286,292.8607142857143,285.57857142857137,7.861607142857143,-10.0,0.0,0.0,-45.0,0.1178571428571428,0.3,0.8357142857142856,1.2642857142857142,2.4857142857142853,2012-07-09,Ete
4914,201228,21,CHAMPAGNE-ARDENNE,16.517857142857142,223.4821428571429,4.19375,289.1276785714286,285.20982142857144,78.75,19748.64864864865,93.28282828282828,6.2592592592592595,1085.360824742268,100123.48214285714,286.62857142857143,292.4321428571429,284.7928571428571,7.822321428571429,-10.0,0.0,0.0,-45.55555555555556,0.2089285714285714,0.6714285714285715,1.4428571428571428,2.692857142857143,5.171428571428572,2012-07-09,Ete
4915,201228,94,CORSE,6.875,150.44642857142858,3.3446428571428575,297.5392857142857,290.7732142857143,67.72321428571429,30490.178571428572,13.434343434343434,1.40625,1688.5245901639344,101236.78571428572,293.5357142857143,301.27500000000003,290.22142857142853,5.333928571428571,-10.0,0.0,0.0,-44.38775510204081,0.0,0.0053571428571428,0.0214285714285714,0.0214285714285714,0.0428571428571428,2012-07-09,Ete
4916,201228,43,FRANCHE-COMTE,15.625,228.30357142857144,3.3294642857142853,290.82589285714283,284.96964285714284,70.41964285714286,39642.857142857145,80.57291666666667,3.36734693877551,1427.2277227722773,98605.35714285714,287.8964285714286,294.4035714285714,285.3642857142857,7.050892857142857,-10.0,0.0,0.0,-43.125,0.075,0.2375,0.3214285714285714,0.9357142857142856,1.7142857142857142,2012-07-09,Ete
4917,201228,23,HAUTE-NORMANDIE,19.375,251.16071428571428,6.107142857142857,288.01160714285714,285.39910714285713,84.96428571428571,19613.861386138615,87.25274725274726,5.521739130434782,816.9791666666666,100270.625,286.35,289.95,285.0071428571428,9.688392857142858,-10.0,0.0,0.0,-43.75,0.1910714285714285,0.5339285714285714,1.157142857142857,2.1,4.164285714285714,2012-07-09,Ete
4918,201228,91,LANGUEDOC-ROUSSILLON,16.607142857142858,272.5,4.3741071428571425,295.1973214285714,284.9607142857143,54.357142857142854,48614.4578313253,48.97849462365591,3.7413793103448274,1950.4054054054056,100766.875,291.4,299.2857142857143,289.72142857142853,7.60625,-10.0,0.0,0.0,-46.285714285714285,0.0,0.0017857142857142,0.0071428571428571,0.0071428571428571,0.0142857142857142,2012-07-09,Ete
4919,201228,74,LIMOUSIN,21.818181818181817,240.1818181818182,4.161818181818182,288.87636363636364,284.5945454545455,76.91818181818182,46206.34920634921,89.62765957446808,6.528301886792453,824.2574257425742,98700.81818181818,286.28214285714284,292.0678571428571,284.57857142857137,7.544545454545454,-10.0,0.0,0.0,-45.0,0.1381818181818181,0.3909090909090909,0.4962962962962962,1.5785714285714287,3.207142857142857,2012-07-09,Ete
4920,201228,41,LORRAINE,0.8518339768339769,193.21428571428572,3.340515796260477,284.8620535714286,280.4638392857143,76.875,22941.964285714286,77.08380069025021,4.472972972972973,1404.9461206896551,100070.444015444,281.3357142857143,288.05357142857144,279.2928571428571,6.159821428571428,-10.0,0.0,0.0,-45.0,0.05740025740025735,0.18908730158730155,0.3345238095238095,0.7571428571428571,1.5214285714285716,2012-07-09,Ete
4921,201228,73,MIDI-PYRENEES,16.428571428571427,232.2321428571429,2.8035714285714284,291.74375,285.5142857142857,69.57142857142857,34018.51851851852,77.3943661971831,5.654545454545454,1127.1830985915492,98611.16071428572,288.2607142857143,295.575,286.57857142857137,5.582142857142857,-10.0,0.0,0.0,-45.535714285714285,0.0089285714285714,0.0267857142857142,0.0714285714285714,0.1071428571428571,0.2428571428571428,2012-07-09,Ete
4922,201228,31,NORD-PAS-DE-CALAIS,18.214285714285715,237.05357142857144,4.66875,288.28035714285716,284.9830357142857,81.5625,24625.0,85.90361445783132,6.111111111111111,742.7710843373494,100439.375,286.33214285714286,290.5678571428572,285.65,8.319642857142858,-10.0,0.0,0.0,-44.21052631578947,0.2946428571428571,0.8607142857142858,1.7714285714285716,3.4285714285714284,6.542857142857143,2012-07-09,Ete
4923,201228,52,PAYS-DE-LA-LOIRE,0.8518339768339769,193.21428571428572,3.340515796260477,284.8620535714286,280.4638392857143,76.875,22941.964285714286,77.08380069025021,4.472972972972973,1404.9461206896551,100070.444015444,281.3357142857143,288.05357142857144,279.2928571428571,6.159821428571428,-10.0,0.0,0.0,-45.0,0.05740025740025735,0.18908730158730155,0.3345238095238095,0.7571428571428571,1.5214285714285716,2012-07-09,Ete
4924,201228,22,PICARDIE,18.214285714285715,237.05357142857144,4.66875,288.28035714285716,284.9830357142857,81.5625,24625.0,85.90361445783132,6.111111111111111,742.7710843373494,100439.375,286.33214285714286,290.5678571428572,285.65,8.319642857142858,-10.0,0.0,0.0,-44.21052631578947,0.2946428571428571,0.8607142857142858,1.7714285714285716,3.4285714285714284,6.542857142857143,2012-07-09,Ete
4925,201228,54,POITOU-CHARENTES,17.589285714285715,240.3571428571429,4.409821428571428,289.95625,285.0625,74.41071428571429,32866.666666666664,88.17073170731707,6.4363636363636365,920.2020202020202,99952.41071428572,286.9892857142857,293.3,285.2928571428571,8.171428571428573,-10.0,0.0,0.0,-45.0,0.1214285714285714,0.3125,0.4857142857142857,1.2642857142857142,2.542857142857143,2012-07-09,Ete
4926,201228,93,PROVENCE-ALPES-COTE-D-AZUR,0.8518339768339769,193.21428571428572,3.340515796260477,284.8620535714286,280.4638392857143,76.875,22941.964285714286,77.08380069025021,4.472972972972973,1404.9461206896551,100070.444015444,281.3357142857143,288.05357142857144,279.2928571428571,6.159821428571428,-10.0,0.0,0.0,-45.0,0.05740025740025735,0.18908730158730155,0.3345238095238095,0.7571428571428571,1.5214285714285716,2012-07-09,Ete
4927,201228,11,ILE-DE-FRANCE,18.214285714285715,242.67857142857144,4.0910714285714285,289.28035714285716,284.8625,76.41071428571429,23200.0,81.0,5.055555555555555,1124.107142857143,100312.5,286.7142857142857,292.3285714285714,285.15,7.569642857142858,-10.0,0.0,0.0,-45.0,0.1785714285714285,0.425,1.3714285714285714,1.7285714285714284,3.4285714285714284,2012-07-09,Ete
4928,201228,82,RHONE-ALPES,15.0,185.17857142857144,2.691071428571429,292.7357142857143,285.1196428571429,63.285714285714285,40125.0,63.45454545454545,3.0727272727272728,1640.566037735849,98823.39285714286,289.54285714285714,296.54285714285714,286.15,5.876785714285715,-10.0,0.0,0.0,-44.72727272727273,0.075,0.1678571428571428,0.2857142857142857,0.7142857142857143,1.3142857142857145,2012-07-09,Ete
4929,201227,42,ALSACE,-10.357142857142858,206.07142857142856,2.486607142857143,292.73928571428576,287.6508928571429,74.75,35332.142857142855,96.40579710144928,4.472972972972973,1210.0,99189.19642857143,288.6607142857143,296.5857142857143,287.15,5.2,-10.0,0.0,0.0,-45.0,0.0839285714285714,0.2464285714285714,0.1999999999999999,1.0142857142857142,2.5285714285714285,2012-07-02,Ete
4930,201227,72,AQUITAINE,-7.657657657657658,220.0900900900901,3.1576576576576576,292.66711711711713,286.1121621621622,69.05405405405405,42551.42857142857,74.78494623655914,4.121621621621622,1758.7912087912089,100359.63963963964,288.4607142857143,296.73214285714283,286.65,5.722522522522523,-10.0,0.0,0.0,-46.578947368421055,0.0378378378378378,0.3563636363636364,0.7461538461538461,1.4666666666666668,2.1153846153846154,2012-07-02,Ete
4931,201227,83,AUVERGNE,-7.857142857142857,166.60714285714286,2.1160714285714284,291.26785714285717,286.05535714285713,74.05357142857143,28982.14285714286,65.0925925925926,3.5384615384615383,1534.6153846153843,97630.71428571428,287.5,295.0642857142857,285.0071428571428,5.073214285714286,-10.0,0.0,0.0,-44.44444444444444,0.1785714285714285,0.6,1.657142857142857,2.3000000000000003,4.971428571428572,2012-07-02,Ete
4932,201227,25,BASSE-NORMANDIE,-15.865384615384617,199.71698113207543,3.583962264150943,289.79433962264153,286.12735849056605,79.98113207547169,28033.962264150945,89.84536082474227,5.732142857142857,900.5263157894736,99958.39622641508,286.5425925925926,292.9462962962963,284.22142857142853,6.6085714285714285,-10.0,0.0,0.0,-45.27272727272727,0.1219047619047619,0.5346153846153846,1.2153846153846153,2.123076923076923,4.276923076923077,2012-07-02,Ete
4933,201227,26,BOURGOGNE,-9.553571428571429,201.25,2.871428571428571,292.0839285714286,286.29464285714283,71.66964285714286,29280.35714285714,84.65151515151516,3.928571428571429,1197.638888888889,99098.21428571428,287.9428571428572,296.10714285714283,286.22142857142853,5.636607142857143,-10.0,0.0,0.0,-45.0,0.1464285714285714,0.3178571428571429,0.5357142857142857,1.292857142857143,2.628571428571429,2012-07-02,Ete
4934,201227,53,BRETAGNE,-9.94047619047619,219.04761904761904,4.583333333333333,288.94642857142856,286.82380952380953,87.89285714285714,21795.180722891568,92.17283950617283,6.831775700934579,619.7452229299363,100303.03571428572,287.1452380952381,291.18095238095236,285.57857142857137,8.401190476190477,-10.0,0.0,0.0,-45.0,0.1771084337349397,0.6445783132530121,1.138095238095238,2.4341463414634146,5.438461538461539,2012-07-02,Ete
4935,201227,24,CENTRE,-11.785714285714286,198.83928571428572,3.0008928571428575,291.7660714285714,286.2660714285714,72.54464285714286,23491.071428571428,75.82352941176471,4.075,1392.0879120879122,99821.42857142857,288.19642857142856,295.5678571428571,285.72142857142853,5.900892857142857,-10.0,0.0,0.0,-44.60526315789474,0.236036036036036,0.6252252252252253,1.6428571428571428,1.614814814814815,2.946153846153846,2012-07-02,Ete
4936,201227,21,CHAMPAGNE-ARDENNE,-12.589285714285714,160.08928571428572,2.7964285714285713,291.45535714285717,286.50982142857146,75.22321428571429,20946.428571428572,85.11363636363636,4.321428571428571,1470.0,100065.17857142857,287.8285714285714,295.7,285.15,5.4375,-10.0,0.0,0.0,-45.0,0.1464285714285714,0.4357142857142856,0.4642857142857143,1.7142857142857142,3.3428571428571425,2012-07-02,Ete
4937,201227,94,CORSE,0.0892857142857142,150.08928571428572,3.0580357142857144,297.14285714285717,291.12857142857143,70.01785714285714,26026.785714285714,31.4622641509434,2.4691358024691357,1008.8235294117648,101208.83928571428,293.62857142857143,300.51071428571424,290.22142857142853,5.017857142857143,-10.0,0.0,0.0,-44.24242424242424,0.0,0.0,0.0,0.0,0.0,2012-07-02,Ete
4938,201227,43,FRANCHE-COMTE,-8.928571428571429,195.80357142857144,2.3267857142857147,292.2455357142857,287.3330357142857,75.625,27878.571428571428,84.1086956521739,3.8958333333333335,1147.888888888889,98498.125,288.30357142857144,296.1464285714286,286.8642857142857,4.920535714285714,-10.0,0.0,0.0,-42.857142857142854,0.2214285714285714,0.6178571428571429,1.1642857142857144,2.5357142857142856,5.628571428571428,2012-07-02,Ete
4939,201227,23,HAUTE-NORMANDIE,-13.392857142857142,191.78571428571428,5.069642857142857,289.38660714285714,286.7241071428571,85.39285714285714,20926.92307692308,90.42105263157896,6.333333333333333,1039.8969072164948,100096.33928571428,287.2892857142857,291.8357142857143,285.2928571428571,8.161607142857143,-10.0,0.0,0.0,-45.0,0.1357142857142857,0.4535714285714285,0.8214285714285714,1.85,3.721428571428571,2012-07-02,Ete
4940,201227,91,LANGUEDOC-ROUSSILLON,-5.7657657657657655,217.74774774774775,3.3018018018018016,294.61396396396395,286.8959459459459,64.43243243243244,46333.333333333336,64.45652173913044,3.3333333333333335,1892.6829268292684,100521.53153153154,290.23214285714283,298.0642857142857,288.2928571428571,5.720000000000001,-10.0,0.0,0.0,-46.55172413793103,0.0145454545454545,0.3418181818181818,0.6923076923076923,1.6296296296296295,5.130769230769231,2012-07-02,Ete
4941,201227,74,LIMOUSIN,-8.660714285714286,218.03571428571428,3.236607142857143,290.2660714285714,285.0526785714286,73.58035714285714,42666.19718309859,80.54945054945055,4.0,1160.888888888889,98382.67857142857,286.39285714285717,294.58214285714286,284.2928571428571,6.230357142857143,-10.0,0.0,0.0,-45.0,0.1732142857142857,0.3803571428571429,1.2214285714285715,1.5285714285714287,2.8857142857142857,2012-07-02,Ete
4942,201227,41,LORRAINE,0.8518339768339769,193.21428571428572,3.340515796260477,284.8620535714286,280.4638392857143,76.875,22941.964285714286,77.08380069025021,4.472972972972973,1404.9461206896551,100070.444015444,281.3357142857143,288.05357142857144,279.2928571428571,6.159821428571428,-10.0,0.0,0.0,-45.0,0.05740025740025735,0.18908730158730155,0.3345238095238095,0.7571428571428571,1.5214285714285716,2012-07-02,Ete
4943,201227,73,MIDI-PYRENEES,-6.576576576576577,203.51351351351352,2.4954954954954953,292.2337837837838,285.7914414414414,69.66666666666667,33946.42857142857,67.79411764705883,3.796296296296296,1858.955223880597,98253.6036036036,287.7785714285714,296.27500000000003,285.22142857142853,5.0027027027027025,-10.0,0.0,0.0,-45.27272727272727,0.1234234234234234,0.3621621621621622,0.8444444444444444,1.3928571428571428,3.371428571428571,2012-07-02,Ete
4944,201227,31,NORD-PAS-DE-CALAIS,-16.607142857142858,179.82142857142858,3.2660714285714287,290.6464285714286,286.7875,79.58035714285714,25954.954954954956,78.51190476190476,4.578313253012048,1480.7142857142858,100450.80357142857,287.87857142857143,293.4107142857143,286.2928571428571,5.933035714285714,-10.0,0.0,0.0,-43.84615384615385,0.1339285714285714,0.8839285714285714,2.15,3.5357142857142856,6.714285714285714,2012-07-02,Ete
4945,201227,52,PAYS-DE-LA-LOIRE,0.8518339768339769,193.21428571428572,3.340515796260477,284.8620535714286,280.4638392857143,76.875,22941.964285714286,77.08380069025021,4.472972972972973,1404.9461206896551,100070.444015444,281.3357142857143,288.05357142857144,279.2928571428571,6.159821428571428,-10.0,0.0,0.0,-45.0,0.05740025740025735,0.18908730158730155,0.3345238095238095,0.7571428571428571,1.5214285714285716,2012-07-02,Ete
4946,201227,22,PICARDIE,-16.607142857142858,179.82142857142858,3.2660714285714287,290.6464285714286,286.7875,79.58035714285714,25954.954954954956,78.51190476190476,4.578313253012048,1480.7142857142858,100450.80357142857,287.87857142857143,293.4107142857143,286.2928571428571,5.933035714285714,-10.0,0.0,0.0,-43.84615384615385,0.1339285714285714,0.8839285714285714,2.15,3.5357142857142856,6.714285714285714,2012-07-02,Ete
4947,201227,54,POITOU-CHARENTES,-10.0,215.53571428571428,3.429464285714286,291.48839285714286,285.79017857142856,71.8125,31646.464646464647,77.32876712328768,4.035714285714286,1156.9620253164558,99707.32142857143,287.3607142857143,295.88214285714287,285.15,6.400892857142857,-10.0,0.0,0.0,-45.0,0.1375,0.2696428571428571,0.5857142857142856,1.0642857142857145,2.1357142857142857,2012-07-02,Ete
4948,201227,93,PROVENCE-ALPES-COTE-D-AZUR,0.8518339768339769,193.21428571428572,3.340515796260477,284.8620535714286,280.4638392857143,76.875,22941.964285714286,77.08380069025021,4.472972972972973,1404.9461206896551,100070.444015444,281.3357142857143,288.05357142857144,279.2928571428571,6.159821428571428,-10.0,0.0,0.0,-45.0,0.05740025740025735,0.18908730158730155,0.3345238095238095,0.7571428571428571,1.5214285714285716,2012-07-02,Ete
4949,201227,11,ILE-DE-FRANCE,-13.571428571428571,193.92857142857144,2.982142857142857,291.5107142857143,286.4892857142857,74.32142857142857,23250.0,79.28571428571429,4.153846153846154,1587.142857142857,100207.67857142857,288.40714285714284,294.95,285.57857142857137,5.8446428571428575,-10.0,0.0,0.0,-44.42307692307692,0.3090909090909091,0.8872727272727273,2.357142857142857,1.7846153846153845,2.9,2012-07-02,Ete
4950,201227,82,RHONE-ALPES,-7.678571428571429,181.78571428571428,2.564285714285714,293.29285714285714,286.575,68.625,31898.214285714286,64.83333333333333,3.3076923076923075,1949.2156862745096,98622.32142857143,288.9214285714286,296.87142857142857,286.43571428571425,5.560714285714285,-10.0,0.0,0.0,-45.0,0.0928571428571428,0.475,0.7857142857142857,2.0142857142857142,12.814285714285717,2012-07-02,Ete
4951,201226,42,ALSACE,5.892857142857143,208.92857142857144,2.3857142857142857,294.2017857142857,289.0366071428571,74.49107142857143,36875.0,96.15942028985508,4.472972972972973,1314.179104477612,99408.92857142857,290.29285714285714,298.71785714285716,289.3642857142857,5.188990825688074,-10.0,0.0,0.0,-45.0,0.125,0.4357142857142856,1.3714285714285714,1.75,2.878571428571429,2012-06-25,Ete
4952,201226,72,AQUITAINE,-2.0535714285714284,225.0,3.4901785714285714,295.62857142857143,288.05357142857144,65.41964285714286,43479.41176470588,66.54081632653062,4.514705882352941,1556.75,100554.55357142857,291.31071428571425,300.3285714285715,289.65,6.253571428571428,-10.0,0.0,0.0,-46.578947368421055,0.0625,0.1423423423423423,0.1714285714285714,0.6666666666666666,1.1,2012-06-25,Ete
4953,201226,83,AUVERGNE,1.4285714285714286,145.53571428571428,2.367857142857143,295.30892857142857,288.9214285714286,69.5,27946.428571428572,60.63636363636363,4.222222222222222,1846.3636363636365,97853.03571428572,291.5285714285714,299.75,289.15,5.378571428571428,-10.0,0.0,0.0,-45.27272727272727,0.0482142857142857,0.4678571428571428,0.1142857142857143,1.7857142857142858,3.442857142857143,2012-06-25,Ete
4954,201226,25,BASSE-NORMANDIE,14.22680412371134,218.2,3.651,290.878,286.664,77.83,25571.717171717173,82.16867469879519,4.642857142857143,1001.046511627907,100367.2,287.19347826086954,293.6717391304348,284.9833333333333,6.556,-10.0,0.0,0.0,-45.0,0.064,0.2126315789473684,0.45,0.9619047619047618,2.6666666666666665,2012-06-25,Ete
4955,201226,26,BOURGOGNE,3.75,217.94642857142856,2.53125,293.9276785714286,288.70714285714286,74.38392857142857,29537.5,91.95652173913044,5.04,1301.1538461538462,99352.94642857143,290.3464285714286,298.17857142857144,289.57857142857137,5.147321428571429,-10.0,0.0,0.0,-45.6,0.0607142857142857,0.2285714285714286,0.3357142857142857,0.8642857142857142,1.8142857142857145,2012-06-25,Ete
4956,201226,53,BRETAGNE,0.6586826347305389,200.77380952380952,4.313095238095238,290.05892857142857,287.322619047619,85.125,20371.25748502994,85.7517730496454,5.98,606.5467625899281,100721.96428571428,287.77142857142854,292.70238095238096,286.3642857142857,7.904761904761905,-10.0,0.0,0.0,-44.65116279069768,0.0738095238095238,0.2132530120481927,0.3951219512195121,0.9714285714285712,3.0714285714285716,2012-06-25,Ete
4957,201226,24,CENTRE,4.285714285714286,232.94642857142856,2.777678571428571,293.0053571428571,287.4857142857143,72.6875,22628.571428571428,72.26744186046511,4.0,1767.8947368421052,100131.25,289.1392857142857,297.0678571428571,287.07857142857137,5.5125,-10.0,0.0,0.0,-45.18518518518518,0.0535714285714285,0.1482142857142857,0.2142857142857142,0.6142857142857142,1.6,2012-06-25,Ete
4958,201226,21,CHAMPAGNE-ARDENNE,5.625,205.53571428571428,2.2982142857142853,291.92410714285717,287.16964285714283,75.76785714285714,19493.75,88.42857142857143,5.214285714285714,1171.029411764706,100361.33928571428,287.74285714285713,296.29285714285714,285.0071428571428,4.569642857142857,-10.0,0.0,0.0,-45.0,0.0723214285714285,0.1125,0.5785714285714285,0.6571428571428571,1.7857142857142858,2012-06-25,Ete
4959,201226,94,CORSE,-6.964285714285714,148.39285714285714,2.6464285714285714,297.8776785714286,292.0892857142857,71.54464285714286,18973.214285714286,20.392156862745097,1.323943661971831,1953.030303030303,101345.35714285714,294.0642857142857,301.15000000000003,290.22142857142853,4.344642857142857,-10.0,0.0,0.0,-43.578947368421055,0.0017857142857142,0.0017857142857142,0.0,0.0071428571428571,0.0142857142857142,2012-06-25,Ete
4960,201226,43,FRANCHE-COMTE,4.375,213.125,2.3625000000000003,294.3875,289.19642857142856,74.39285714285714,33681.25,80.1086956521739,2.9791666666666665,1361.6666666666667,98708.66071428572,290.6,298.7214285714286,289.43571428571425,5.067857142857143,-10.0,0.0,0.0,-43.125,0.0660714285714285,0.3297297297297297,0.8370370370370371,1.2785714285714285,1.942857142857143,2012-06-25,Ete
4961,201226,23,HAUTE-NORMANDIE,3.6936936936936937,204.7747747747748,4.672972972972973,289.56441441441444,286.8148648648649,84.61261261261261,19015.151515151516,82.29885057471265,5.333333333333333,1095.9036144578313,100492.52252252251,287.18928571428575,292.0464285714286,286.15,7.702702702702703,-10.0,0.0,0.0,-46.15384615384615,0.1081081081081081,0.2900900900900901,0.5285714285714286,1.15,3.585714285714286,2012-06-25,Ete
4962,201226,91,LANGUEDOC-ROUSSILLON,-2.6785714285714284,204.19642857142856,4.1883928571428575,297.2241071428571,289.10089285714287,63.732142857142854,39617.28395061728,53.41836734693877,4.017241379310345,2009.5774647887324,100695.53571428572,293.2642857142857,301.64285714285717,291.8642857142857,7.002678571428571,-10.0,0.0,0.0,-46.875,0.1232142857142857,0.3785714285714285,0.2428571428571428,1.342857142857143,0.9928571428571428,2012-06-25,Ete
4963,201226,74,LIMOUSIN,-0.3571428571428571,220.9821428571429,3.0464285714285713,292.9714285714286,287.29285714285714,71.96428571428571,42350.0,80.47619047619048,4.634615384615385,1489.6296296296296,98668.48214285714,289.4535714285714,297.05357142857144,287.93571428571425,5.889285714285714,-10.0,0.0,0.0,-46.0,0.0108108108108108,0.054054054054054,0.0962962962962963,0.25,0.4714285714285714,2012-06-25,Ete
4964,201226,41,LORRAINE,0.8518339768339769,193.21428571428572,3.340515796260477,284.8620535714286,280.4638392857143,76.875,22941.964285714286,77.08380069025021,4.472972972972973,1404.9461206896551,100070.444015444,281.3357142857143,288.05357142857144,279.2928571428571,6.159821428571428,-10.0,0.0,0.0,-45.0,0.05740025740025735,0.18908730158730155,0.3345238095238095,0.7571428571428571,1.5214285714285716,2012-06-25,Ete
4965,201226,73,MIDI-PYRENEES,-2.6785714285714284,227.94642857142856,2.9330357142857144,295.1919642857143,287.8544642857143,66.91071428571429,35150.943396226416,58.082191780821915,4.533333333333333,1687.090909090909,98449.10714285714,290.2892857142857,300.77500000000003,287.93571428571425,5.676785714285714,-10.0,0.0,0.0,-45.26315789473684,0.1732142857142857,0.3696428571428571,0.6142857142857142,1.6214285714285714,2.5214285714285714,2012-06-25,Ete
4966,201226,31,NORD-PAS-DE-CALAIS,8.214285714285714,216.3063063063063,3.733333333333333,290.6714285714286,286.3044642857143,76.86607142857143,27817.117117117115,71.78048780487805,4.1375,1759.8765432098764,100783.125,287.89285714285717,293.66785714285714,286.15,6.5928571428571425,-10.0,0.0,0.0,-43.81578947368421,0.0527272727272727,0.1541284403669724,0.0142857142857142,0.6461538461538462,1.823076923076923,2012-06-25,Ete
4967,201226,52,PAYS-DE-LA-LOIRE,0.8518339768339769,193.21428571428572,3.340515796260477,284.8620535714286,280.4638392857143,76.875,22941.964285714286,77.08380069025021,4.472972972972973,1404.9461206896551,100070.444015444,281.3357142857143,288.05357142857144,279.2928571428571,6.159821428571428,-10.0,0.0,0.0,-45.0,0.05740025740025735,0.18908730158730155,0.3345238095238095,0.7571428571428571,1.5214285714285716,2012-06-25,Ete
4968,201226,22,PICARDIE,8.214285714285714,216.3063063063063,3.733333333333333,290.6714285714286,286.3044642857143,76.86607142857143,27817.117117117115,71.78048780487805,4.1375,1759.8765432098764,100783.125,287.89285714285717,293.66785714285714,286.15,6.5928571428571425,-10.0,0.0,0.0,-43.81578947368421,0.0527272727272727,0.1541284403669724,0.0142857142857142,0.6461538461538462,1.823076923076923,2012-06-25,Ete
4969,201226,54,POITOU-CHARENTES,2.3214285714285716,222.7678571428571,3.0285714285714285,293.31339285714284,287.9482142857143,73.63392857142857,29865.116279069767,80.22388059701493,4.784313725490196,1287.6,100004.82142857143,289.58214285714286,297.59999999999997,287.7928571428571,5.8187500000000005,-10.0,0.0,0.0,-45.6,0.0446428571428571,0.1303571428571428,0.1571428571428571,0.5,1.0714285714285714,2012-06-25,Ete
4970,201226,93,PROVENCE-ALPES-COTE-D-AZUR,0.8518339768339769,193.21428571428572,3.340515796260477,284.8620535714286,280.4638392857143,76.875,22941.964285714286,77.08380069025021,4.472972972972973,1404.9461206896551,100070.444015444,281.3357142857143,288.05357142857144,279.2928571428571,6.159821428571428,-10.0,0.0,0.0,-45.0,0.05740025740025735,0.18908730158730155,0.3345238095238095,0.7571428571428571,1.5214285714285716,2012-06-25,Ete
4971,201226,11,ILE-DE-FRANCE,5.178571428571429,233.75,2.935714285714286,292.45535714285717,286.8357142857143,71.625,23928.571428571428,65.89285714285714,3.5272727272727273,2074.7272727272725,100536.78571428572,288.37142857142857,296.14285714285717,285.72142857142853,5.678571428571429,-10.0,0.0,0.0,-45.0,0.0178571428571428,0.0642857142857143,0.1142857142857143,0.3428571428571428,1.342857142857143,2012-06-25,Ete
4972,201226,82,RHONE-ALPES,2.142857142857143,196.78571428571428,3.3964285714285714,296.06964285714287,288.39464285714286,65.875,31053.571428571428,51.01851851851852,3.9318181818181817,2414.7727272727275,98844.46428571428,291.9714285714286,300.7214285714286,289.57857142857137,6.6499999999999995,-10.0,0.0,0.0,-45.0,0.3107142857142856,1.175,2.0,4.585714285714286,0.5142857142857142,2012-06-25,Ete
4973,201225,42,ALSACE,-2.2018348623853212,216.73076923076923,2.7874999999999996,292.1380733944954,286.33532110091744,71.59633027522936,39988.07339449541,92.14285714285714,4.472972972972973,1417.457627118644,99579.4495412844,287.6425925925926,296.43148148148146,285.15,5.414150943396226,-10.0,0.0,0.0,-45.0,0.0259259259259259,0.0666666666666666,0.1,0.2461538461538461,0.9769230769230768,2012-06-18,Ete
4974,201225,72,AQUITAINE,20.982142857142858,214.6428571428571,3.1964285714285716,293.45535714285717,286.3017857142857,66.05357142857143,38841.666666666664,71.47474747474747,3.3684210526315788,2098.2105263157896,100727.41071428572,289.34285714285716,297.85714285714283,287.8642857142857,6.024107142857143,-10.0,0.0,0.0,-46.36363636363637,0.0267857142857142,0.0714285714285714,0.2428571428571428,0.25,0.5142857142857143,2012-06-18,Ete
4975,201225,83,AUVERGNE,9.642857142857142,166.78571428571428,2.3125,293.19821428571424,285.8071428571429,64.67857142857143,31678.571428571428,64.81818181818181,2.9615384615384617,1960.377358490566,97995.71428571428,288.6,297.37142857142857,285.72142857142853,5.144642857142857,-10.0,0.0,0.0,-44.72727272727273,0.0,0.0035714285714285,0.0,0.0142857142857142,0.0285714285714285,2012-06-18,Ete
4976,201225,25,BASSE-NORMANDIE,8.217821782178218,191.94174757281553,3.932038834951456,288.56553398058253,284.03058252427184,75.87378640776699,21381.73076923077,81.73076923076923,4.909090909090909,1195.2439024390244,100537.47572815536,285.214,292.186,282.15,7.021359223300971,-10.0,0.0,0.0,-45.283018867924525,0.087378640776699,0.282,0.6,1.6083333333333334,2.4,2012-06-18,Ete
4977,201225,26,BOURGOGNE,3.944954128440367,210.6422018348624,3.0293577981651376,291.3270642201835,285.6922018348624,71.93577981651376,30301.83486238532,84.90566037735849,4.296296296296297,1526.8333333333333,99530.0,287.11296296296297,295.69074074074075,285.3642857142857,5.796330275229358,-10.0,0.0,0.0,-45.55555555555556,0.0532110091743119,0.1761467889908256,0.637037037037037,0.688888888888889,1.7642857142857142,2012-06-18,Ete
4978,201225,53,BRETAGNE,4.0476190476190474,197.4404761904762,4.199404761904762,287.9904761904762,284.83988095238095,82.86309523809524,21164.285714285714,79.6917808219178,5.45045045045045,781.5094339622641,100931.78571428572,285.3595238095238,290.81904761904764,282.5071428571428,7.703571428571429,-10.0,0.0,0.0,-44.69387755102041,0.1761904761904762,0.6644578313253012,2.395238095238095,2.8536585365853657,3.853846153846154,2012-06-18,Ete
4979,201225,24,CENTRE,6.160714285714286,197.67857142857144,3.5464285714285713,290.51339285714283,285.1607142857143,72.65178571428571,22732.14285714286,71.68539325842697,4.230769230769231,1646.2222222222222,100277.85714285714,286.92857142857144,294.73214285714283,284.8642857142857,6.7562500000000005,-10.0,0.0,0.0,-45.55555555555556,0.1285714285714286,0.3625,0.7714285714285715,1.4642857142857142,2.5785714285714287,2012-06-18,Ete
4980,201225,21,CHAMPAGNE-ARDENNE,2.142857142857143,215.17857142857144,3.090178571428571,289.1,285.31071428571425,79.73214285714286,17402.678571428572,88.6056338028169,4.5,1062.2972972972973,100493.30357142857,285.51785714285717,294.0607142857143,282.5071428571428,5.651785714285714,-10.0,0.0,0.0,-45.55555555555556,0.2232142857142857,0.7053571428571429,1.1428571428571428,2.6357142857142857,4.714285714285714,2012-06-18,Ete
4981,201225,94,CORSE,-1.25,141.25,2.619642857142857,296.86160714285717,290.0669642857143,67.83928571428571,23428.571428571428,29.271844660194176,1.16,3343.076923076923,101457.32142857143,293.07142857142856,300.825,288.2928571428571,4.58125,-10.0,0.0,0.0,-43.96039603960397,0.0,0.0035714285714285,0.0,0.0142857142857142,0.0285714285714285,2012-06-18,Ete
4982,201225,43,FRANCHE-COMTE,-1.3761467889908257,232.6605504587156,2.443119266055046,291.97201834862386,286.306880733945,72.19266055045871,33883.48623853211,72.88732394366197,2.595744680851064,1401.111111111111,98873.21100917432,287.6759259259259,296.0388888888889,285.2928571428571,5.08348623853211,-10.0,0.0,0.0,-43.125,0.0330275229357798,0.1045871559633027,0.1703703703703704,0.4148148148148148,1.1928571428571428,2012-06-18,Ete
4983,201225,23,HAUTE-NORMANDIE,1.3392857142857142,183.125,5.4437500000000005,287.9125,284.33482142857144,80.38392857142857,21014.851485148516,78.6046511627907,5.1911764705882355,1247.7272727272727,100672.58928571428,285.5857142857143,290.7142857142857,282.57857142857137,8.722321428571428,-10.0,0.0,0.0,-45.0,0.1955357142857142,0.4693693693693694,0.8518518518518519,1.9037037037037037,2.5999999999999996,2012-06-18,Ete
4984,201225,91,LANGUEDOC-ROUSSILLON,10.714285714285714,208.3928571428571,3.325892857142857,295.75357142857143,285.90267857142857,56.419642857142854,47096.385542168675,61.08247422680412,2.75,3800.595238095238,100843.21428571428,291.14285714285717,300.2035714285715,289.15,5.8125,-10.0,0.0,0.0,-46.45161290322581,0.0108108108108108,0.027027027027027,0.0888888888888889,0.1111111111111111,0.2,2012-06-18,Ete
4985,201225,74,LIMOUSIN,15.446428571428571,205.625,3.210714285714286,290.30089285714286,285.1205357142857,73.5,40422.41379310345,81.98780487804878,3.759259259259259,1388.987341772152,98816.875,286.56071428571425,294.25,284.57857142857137,6.175,-10.0,0.0,0.0,-45.0,0.1232142857142857,0.3232142857142857,0.1857142857142857,1.3071428571428572,2.607142857142857,2012-06-18,Ete
4986,201225,41,LORRAINE,0.8518339768339769,193.21428571428572,3.340515796260477,284.8620535714286,280.4638392857143,76.875,22941.964285714286,77.08380069025021,4.472972972972973,1404.9461206896551,100070.444015444,281.3357142857143,288.05357142857144,279.2928571428571,6.159821428571428,-10.0,0.0,0.0,-45.0,0.05740025740025735,0.18908730158730155,0.3345238095238095,0.7571428571428571,1.5214285714285716,2012-06-18,Ete
4987,201225,73,MIDI-PYRENEES,19.017857142857142,194.55357142857144,2.488392857142857,293.38660714285714,286.55535714285713,67.53571428571429,34377.35849056604,70.4225352112676,3.2857142857142856,2340.6944444444443,98602.85714285714,289.1142857142857,297.625,286.7928571428571,5.298214285714286,-10.0,0.0,0.0,-46.07142857142857,0.0285714285714285,0.1071428571428571,0.3142857142857142,0.4428571428571429,0.8571428571428571,2012-06-18,Ete
4988,201225,31,NORD-PAS-DE-CALAIS,-2.142857142857143,174.46428571428572,4.220535714285714,288.43660714285716,283.7642857142857,75.22321428571429,24888.39285714286,66.60714285714286,3.524390243902439,2058.641975308642,100939.10714285714,285.30357142857144,291.9214285714286,283.2928571428571,7.63125,-10.0,0.0,0.0,-43.84615384615385,0.1464285714285714,0.4392857142857143,0.3428571428571428,1.7714285714285716,2.9285714285714284,2012-06-18,Ete
4989,201225,52,PAYS-DE-LA-LOIRE,0.8518339768339769,193.21428571428572,3.340515796260477,284.8620535714286,280.4638392857143,76.875,22941.964285714286,77.08380069025021,4.472972972972973,1404.9461206896551,100070.444015444,281.3357142857143,288.05357142857144,279.2928571428571,6.159821428571428,-10.0,0.0,0.0,-45.0,0.05740025740025735,0.18908730158730155,0.3345238095238095,0.7571428571428571,1.5214285714285716,2012-06-18,Ete
4990,201225,22,PICARDIE,-2.142857142857143,174.46428571428572,4.220535714285714,288.43660714285716,283.7642857142857,75.22321428571429,24888.39285714286,66.60714285714286,3.524390243902439,2058.641975308642,100939.10714285714,285.30357142857144,291.9214285714286,283.2928571428571,7.63125,-10.0,0.0,0.0,-43.84615384615385,0.1464285714285714,0.4392857142857143,0.3428571428571428,1.7714285714285716,2.9285714285714284,2012-06-18,Ete
4991,201225,54,POITOU-CHARENTES,12.232142857142858,205.625,3.550892857142857,290.68839285714284,285.6455357142857,74.48214285714286,27923.25581395349,81.65789473684211,4.30188679245283,1474.5569620253164,100158.75,286.7857142857143,294.97499999999997,285.07857142857137,6.660714285714286,-10.0,0.0,0.0,-45.55555555555556,0.0946428571428571,0.3464285714285714,0.7285714285714285,1.4214285714285717,2.807142857142857,2012-06-18,Ete
4992,201225,93,PROVENCE-ALPES-COTE-D-AZUR,0.8518339768339769,193.21428571428572,3.340515796260477,284.8620535714286,280.4638392857143,76.875,22941.964285714286,77.08380069025021,4.472972972972973,1404.9461206896551,100070.444015444,281.3357142857143,288.05357142857144,279.2928571428571,6.159821428571428,-10.0,0.0,0.0,-45.0,0.05740025740025735,0.18908730158730155,0.3345238095238095,0.7571428571428571,1.5214285714285716,2012-06-18,Ete
4993,201225,11,ILE-DE-FRANCE,3.392857142857143,196.78571428571428,3.694642857142857,289.85,284.725,73.26785714285714,23303.571428571428,66.78571428571429,4.196078431372549,1712.2641509433963,100686.78571428572,286.65,293.7857142857143,284.2928571428571,6.955357142857143,-10.0,0.0,0.0,-45.55555555555556,0.1821428571428571,0.4285714285714285,0.3714285714285714,1.7428571428571429,2.7285714285714286,2012-06-18,Ete
4994,201225,82,RHONE-ALPES,5.714285714285714,188.75,2.475,294.3803571428571,286.0464285714286,61.732142857142854,31000.0,56.875,1.8823529411764703,3383.3333333333335,98985.71428571428,290.17857142857144,298.4142857142857,286.57857142857137,5.158928571428571,-10.0,0.0,0.0,-44.716981132075475,0.0285714285714285,0.1464285714285714,0.0714285714285714,0.5714285714285714,1.1714285714285713,2012-06-18,Ete
4995,201224,42,ALSACE,19.196428571428573,192.58928571428572,2.491964285714286,289.68839285714284,285.0339285714286,76.01785714285714,40991.07142857143,97.0,4.472972972972973,1156.3157894736842,99198.92857142857,285.9714285714286,293.2892857142857,284.3642857142857,4.995535714285714,-10.0,0.0,0.0,-45.0,0.0964285714285714,0.3303571428571428,0.6428571428571429,1.457142857142857,2.942857142857143,2012-06-11,Ete
4996,201224,72,AQUITAINE,-2.0535714285714284,215.08928571428572,4.208035714285715,291.7232142857143,285.4473214285714,69.39285714285714,37096.15384615384,61.91489361702128,3.631578947368421,1518.6813186813188,100415.26785714286,287.68928571428575,295.59285714285716,286.22142857142853,7.519642857142857,-10.0,0.0,0.0,-45.949367088607595,0.1339285714285714,0.2892857142857142,0.7857142857142857,1.1785714285714286,3.1571428571428575,2012-06-11,Ete
4997,201224,83,AUVERGNE,10.535714285714286,189.28571428571428,3.0946428571428575,290.9089285714286,283.7839285714286,65.71428571428571,35875.0,62.03703703703704,4.1,1799.090909090909,97647.85714285714,286.8285714285714,294.6857142857143,285.15,6.635714285714286,-10.0,0.0,0.0,-44.705882352941174,0.0285714285714285,0.1178571428571428,0.0142857142857142,0.4857142857142857,2.585714285714286,2012-06-11,Ete
4998,201224,25,BASSE-NORMANDIE,20.982142857142858,212.41071428571428,4.060714285714286,287.24642857142857,283.3080357142857,78.70535714285714,21717.85714285714,90.89473684210526,5.290909090909091,882.4242424242424,100017.14285714286,284.35714285714283,290.0857142857143,281.57857142857137,7.400892857142857,-10.0,0.0,0.0,-45.27272727272727,0.0625,0.225,0.4714285714285714,1.0571428571428572,2.8000000000000003,2012-06-11,Ete
4999,201224,26,BOURGOGNE,14.732142857142858,195.8928571428571,2.732142857142857,289.42589285714286,284.95535714285717,76.70535714285714,32612.5,90.59210526315788,5.111111111111111,968.73417721519,99133.125,285.96785714285716,292.73928571428576,284.65,5.591964285714285,-10.0,0.0,0.0,-44.44444444444444,0.0875,0.2482142857142857,0.4857142857142857,1.1428571428571428,3.3428571428571425,2012-06-11,Ete
5000,201224,53,BRETAGNE,17.916666666666668,228.1547619047619,4.746428571428571,287.1047619047619,283.92321428571427,82.13690476190476,21446.70658682635,85.3225806451613,5.836363636363636,745.0955414012739,100469.76190476192,284.89285714285717,289.552380952381,282.0071428571428,8.626785714285713,-10.0,0.0,0.0,-45.0,0.1142857142857142,0.3809523809523809,0.3380952380952381,1.380952380952381,3.3857142857142857,2012-06-11,Ete
5001,201224,24,CENTRE,15.178571428571429,206.6071428571429,3.3955357142857143,288.8776785714286,284.7026785714286,77.90178571428571,22615.178571428572,82.42857142857143,5.428571428571429,939.468085106383,99870.71428571428,285.7607142857143,291.78214285714284,284.43571428571425,6.590178571428572,-10.0,0.0,0.0,-44.625,0.0702702702702702,0.2890909090909091,0.3999999999999999,1.348148148148148,3.730769230769231,2012-06-11,Ete
5002,201224,21,CHAMPAGNE-ARDENNE,18.75,195.9821428571429,3.0982142857142856,288.20625,284.4008928571429,79.71428571428571,17638.39285714286,93.81318681318682,5.541666666666667,969.277108433735,100094.91071428572,285.2107142857143,291.3607142857143,283.72142857142853,6.049107142857143,-10.0,0.0,0.0,-45.0,0.1589285714285714,0.45,1.0714285714285714,1.95,3.8285714285714287,2012-06-11,Ete
5003,201224,94,CORSE,11.875,155.0,2.792857142857143,294.1107142857143,286.3848214285714,63.589285714285715,32741.071428571428,29.51456310679612,1.803030303030303,1987.5,101403.66071428572,290.32142857142856,297.5142857142857,285.57857142857137,4.8758928571428575,-10.0,0.0,0.0,-44.0625,0.0017857142857142,0.0464285714285714,0.2214285714285714,0.2571428571428572,0.4928571428571429,2012-06-11,Ete
5004,201224,43,FRANCHE-COMTE,18.392857142857142,211.16071428571428,2.5419642857142857,289.8017857142857,284.84017857142857,74.67857142857143,36195.53571428572,79.28571428571429,3.9565217391304346,1354.090909090909,98503.75,286.16785714285714,293.50357142857143,284.2928571428571,5.3500000000000005,-10.0,0.0,0.0,-43.125,0.2321428571428571,0.6018018018018018,0.7142857142857143,2.6,4.661538461538462,2012-06-11,Ete
5005,201224,23,HAUTE-NORMANDIE,23.839285714285715,208.83928571428572,5.246428571428572,286.8,283.93125,83.73214285714286,21216.494845360823,85.86363636363636,5.573529411764706,1123.4444444444443,100210.44642857143,284.7785714285714,289.09285714285716,283.43571428571425,8.55,-10.0,0.0,0.0,-44.44444444444444,0.0875,0.2910714285714286,0.3142857142857143,1.157142857142857,3.1714285714285713,2012-06-11,Ete
5006,201224,91,LANGUEDOC-ROUSSILLON,5.045045045045045,206.8468468468469,4.60990990990991,292.6581081081081,285.2247747747748,64.3963963963964,46444.444444444445,48.369565217391305,2.683333333333333,2407.2368421052633,100673.33333333331,288.3392857142857,296.0678571428571,286.57857142857137,7.845945945945946,-10.0,0.0,0.0,-45.45454545454545,0.0972972972972973,0.209009009009009,0.3214285714285714,0.8214285714285714,1.6785714285714286,2012-06-11,Ete
5007,201224,74,LIMOUSIN,6.160714285714286,203.21428571428572,3.380357142857143,288.7330357142857,283.90446428571425,75.01785714285714,39747.36842105263,83.41489361702128,4.7407407407407405,1190.645161290323,98435.80357142857,285.2107142857143,292.07142857142856,283.65,6.34375,-10.0,0.0,0.0,-45.0,0.0642857142857143,0.3285714285714285,0.7071428571428572,1.3,5.535714285714286,2012-06-11,Ete
5008,201224,41,LORRAINE,0.8518339768339769,193.21428571428572,3.340515796260477,284.8620535714286,280.4638392857143,76.875,22941.964285714286,77.08380069025021,4.472972972972973,1404.9461206896551,100070.444015444,281.3357142857143,288.05357142857144,279.2928571428571,6.159821428571428,-10.0,0.0,0.0,-45.0,0.05740025740025735,0.18908730158730155,0.3345238095238095,0.7571428571428571,1.5214285714285716,2012-06-11,Ete
5009,201224,73,MIDI-PYRENEES,-1.875,193.3928571428571,3.5580357142857144,291.34285714285716,285.5339285714286,71.07142857142857,33857.142857142855,61.492537313432834,3.8703703703703702,1772.0588235294117,98332.41071428572,286.575,295.3107142857143,283.8642857142857,7.035714285714286,-10.0,0.0,0.0,-45.26315789473684,0.0892857142857142,0.2910714285714286,0.2428571428571428,1.15,2.6785714285714284,2012-06-11,Ete
5010,201224,31,NORD-PAS-DE-CALAIS,22.053571428571427,181.25,3.857142857142857,287.44375,283.34732142857143,77.75892857142857,23043.75,77.36144578313252,5.253164556962025,1150.632911392405,100501.60714285714,285.08214285714286,289.9142857142857,283.57857142857137,6.922321428571429,-10.0,0.0,0.0,-43.91304347826087,0.1446428571428571,0.4486486486486486,0.9928571428571428,1.8071428571428572,3.8285714285714287,2012-06-11,Ete
5011,201224,52,PAYS-DE-LA-LOIRE,0.8518339768339769,193.21428571428572,3.340515796260477,284.8620535714286,280.4638392857143,76.875,22941.964285714286,77.08380069025021,4.472972972972973,1404.9461206896551,100070.444015444,281.3357142857143,288.05357142857144,279.2928571428571,6.159821428571428,-10.0,0.0,0.0,-45.0,0.05740025740025735,0.18908730158730155,0.3345238095238095,0.7571428571428571,1.5214285714285716,2012-06-11,Ete
5012,201224,22,PICARDIE,22.053571428571427,181.25,3.857142857142857,287.44375,283.34732142857143,77.75892857142857,23043.75,77.36144578313252,5.253164556962025,1150.632911392405,100501.60714285714,285.08214285714286,289.9142857142857,283.57857142857137,6.922321428571429,-10.0,0.0,0.0,-43.91304347826087,0.1446428571428571,0.4486486486486486,0.9928571428571428,1.8071428571428572,3.8285714285714287,2012-06-11,Ete
5013,201224,54,POITOU-CHARENTES,9.642857142857142,205.8928571428571,3.292857142857143,289.21785714285716,284.7866071428571,76.83928571428571,29879.761904761905,83.39285714285714,4.945454545454545,1032.3529411764705,99771.60714285714,285.7,292.5464285714286,283.8642857142857,6.283928571428571,-10.0,0.0,0.0,-44.44444444444444,0.0589285714285714,0.2696428571428571,0.5928571428571429,1.1214285714285714,4.035714285714286,2012-06-11,Ete
5014,201224,93,PROVENCE-ALPES-COTE-D-AZUR,0.8518339768339769,193.21428571428572,3.340515796260477,284.8620535714286,280.4638392857143,76.875,22941.964285714286,77.08380069025021,4.472972972972973,1404.9461206896551,100070.444015444,281.3357142857143,288.05357142857144,279.2928571428571,6.159821428571428,-10.0,0.0,0.0,-45.0,0.05740025740025735,0.18908730158730155,0.3345238095238095,0.7571428571428571,1.5214285714285716,2012-06-11,Ete
5015,201224,11,ILE-DE-FRANCE,18.214285714285715,211.07142857142856,3.769642857142857,288.3375,284.20714285714286,77.96428571428571,23033.928571428572,82.10909090909091,5.6,1045.4716981132076,100251.07142857143,285.39285714285717,291.0,284.15,7.0249999999999995,-10.0,0.0,0.0,-44.716981132075475,0.0836363636363636,0.3518518518518518,0.4857142857142857,1.7076923076923076,3.5,2012-06-11,Ete
5016,201224,82,RHONE-ALPES,14.642857142857142,193.75,3.8392857142857144,291.7107142857143,283.7160714285714,63.80357142857143,34660.71428571428,48.63636363636363,3.3260869565217392,2300.0,98685.89285714286,288.0142857142857,295.15000000000003,285.57857142857137,7.816071428571428,-10.0,0.0,0.0,-47.142857142857146,0.1928571428571428,0.4892857142857142,1.842857142857143,2.5714285714285716,5.671428571428572,2012-06-11,Ete
5017,201223,42,ALSACE,-11.17117117117117,194.7747747747748,2.7612612612612613,289.1490990990991,283.64639639639637,72.14414414414415,44429.72972972973,94.75308641975307,4.472972972972973,1238.1818181818182,99018.37837837836,285.75357142857143,292.6892857142857,283.57857142857137,6.018018018018018,-10.0,0.0,0.0,-45.0,0.0936936936936937,0.3693693693693693,0.7357142857142858,1.45,3.4785714285714286,2012-06-04,Ete
5018,201223,72,AQUITAINE,-8.660714285714286,225.625,3.6553571428571425,291.5125,285.0964285714286,68.33928571428571,30963.636363636364,78.23529411764706,3.816091954022988,1788.5416666666667,100249.10714285714,287.95,294.7907407407408,286.22142857142853,6.478378378378379,-10.0,0.0,0.0,-45.73170731707317,0.1099099099099099,0.3381818181818182,0.7629629629629631,1.4230769230769231,2.2083333333333335,2012-06-04,Ete
5019,201223,83,AUVERGNE,-10.535714285714286,188.3928571428571,2.8017857142857143,289.7107142857143,283.9035714285714,70.33928571428571,30982.14285714286,80.44642857142857,4.444444444444445,1550.0,97492.5,286.06428571428575,293.2357142857143,284.0071428571428,5.728571428571429,-10.0,0.0,0.0,-45.27272727272727,0.0857142857142857,0.3,0.5714285714285714,1.2285714285714284,1.8285714285714287,2012-06-04,Ete
5020,201223,25,BASSE-NORMANDIE,-10.092592592592592,204.16666666666663,4.601851851851852,286.77222222222224,283.1787037037037,79.98148148148148,24912.037037037036,90.72222222222224,6.25,896.3917525773196,99772.22222222222,284.2944444444444,289.712962962963,282.15,8.331481481481482,-10.0,0.0,0.0,-45.27272727272727,0.1481481481481481,0.6314814814814815,1.451851851851852,2.22962962962963,4.021428571428571,2012-06-04,Ete
5021,201223,26,BOURGOGNE,-12.589285714285714,197.67857142857144,3.0714285714285716,288.7330357142857,284.10089285714287,75.74107142857143,31866.071428571428,87.94520547945206,4.518518518518518,1056.7105263157894,98958.48214285714,285.32142857142856,292.39285714285717,283.0071428571428,6.232142857142857,-10.0,0.0,0.0,-44.44444444444444,0.1196428571428571,0.4714285714285714,1.0,1.75,2.9642857142857144,2012-06-04,Ete
5022,201223,53,BRETAGNE,-10.843373493975903,214.03614457831324,5.516265060240964,287.1150602409638,284.33915662650605,84.28313253012048,19214.024390243903,90.25974025974024,6.398148148148148,677.3125,100141.98795180724,285.3285714285714,289.3547619047619,283.5071428571428,10.024096385542167,-10.0,0.0,0.0,-44.72727272727273,0.2048192771084337,0.5987951807228916,1.6476190476190478,2.3095238095238093,5.464285714285714,2012-06-04,Ete
5023,201223,24,CENTRE,-12.053571428571429,205.3571428571429,3.7392857142857143,288.34375,283.78125,75.67857142857143,24119.64285714286,76.36363636363636,4.8375,1341.9354838709678,99675.08928571428,285.2642857142857,291.825,283.0071428571428,7.101785714285714,-10.0,0.0,0.0,-44.81481481481482,0.0767857142857142,0.3125,0.8428571428571429,1.3142857142857145,1.5214285714285716,2012-06-04,Ete
5024,201223,21,CHAMPAGNE-ARDENNE,-11.891891891891891,197.02702702702703,3.5243243243243243,287.9292792792793,283.17522522522523,74.68468468468468,20206.306306306305,89.75,4.714285714285714,1251.219512195122,99892.97297297296,284.50714285714287,291.6107142857143,281.5071428571428,6.872972972972973,-10.0,0.0,0.0,-45.0,0.0792792792792792,0.209009009009009,0.1071428571428571,0.7571428571428571,1.7,2012-06-04,Ete
5025,201223,94,CORSE,-3.2710280373831777,155.0467289719626,2.8485981308411215,293.9032710280374,288.6228971962617,73.64485981308411,19373.831775700935,62.86407766990291,2.741573033707865,1458.241758241758,101114.85981308411,290.7833333333333,297.012962962963,287.30384615384617,5.339252336448598,-10.0,0.0,0.0,-43.93939393939394,0.0373831775700934,0.0373831775700934,0.0,0.074074074074074,0.1846153846153846,2012-06-04,Ete
5026,201223,43,FRANCHE-COMTE,-11.696428571428571,195.9821428571429,2.6392857142857147,288.96696428571425,283.85625,73.49107142857143,33148.21428571428,89.58333333333333,4.0212765957446805,1168.5869565217392,98336.69642857143,285.8357142857143,292.5357142857143,283.93571428571425,5.775892857142857,-10.0,0.0,0.0,-42.12765957446808,0.1767857142857143,0.563963963963964,1.2642857142857142,2.0592592592592593,3.4692307692307693,2012-06-04,Ete
5027,201223,23,HAUTE-NORMANDIE,-13.303571428571429,199.28571428571428,6.425,286.33660714285713,283.5205357142857,83.8125,22280.41237113402,87.625,6.119402985074627,1193.5955056179776,99898.83928571428,284.57142857142856,288.76785714285717,281.8642857142857,10.227678571428571,-10.0,0.0,0.0,-45.55555555555556,0.2125,0.5267857142857143,1.0142857142857142,2.0785714285714287,3.25,2012-06-04,Ete
5028,201223,91,LANGUEDOC-ROUSSILLON,-7.946428571428571,224.46428571428572,4.16875,292.8392857142857,284.96517857142857,62.919642857142854,34870.53571428572,77.59803921568627,3.659340659340659,2693.3673469387754,100445.53571428572,289.2892857142857,296.1607142857143,287.43571428571425,6.908928571428571,-10.0,0.0,0.0,-45.4054054054054,0.0875,0.1357142857142857,0.3928571428571428,0.5142857142857142,1.6642857142857144,2012-06-04,Ete
5029,201223,74,LIMOUSIN,-11.517857142857142,214.91071428571428,3.7821428571428575,288.30089285714286,283.71160714285713,75.5625,39782.53968253968,84.21875,4.767857142857143,1039.111111111111,98252.85714285714,285.36785714285713,291.60714285714283,283.5071428571428,6.986607142857143,-10.0,0.0,0.0,-45.0,0.1517857142857142,0.475,1.207142857142857,1.9285714285714288,1.0714285714285714,2012-06-04,Ete
5030,201223,41,LORRAINE,0.8518339768339769,193.21428571428572,3.340515796260477,284.8620535714286,280.4638392857143,76.875,22941.964285714286,77.08380069025021,4.472972972972973,1404.9461206896551,100070.444015444,281.3357142857143,288.05357142857144,279.2928571428571,6.159821428571428,-10.0,0.0,0.0,-45.0,0.05740025740025735,0.18908730158730155,0.3345238095238095,0.7571428571428571,1.5214285714285716,2012-06-04,Ete
5031,201223,73,MIDI-PYRENEES,-7.857142857142857,198.4821428571429,2.661607142857143,291.03482142857143,285.05089285714286,70.1875,28682.926829268297,78.33333333333333,3.626865671641791,2249.31506849315,98178.30357142857,287.0678571428571,294.76071428571424,284.57857142857137,5.3625,-10.0,0.0,0.0,-45.0,0.0535714285714285,0.1410714285714285,0.2071428571428571,0.6285714285714287,1.914285714285714,2012-06-04,Ete
5032,201223,31,NORD-PAS-DE-CALAIS,-11.17117117117117,205.625,4.916964285714286,286.66875,282.38660714285714,76.84821428571429,24712.5,74.10714285714286,4.7375,1369.5121951219512,100219.10714285714,284.2462962962963,289.7166666666667,282.4576923076923,8.5375,-10.0,0.0,0.0,-44.23076923076923,0.1214285714285714,0.4792792792792793,0.9714285714285714,1.9111111111111112,3.876923076923077,2012-06-04,Ete
5033,201223,52,PAYS-DE-LA-LOIRE,0.8518339768339769,193.21428571428572,3.340515796260477,284.8620535714286,280.4638392857143,76.875,22941.964285714286,77.08380069025021,4.472972972972973,1404.9461206896551,100070.444015444,281.3357142857143,288.05357142857144,279.2928571428571,6.159821428571428,-10.0,0.0,0.0,-45.0,0.05740025740025735,0.18908730158730155,0.3345238095238095,0.7571428571428571,1.5214285714285716,2012-06-04,Ete
5034,201223,22,PICARDIE,-11.17117117117117,205.625,4.916964285714286,286.66875,282.38660714285714,76.84821428571429,24712.5,74.10714285714286,4.7375,1369.5121951219512,100219.10714285714,284.2462962962963,289.7166666666667,282.4576923076923,8.5375,-10.0,0.0,0.0,-44.23076923076923,0.1214285714285714,0.4792792792792793,0.9714285714285714,1.9111111111111112,3.876923076923077,2012-06-04,Ete
5035,201223,54,POITOU-CHARENTES,-12.410714285714286,210.08928571428572,3.861607142857143,288.87410714285716,284.30625,75.8125,29861.53846153846,81.5,4.454545454545454,1113.855421686747,99581.60714285714,285.6035714285714,292.4107142857143,283.3642857142857,7.086607142857143,-10.0,0.0,0.0,-44.65116279069768,0.1035714285714285,0.3232142857142857,0.9642857142857144,1.2785714285714285,0.7785714285714286,2012-06-04,Ete
5036,201223,93,PROVENCE-ALPES-COTE-D-AZUR,0.8518339768339769,193.21428571428572,3.340515796260477,284.8620535714286,280.4638392857143,76.875,22941.964285714286,77.08380069025021,4.472972972972973,1404.9461206896551,100070.444015444,281.3357142857143,288.05357142857144,279.2928571428571,6.159821428571428,-10.0,0.0,0.0,-45.0,0.05740025740025735,0.18908730158730155,0.3345238095238095,0.7571428571428571,1.5214285714285716,2012-06-04,Ete
5037,201223,11,ILE-DE-FRANCE,-11.785714285714286,204.82142857142856,3.998214285714286,287.7732142857143,283.12857142857143,75.05357142857143,26125.0,75.0,5.0,1526.3636363636365,100044.46428571428,285.06428571428575,291.15714285714284,282.8642857142857,7.366071428571429,-10.0,0.0,0.0,-45.0,0.0571428571428571,0.2285714285714286,0.6285714285714287,1.0714285714285714,1.8,2012-06-04,Ete
5038,201223,82,RHONE-ALPES,-13.571428571428571,196.42857142857144,2.7910714285714286,290.4732142857143,285.0285714285714,71.94642857142857,29991.071428571428,83.125,4.181818181818182,1683.2727272727273,98522.32142857143,287.8,293.15714285714284,286.0071428571428,5.685714285714285,-10.0,0.0,0.0,-45.27272727272727,0.2428571428571428,0.7964285714285715,1.9428571428571428,3.0,8.985714285714286,2012-06-04,Ete
5039,201222,42,ALSACE,-5.178571428571429,208.75,2.4526785714285713,292.43035714285713,285.28035714285716,65.99107142857143,40586.607142857145,95.63829787234044,4.472972972972973,1420.408163265306,99376.51785714286,287.6714285714286,297.0678571428571,284.15,4.924324324324324,-10.0,0.0,0.0,-45.0,0.0571428571428571,0.2803571428571428,0.15,1.042857142857143,1.5571428571428572,2012-05-28,Printemps
5040,201222,72,AQUITAINE,0.6306306306306306,201.8918918918919,3.2405405405405405,294.31666666666666,286.64279279279276,64.92792792792793,29049.333333333332,68.73493975903614,2.220779220779221,3141.4606741573034,100493.15315315317,289.31071428571425,299.5785714285715,287.5071428571428,5.8945454545454545,-10.0,0.0,0.0,-46.11940298507463,0.054054054054054,0.1711711711711711,0.4357142857142856,0.6857142857142857,0.6642857142857144,2012-05-28,Printemps
5041,201222,83,AUVERGNE,-3.5714285714285716,119.46428571428572,1.8303571428571428,292.3125,286.70714285714286,72.23214285714286,31321.428571428572,54.44444444444444,2.3653846153846154,2507.6923076923076,97861.42857142857,287.5928571428571,296.86428571428576,285.2928571428571,4.360714285714286,-10.0,0.0,0.0,-45.55555555555556,0.0642857142857143,0.5285714285714286,1.0714285714285714,2.2285714285714286,3.471428571428571,2012-05-28,Printemps
5042,201222,25,BASSE-NORMANDIE,-15.428571428571429,185.8490566037736,2.7566037735849056,289.56698113207545,285.1924528301887,77.0754716981132,24269.52380952381,72.83582089552239,3.482142857142857,1754.7142857142858,100523.58490566038,284.58846153846156,293.86538461538464,280.2269230769231,5.25754716981132,-10.0,0.0,0.0,-44.716981132075475,0.0566037735849056,0.2461538461538461,0.0076923076923076,0.976,2.525,2012-05-28,Printemps
5043,201222,26,BOURGOGNE,-4.464285714285714,203.21428571428572,2.486607142857143,292.6705357142857,286.1223214285714,68.51785714285714,34080.357142857145,73.9795918367347,2.4285714285714284,1747.169811320755,99359.28571428572,287.9321428571429,297.1392857142857,284.8642857142857,4.891964285714286,-10.0,0.0,0.0,-45.0,0.1839285714285714,0.325,0.7428571428571429,1.3357142857142856,2.164285714285714,2012-05-28,Printemps
5044,201222,53,BRETAGNE,-8.74251497005988,195.02994011976048,3.4682634730538924,289.41347305389223,285.58173652694614,79.52095808383234,20089.156626506025,73.96923076923076,4.233009708737864,1850.3225806451612,100990.41916167663,285.9809523809524,293.4142857142857,281.93571428571425,6.4658682634730535,-10.0,0.0,0.0,-45.27272727272727,0.0071856287425149,0.0191616766467065,0.0285714285714285,0.0761904761904762,0.1571428571428571,2012-05-28,Printemps
5045,201222,24,CENTRE,-7.410714285714286,220.9821428571429,2.738392857142857,292.36607142857144,286.22053571428575,69.78571428571429,23446.428571428572,55.705882352941174,3.1733333333333333,2065.432098765432,100179.375,288.00714285714287,296.6821428571429,285.43571428571425,5.539285714285714,-10.0,0.0,0.0,-45.18072289156626,0.2892857142857142,0.6446428571428572,0.6357142857142858,2.4714285714285715,4.914285714285714,2012-05-28,Printemps
5046,201222,21,CHAMPAGNE-ARDENNE,-7.053571428571429,235.80357142857144,2.3955357142857143,291.10535714285714,286.0651785714286,74.38392857142857,18211.60714285714,79.03508771929825,3.08,1664.5454545454545,100376.07142857143,286.5357142857143,296.05,282.93571428571425,4.921428571428572,-10.0,0.0,0.0,-45.0,0.0678571428571428,0.1357142857142857,0.0785714285714285,0.5571428571428572,0.9285714285714286,2012-05-28,Printemps
5047,201222,94,CORSE,-0.8910891089108911,145.44554455445544,2.3267326732673266,292.2420792079208,288.70643564356436,80.74257425742574,15484.158415841584,50.59782608695652,2.75,808.4269662921348,101515.54455445544,289.138,295.15,285.61153846153843,4.0495049504950495,-10.0,0.0,0.0,-44.47058823529411,0.0297029702970297,0.0544554455445544,0.2,0.24,0.4230769230769231,2012-05-28,Printemps
5048,201222,43,FRANCHE-COMTE,-4.464285714285714,211.6071428571429,2.3544642857142857,292.09464285714284,284.82589285714283,65.78571428571429,38267.857142857145,67.42857142857143,2.6382978723404253,1707.142857142857,98685.17857142857,287.6107142857143,296.6928571428571,283.65,4.809821428571429,-10.0,0.0,0.0,-43.125,0.0651785714285714,0.1821428571428571,0.2571428571428572,0.7714285714285715,0.7785714285714286,2012-05-28,Printemps
5049,201222,23,HAUTE-NORMANDIE,-12.767857142857142,222.2321428571429,4.042857142857143,288.22767857142856,285.2026785714286,83.58928571428571,16763.82978723404,74.6986301369863,4.275862068965517,2078.695652173913,100729.46428571428,285.5392857142857,291.5142857142857,282.0071428571428,6.58125,-10.0,0.0,0.0,-45.0,0.2482142857142857,0.3732142857142856,0.0714285714285714,1.507142857142857,2.9642857142857144,2012-05-28,Printemps
5050,201222,91,LANGUEDOC-ROUSSILLON,-1.1607142857142858,213.92857142857144,3.4232142857142853,295.2482142857143,287.6151785714286,64.47321428571429,28388.39285714286,63.421052631578945,2.2298850574712645,3480.31914893617,100683.39285714286,290.81428571428575,299.5357142857143,288.7928571428571,5.816071428571428,-10.0,0.0,0.0,-46.04651162790697,0.0482142857142857,0.0892857142857142,0.3142857142857143,0.5285714285714286,0.2642857142857143,2012-05-28,Printemps
5051,201222,74,LIMOUSIN,-3.5714285714285716,171.07142857142858,2.9625,292.2125,285.69642857142856,68.08035714285714,42171.60493827161,66.70422535211267,2.4339622641509435,2849.7014925373132,98670.89285714286,287.7035714285714,296.75,285.43571428571425,5.7508928571428575,-10.0,0.0,0.0,-44.21052631578947,0.1642857142857143,0.3285714285714285,1.0071428571428571,1.3071428571428572,2.392857142857143,2012-05-28,Printemps
5052,201222,41,LORRAINE,0.8518339768339769,193.21428571428572,3.340515796260477,284.8620535714286,280.4638392857143,76.875,22941.964285714286,77.08380069025021,4.472972972972973,1404.9461206896551,100070.444015444,281.3357142857143,288.05357142857144,279.2928571428571,6.159821428571428,-10.0,0.0,0.0,-45.0,0.05740025740025735,0.18908730158730155,0.3345238095238095,0.7571428571428571,1.5214285714285716,2012-05-28,Printemps
5053,201222,73,MIDI-PYRENEES,0.3571428571428571,203.125,2.275,293.48928571428576,286.7160714285714,68.34821428571429,27718.75,62.794117647058826,2.6769230769230767,3324.6478873239435,98442.5,288.475,299.2357142857143,285.2928571428571,4.798214285714286,-10.0,0.0,0.0,-45.23076923076923,0.0642857142857143,0.175,0.25,0.7142857142857143,0.4285714285714285,2012-05-28,Printemps
5054,201222,31,NORD-PAS-DE-CALAIS,-11.875,235.08928571428572,3.988392857142857,289.1,284.8178571428571,77.58035714285714,17561.60714285714,61.857142857142854,4.297297297297297,1485.6164383561645,100937.05357142857,285.75714285714287,292.5464285714286,284.5071428571428,6.964285714285714,-10.0,0.0,0.0,-43.63636363636363,0.0321428571428571,0.1946428571428571,0.2357142857142857,0.75,1.0857142857142856,2012-05-28,Printemps
5055,201222,52,PAYS-DE-LA-LOIRE,0.8518339768339769,193.21428571428572,3.340515796260477,284.8620535714286,280.4638392857143,76.875,22941.964285714286,77.08380069025021,4.472972972972973,1404.9461206896551,100070.444015444,281.3357142857143,288.05357142857144,279.2928571428571,6.159821428571428,-10.0,0.0,0.0,-45.0,0.05740025740025735,0.18908730158730155,0.3345238095238095,0.7571428571428571,1.5214285714285716,2012-05-28,Printemps
5056,201222,22,PICARDIE,-11.875,235.08928571428572,3.988392857142857,289.1,284.8178571428571,77.58035714285714,17561.60714285714,61.857142857142854,4.297297297297297,1485.6164383561645,100937.05357142857,285.75714285714287,292.5464285714286,284.5071428571428,6.964285714285714,-10.0,0.0,0.0,-43.63636363636363,0.0321428571428571,0.1946428571428571,0.2357142857142857,0.75,1.0857142857142856,2012-05-28,Printemps
5057,201222,54,POITOU-CHARENTES,-4.910714285714286,192.8571428571429,2.7339285714285713,292.66964285714283,286.54464285714283,70.01785714285714,30564.356435643564,59.20634920634921,2.2363636363636363,2477.6119402985073,100026.42857142857,287.575,297.3107142857143,285.22142857142853,5.3062499999999995,-10.0,0.0,0.0,-45.0,0.1625,0.225,0.6071428571428571,0.9,1.7428571428571429,2012-05-28,Printemps
5058,201222,93,PROVENCE-ALPES-COTE-D-AZUR,0.8518339768339769,193.21428571428572,3.340515796260477,284.8620535714286,280.4638392857143,76.875,22941.964285714286,77.08380069025021,4.472972972972973,1404.9461206896551,100070.444015444,281.3357142857143,288.05357142857144,279.2928571428571,6.159821428571428,-10.0,0.0,0.0,-45.0,0.05740025740025735,0.18908730158730155,0.3345238095238095,0.7571428571428571,1.5214285714285716,2012-05-28,Printemps
5059,201222,11,ILE-DE-FRANCE,-9.285714285714286,238.92857142857144,2.9875000000000003,291.81428571428575,285.675,69.23214285714286,24660.714285714286,55.0,3.617021276595745,2101.0416666666665,100616.07142857143,288.04285714285714,295.9714285714286,285.2928571428571,5.846428571428571,-10.0,0.0,0.0,-45.27272727272727,0.2714285714285714,0.8571428571428571,0.0714285714285714,3.2142857142857144,6.485714285714287,2012-05-28,Printemps
5060,201222,82,RHONE-ALPES,-1.25,221.42857142857144,3.273214285714286,293.82321428571424,285.62321428571425,62.142857142857146,29196.428571428572,49.81481481481482,2.25,3085.4166666666665,98813.57142857143,289.6928571428571,298.20714285714286,285.8642857142857,6.528571428571429,-10.0,0.0,0.0,-45.0,0.1857142857142857,0.5392857142857143,0.8571428571428571,1.9428571428571428,0.1714285714285714,2012-05-28,Printemps
5061,201221,42,ALSACE,24.642857142857142,163.57142857142858,3.236607142857143,291.45625,285.01339285714283,69.58928571428571,28171.875,97.4423076923077,4.472972972972973,628.8679245283018,99252.76785714286,287.5321428571429,295.12142857142857,285.43571428571425,5.947321428571429,-10.0,0.0,0.0,-45.0,0.1553571428571428,0.5107142857142858,0.8714285714285713,2.0714285714285716,4.357142857142857,2012-05-21,Printemps
5062,201221,72,AQUITAINE,12.242990654205608,231.4018691588785,4.385981308411215,291.157476635514,285.8051401869159,73.42990654205607,24261.32075471698,79.46666666666667,4.666666666666667,910.0,100495.88785046728,287.1722222222222,294.2648148148148,285.65,7.402803738317758,-10.0,0.0,0.0,-45.75,0.0953271028037383,0.3046728971962616,0.5629629629629629,1.274074074074074,3.3153846153846156,2012-05-21,Printemps
5063,201221,83,AUVERGNE,23.571428571428573,151.07142857142858,1.9,290.25178571428575,286.4839285714286,79.91071428571429,15892.857142857143,76.18181818181819,5.452830188679245,868.8679245283018,97696.42857142857,286.9785714285714,293.2142857142857,285.2928571428571,4.7178571428571425,-10.0,0.0,0.0,-45.27272727272727,0.1910714285714285,0.6642857142857144,1.4857142857142858,2.442857142857143,6.128571428571429,2012-05-21,Printemps
5064,201221,25,BASSE-NORMANDIE,25.79439252336449,212.96296296296296,3.837037037037037,289.5814814814815,284.9194444444444,76.25,19429.62962962963,47.46153846153846,3.411764705882353,1916.6,100541.29629629628,285.18461538461537,293.31538461538463,282.4576923076923,6.99351851851852,-10.0,0.0,0.0,-44.44444444444444,0.0203703703703703,0.1121495327102803,0.6814814814814815,0.7615384615384616,2.4615384615384617,2012-05-21,Printemps
5065,201221,26,BOURGOGNE,22.678571428571427,199.82142857142856,3.1625,290.94642857142856,286.11785714285713,75.98214285714286,20281.25,85.58571428571429,5.454545454545454,744.4285714285714,99205.98214285714,287.30357142857144,294.23928571428576,285.72142857142853,5.791964285714286,-10.0,0.0,0.0,-45.55555555555556,0.1660714285714286,0.4232142857142857,0.4928571428571429,1.7857142857142858,3.892857142857143,2012-05-21,Printemps
5066,201221,53,BRETAGNE,17.797619047619047,206.9047619047619,3.808333333333333,288.3541666666667,284.68571428571425,80.63095238095238,14897.619047619048,61.24409448818898,4.047058823529412,1679.9056603773586,101091.90476190476,284.81666666666666,291.5404761904762,281.43571428571425,6.644047619047619,-10.0,0.0,0.0,-45.0,0.0583333333333333,0.1,0.3095238095238095,0.4142857142857142,1.4857142857142858,2012-05-21,Printemps
5067,201221,24,CENTRE,22.857142857142858,191.78571428571428,3.7285714285714286,291.66964285714283,286.13660714285714,73.0,15175.892857142857,58.41237113402062,4.4603174603174605,1619.6385542168675,100087.76785714286,287.66785714285714,295.38214285714287,286.0071428571428,6.864285714285714,-10.0,0.0,0.0,-45.0,0.1,0.2714285714285714,0.7857142857142857,1.3071428571428572,2.642857142857143,2012-05-21,Printemps
5068,201221,21,CHAMPAGNE-ARDENNE,8.043478260869565,179.02173913043478,2.8315217391304346,291.3195652173913,285.46304347826083,71.91304347826087,14159.782608695652,68.05405405405405,3.857142857142857,1849.428571428571,100443.04347826086,286.4065217391304,295.5891304347826,282.69545454545454,5.4206521739130435,-10.0,0.0,0.0,-46.15384615384615,0.0478260869565217,0.0847826086956521,0.8434782608695651,0.982608695652174,2.1727272727272724,2012-05-21,Printemps
5069,201221,94,CORSE,18.035714285714285,163.57142857142858,2.6348214285714286,290.7785714285714,286.25625,76.5625,22956.25,54.86363636363637,2.925531914893617,1569.2631578947369,101187.76785714286,287.59285714285716,293.4142857142857,284.5071428571428,4.952678571428572,-10.0,0.0,0.0,-43.980582524271846,0.35,1.2553571428571428,2.9214285714285713,5.55,14.4,2012-05-21,Printemps
5070,201221,43,FRANCHE-COMTE,24.017857142857142,194.46428571428572,2.855357142857143,290.44375,284.61160714285717,71.96428571428571,26352.678571428572,80.20481927710843,3.7045454545454546,925.8108108108108,98531.33928571428,286.68571428571425,293.97499999999997,284.2928571428571,5.480357142857143,-10.0,0.0,0.0,-43.125,0.1285714285714286,0.3927927927927928,0.65,1.6888888888888889,3.621428571428571,2012-05-21,Printemps
5071,201221,23,HAUTE-NORMANDIE,20.892857142857142,193.125,4.983928571428572,288.3223214285714,284.8580357142857,81.47321428571429,14645.454545454546,49.578947368421055,3.480769230769231,2470.1666666666665,100813.92857142857,285.42857142857144,291.16785714285714,282.72142857142853,7.791071428571429,-10.0,0.0,0.0,-44.44444444444444,0.0053571428571428,0.0178571428571428,0.0214285714285714,0.0642857142857143,0.3714285714285714,2012-05-21,Printemps
5072,201221,91,LANGUEDOC-ROUSSILLON,19.00900900900901,227.6576576576577,4.385585585585586,291.6644144144144,286.1887387387387,72.36036036036036,26100.0,64.1826923076923,3.738095238095238,1813.157894736842,100606.3063063063,287.95,294.42857142857144,286.22142857142853,7.4135135135135135,-10.0,0.0,0.0,-45.75,0.1297297297297297,0.4522522522522523,0.6,1.6857142857142855,5.457142857142857,2012-05-21,Printemps
5073,201221,74,LIMOUSIN,24.464285714285715,218.66071428571428,3.6517857142857144,290.23214285714283,285.7839285714286,77.125,23172.321428571428,69.32558139534883,4.08,1129.0,98598.125,286.3607142857143,293.4035714285714,285.22142857142853,6.824107142857143,-10.0,0.0,0.0,-45.0,0.0999999999999999,0.4857142857142857,0.4214285714285714,1.9214285714285713,4.671428571428571,2012-05-21,Printemps
5074,201221,41,LORRAINE,0.8518339768339769,193.21428571428572,3.340515796260477,284.8620535714286,280.4638392857143,76.875,22941.964285714286,77.08380069025021,4.472972972972973,1404.9461206896551,100070.444015444,281.3357142857143,288.05357142857144,279.2928571428571,6.159821428571428,-10.0,0.0,0.0,-45.0,0.05740025740025735,0.18908730158730155,0.3345238095238095,0.7571428571428571,1.5214285714285716,2012-05-21,Printemps
5075,201221,73,MIDI-PYRENEES,17.5,225.17857142857144,3.903571428571429,289.96160714285713,285.1044642857143,74.85714285714286,20292.682926829268,69.55696202531645,5.015873015873016,1016.4383561643835,98439.91071428572,285.9785714285714,292.90714285714284,283.57857142857137,7.395535714285714,-10.0,0.0,0.0,-45.0,0.1964285714285714,0.5660714285714286,0.9642857142857144,2.2714285714285714,5.335714285714286,2012-05-21,Printemps
5076,201221,31,NORD-PAS-DE-CALAIS,20.0,198.125,4.4678571428571425,290.1151785714286,284.15714285714284,72.55357142857143,16341.964285714286,37.91463414634146,4.619047619047619,1966.6666666666667,101029.46428571428,286.14285714285717,293.80357142857144,284.5071428571428,7.391071428571428,-10.0,0.0,0.0,-44.050632911392405,0.0018018018018018,0.0054054054054054,0.0214285714285714,0.0214285714285714,0.0428571428571428,2012-05-21,Printemps
5077,201221,52,PAYS-DE-LA-LOIRE,0.8518339768339769,193.21428571428572,3.340515796260477,284.8620535714286,280.4638392857143,76.875,22941.964285714286,77.08380069025021,4.472972972972973,1404.9461206896551,100070.444015444,281.3357142857143,288.05357142857144,279.2928571428571,6.159821428571428,-10.0,0.0,0.0,-45.0,0.05740025740025735,0.18908730158730155,0.3345238095238095,0.7571428571428571,1.5214285714285716,2012-05-21,Printemps
5078,201221,22,PICARDIE,20.0,198.125,4.4678571428571425,290.1151785714286,284.15714285714284,72.55357142857143,16341.964285714286,37.91463414634146,4.619047619047619,1966.6666666666667,101029.46428571428,286.14285714285717,293.80357142857144,284.5071428571428,7.391071428571428,-10.0,0.0,0.0,-44.050632911392405,0.0018018018018018,0.0054054054054054,0.0214285714285714,0.0214285714285714,0.0428571428571428,2012-05-21,Printemps
5079,201221,54,POITOU-CHARENTES,24.285714285714285,219.28571428571428,3.4625,291.1419642857143,286.74910714285716,77.5625,20596.428571428572,70.01204819277109,4.568181818181818,969.3506493506494,99936.07142857143,287.0285714285714,294.8892857142857,285.8642857142857,6.432142857142857,-10.0,0.0,0.0,-45.38461538461539,0.0910714285714285,0.2375,0.2214285714285714,0.95,2.514285714285714,2012-05-21,Printemps
5080,201221,93,PROVENCE-ALPES-COTE-D-AZUR,0.8518339768339769,193.21428571428572,3.340515796260477,284.8620535714286,280.4638392857143,76.875,22941.964285714286,77.08380069025021,4.472972972972973,1404.9461206896551,100070.444015444,281.3357142857143,288.05357142857144,279.2928571428571,6.159821428571428,-10.0,0.0,0.0,-45.0,0.05740025740025735,0.18908730158730155,0.3345238095238095,0.7571428571428571,1.5214285714285716,2012-05-21,Printemps
5081,201221,11,ILE-DE-FRANCE,21.964285714285715,175.35714285714286,4.310714285714286,291.9267857142857,285.225,68.08928571428571,16348.214285714286,45.625,3.926829268292683,2292.8571428571427,100562.85714285714,287.7785714285714,295.57142857142856,285.57857142857137,7.632142857142857,-10.0,0.0,0.0,-44.72727272727273,0.0964285714285714,0.3214285714285714,1.3285714285714287,1.6857142857142855,3.3142857142857145,2012-05-21,Printemps
5082,201221,82,RHONE-ALPES,21.785714285714285,235.71428571428572,2.7875,290.9214285714286,286.8017857142857,78.64285714285714,16044.642857142857,74.81818181818181,5.480769230769231,950.5769230769232,98617.32142857143,287.95,293.7214285714286,286.43571428571425,5.4696428571428575,-10.0,0.0,0.0,-44.72727272727273,0.2285714285714285,0.5928571428571429,0.6714285714285715,2.3857142857142857,4.8428571428571425,2012-05-21,Printemps
5083,201220,42,ALSACE,-39.017857142857146,181.69642857142856,2.591964285714286,286.17410714285717,279.43571428571425,66.69642857142857,44487.5,95.29824561403508,4.472972972972973,1298.9795918367347,99216.69642857143,281.5571428571428,290.15,278.43571428571425,5.583928571428571,-10.0,0.0,0.0,-45.0,0.0517857142857142,0.1535714285714285,0.2642857142857143,0.5571428571428572,0.8285714285714285,2012-05-14,Printemps
5084,201220,72,AQUITAINE,-25.714285714285715,212.2321428571429,4.547321428571428,287.34732142857143,279.98660714285717,65.33928571428571,34107.142857142855,81.28378378378379,3.8205128205128207,1875.0,100259.10714285714,283.6357142857143,291.45714285714286,281.72142857142853,8.094642857142857,-10.0,0.0,0.0,-44.63414634146341,0.0714285714285714,0.2535714285714285,0.5,0.9142857142857144,1.25,2012-05-14,Printemps
5085,201220,83,AUVERGNE,-33.214285714285715,153.57142857142858,2.8017857142857143,285.2732142857143,278.56071428571425,66.71428571428571,29044.64285714286,60.72727272727273,3.6666666666666665,2941.176470588235,97577.85714285714,280.37857142857143,290.2285714285714,277.57857142857137,5.939285714285715,-10.0,0.0,0.0,-45.27272727272727,0.05,0.25,0.6857142857142857,1.0142857142857142,0.7142857142857143,2012-05-14,Printemps
5086,201220,25,BASSE-NORMANDIE,-37.32142857142857,170.89285714285714,3.817857142857143,283.1875,278.3098214285714,74.58928571428571,22241.964285714286,78.60759493670886,4.6909090909090905,1690.625,100188.125,279.4214285714286,286.9714285714286,274.5071428571428,7.035714285714286,-10.0,0.0,0.0,-45.0,0.2160714285714285,0.4464285714285714,0.8642857142857142,1.5357142857142858,2.107142857142857,2012-05-14,Printemps
5087,201220,26,BOURGOGNE,-35.44642857142857,182.1428571428571,2.8428571428571425,285.525,279.53214285714284,69.5625,33999.107142857145,87.0923076923077,4.37037037037037,1433.030303030303,99132.58928571428,281.34285714285716,289.42857142857144,278.15,5.830357142857143,-10.0,0.0,0.0,-44.44444444444444,0.0785714285714285,0.1928571428571428,0.35,0.7285714285714285,1.1714285714285713,2012-05-14,Printemps
5088,201220,53,BRETAGNE,-31.845238095238095,209.46428571428572,4.266071428571429,284.0488095238095,279.5440476190476,75.86309523809524,21037.125748502993,74.4,4.97196261682243,1208.4172661870505,100691.25,281.1952380952381,286.9428571428572,276.43571428571425,7.722023809523809,-10.0,0.0,0.0,-44.21052631578947,0.0613095238095238,0.1820359281437125,0.1999999999999999,0.7073170731707317,1.0785714285714287,2012-05-14,Printemps
5089,201220,24,CENTRE,-36.42857142857143,180.08928571428572,3.275892857142857,285.83035714285717,279.3625,67.40178571428571,23875.0,68.53932584269663,4.026315789473684,1808.3908045977012,99918.03571428572,281.56071428571425,289.50714285714287,278.72142857142853,6.492857142857143,-10.0,0.0,0.0,-44.63414634146341,0.0553571428571428,0.2214285714285714,0.3714285714285714,0.7642857142857142,1.45,2012-05-14,Printemps
5090,201220,21,CHAMPAGNE-ARDENNE,-37.32142857142857,201.25,3.5767857142857147,285.17857142857144,279.69464285714287,72.05357142857143,20392.85714285714,80.23809523809524,4.5,1650.0,100059.64285714286,280.6857142857143,289.7714285714286,277.57857142857137,6.591071428571429,-10.0,0.0,0.0,-45.0,0.0857142857142857,0.4571428571428572,0.2857142857142857,0.7285714285714285,1.342857142857143,2012-05-14,Printemps
5091,201220,94,CORSE,-15.267857142857142,167.58928571428572,3.699107142857143,288.97232142857143,280.9455357142857,62.11607142857143,28366.071428571428,46.68269230769231,2.3085106382978724,2261.8279569892475,101212.58928571428,285.7,292.29285714285714,281.43571428571425,6.663392857142857,-10.0,0.0,0.0,-44.1,0.1982142857142857,0.563963963963964,0.2666666666666666,1.651851851851852,0.2307692307692307,2012-05-14,Printemps
5092,201220,43,FRANCHE-COMTE,-36.964285714285715,187.94642857142856,2.8223214285714286,285.66785714285714,279.16339285714287,67.73214285714286,36391.96428571428,79.34939759036145,2.8222222222222224,1681.5068493150684,98505.53571428572,281.175,289.59285714285716,277.65,6.050892857142857,-10.0,0.0,0.0,-42.5,0.0571428571428571,0.2285714285714286,0.2785714285714286,0.8285714285714285,1.442857142857143,2012-05-14,Printemps
5093,201220,23,HAUTE-NORMANDIE,-34.32432432432432,182.16216216216216,4.953153153153153,283.7779279279279,279.6716216216216,77.10810810810811,22892.85714285714,73.33333333333333,4.863636363636363,1370.3703703703704,100437.11711711712,280.92407407407404,286.39444444444445,274.57857142857137,8.061261261261262,-10.0,0.0,0.0,-45.65217391304348,0.0414414414414414,0.2162162162162162,0.3285714285714285,0.8296296296296296,1.4307692307692308,2012-05-14,Printemps
5094,201220,91,LANGUEDOC-ROUSSILLON,-25.803571428571427,203.66071428571428,5.550892857142857,288.3642857142857,279.5455357142857,59.901785714285715,37071.42857142857,65.66326530612245,3.5822784810126582,2885.5555555555557,100516.60714285714,284.575,292.16785714285714,282.5346153846154,9.604464285714286,-10.0,0.0,0.0,-45.68181818181818,0.2267857142857142,0.4756756756756756,1.3928571428571428,1.9407407407407409,1.7538461538461538,2012-05-14,Printemps
5095,201220,74,LIMOUSIN,-34.19642857142857,191.875,3.507142857142857,284.8857142857143,278.65535714285716,69.01785714285714,35862.5,80.0,4.568627450980392,1694.5569620253164,98368.30357142857,281.16785714285714,288.92857142857144,278.8642857142857,6.542857142857143,-10.0,0.0,0.0,-45.0,0.0642857142857143,0.3053571428571429,0.4357142857142856,1.2357142857142858,1.7285714285714289,2012-05-14,Printemps
5096,201220,41,LORRAINE,0.8518339768339769,193.21428571428572,3.340515796260477,284.8620535714286,280.4638392857143,76.875,22941.964285714286,77.08380069025021,4.472972972972973,1404.9461206896551,100070.444015444,281.3357142857143,288.05357142857144,279.2928571428571,6.159821428571428,-10.0,0.0,0.0,-45.0,0.05740025740025735,0.18908730158730155,0.3345238095238095,0.7571428571428571,1.5214285714285716,2012-05-14,Printemps
5097,201220,73,MIDI-PYRENEES,-23.928571428571427,218.30357142857144,4.115178571428571,286.9839285714286,280.32410714285714,68.07142857142857,29304.878048780487,68.83561643835617,4.0,2278.082191780822,98158.92857142857,283.04285714285714,291.1107142857143,280.72142857142853,7.663392857142857,-10.0,0.0,0.0,-44.776119402985074,0.1125,0.3160714285714285,0.4714285714285714,1.2,1.5785714285714287,2012-05-14,Printemps
5098,201220,31,NORD-PAS-DE-CALAIS,-34.19642857142857,175.89285714285714,3.9294642857142854,284.04017857142856,279.0875,73.54464285714286,22656.25,66.25,4.378378378378378,1595.7333333333331,100700.98214285714,280.46785714285716,287.2785714285714,278.3642857142857,7.228571428571429,-10.0,0.0,0.0,-43.6,0.1267857142857142,0.2625,0.6214285714285713,1.0357142857142858,2.092857142857143,2012-05-14,Printemps
5099,201220,52,PAYS-DE-LA-LOIRE,0.8518339768339769,193.21428571428572,3.340515796260477,284.8620535714286,280.4638392857143,76.875,22941.964285714286,77.08380069025021,4.472972972972973,1404.9461206896551,100070.444015444,281.3357142857143,288.05357142857144,279.2928571428571,6.159821428571428,-10.0,0.0,0.0,-45.0,0.05740025740025735,0.18908730158730155,0.3345238095238095,0.7571428571428571,1.5214285714285716,2012-05-14,Printemps
5100,201220,22,PICARDIE,-34.19642857142857,175.89285714285714,3.9294642857142854,284.04017857142856,279.0875,73.54464285714286,22656.25,66.25,4.378378378378378,1595.7333333333331,100700.98214285714,280.46785714285716,287.2785714285714,278.3642857142857,7.228571428571429,-10.0,0.0,0.0,-43.6,0.1267857142857142,0.2625,0.6214285714285713,1.0357142857142858,2.092857142857143,2012-05-14,Printemps
5101,201220,54,POITOU-CHARENTES,-36.07142857142857,193.21428571428572,3.424107142857143,285.38392857142856,279.4535714285714,69.875,28696.428571428572,81.02739726027397,4.5576923076923075,1680.3896103896104,99760.44642857143,281.49285714285713,289.3642857142857,279.0071428571428,6.4624999999999995,-10.0,0.0,0.0,-45.36585365853659,0.0857142857142857,0.2446428571428571,0.4571428571428572,1.0142857142857142,1.4928571428571429,2012-05-14,Printemps
5102,201220,93,PROVENCE-ALPES-COTE-D-AZUR,0.8518339768339769,193.21428571428572,3.340515796260477,284.8620535714286,280.4638392857143,76.875,22941.964285714286,77.08380069025021,4.472972972972973,1404.9461206896551,100070.444015444,281.3357142857143,288.05357142857144,279.2928571428571,6.159821428571428,-10.0,0.0,0.0,-45.0,0.05740025740025735,0.18908730158730155,0.3345238095238095,0.7571428571428571,1.5214285714285716,2012-05-14,Printemps
5103,201220,11,ILE-DE-FRANCE,-36.964285714285715,177.85714285714286,3.3410714285714285,285.91964285714283,279.15,65.91071428571429,24875.0,62.5,3.836734693877551,2008.0,100353.39285714286,281.4642857142857,289.45,278.15,6.664285714285714,-10.0,0.0,0.0,-44.72727272727273,0.0178571428571428,0.3107142857142856,0.3428571428571428,0.9428571428571428,1.7857142857142858,2012-05-14,Printemps
5104,201220,82,RHONE-ALPES,-31.071428571428573,216.25,3.432142857142857,286.9089285714286,277.5982142857143,55.660714285714285,36963.63636363636,64.08163265306122,3.35,2586.3636363636365,98628.75,282.56428571428575,291.2,278.0071428571428,7.05,-10.0,0.0,0.0,-42.0,0.0178571428571428,0.0464285714285714,0.0428571428571428,0.1285714285714286,0.2285714285714286,2012-05-14,Printemps
5105,201219,42,ALSACE,17.117117117117118,177.06422018348624,3.3917431192660548,288.82207207207205,282.77702702702703,70.13513513513513,40076.576576576575,96.24528301886792,4.472972972972973,1345.8333333333333,99890.8108108108,284.16785714285714,293.325,281.57857142857137,6.388990825688073,-10.0,0.0,0.0,-45.0,0.0234234234234234,0.1513513513513513,0.2285714285714286,0.6285714285714287,1.4714285714285713,2012-05-07,Printemps
5106,201219,72,AQUITAINE,8.482142857142858,151.33928571428572,4.0598214285714285,292.1642857142857,284.81607142857143,65.15178571428571,37827.67857142857,76.30434782608695,2.4358974358974357,2562.3880597014927,100800.26785714286,287.1821428571429,296.6535714285714,286.07857142857137,6.994642857142857,-10.0,0.0,0.0,-45.0,0.0392857142857142,0.0678571428571428,0.1214285714285714,0.2857142857142857,0.6714285714285715,2012-05-07,Printemps
5107,201219,83,AUVERGNE,13.214285714285714,177.85714285714286,3.4678571428571425,289.9017857142857,283.19464285714287,67.46428571428571,31205.35714285714,68.0909090909091,3.1132075471698113,2650.566037735849,98229.10714285714,284.7857142857143,294.4357142857143,282.57857142857137,6.921428571428572,-10.0,0.0,0.0,-44.72727272727273,0.0428571428571428,0.2071428571428571,0.4714285714285714,0.8428571428571429,1.6142857142857143,2012-05-07,Printemps
5108,201219,25,BASSE-NORMANDIE,16.634615384615383,161.42857142857142,4.073333333333333,286.07380952380953,281.8242857142857,76.85714285714286,27960.95238095238,80.54945054945055,4.938775510204081,1013.918918918919,100831.61904761904,282.64230769230767,288.59615384615387,279.99615384615385,7.465384615384616,-10.0,0.0,0.0,-44.72727272727273,0.15,0.2192307692307692,0.1692307692307692,0.9384615384615383,2.276923076923077,2012-05-07,Printemps
5109,201219,26,BOURGOGNE,16.071428571428573,162.76785714285714,3.3375,288.79464285714283,283.23839285714286,71.88392857142857,29959.821428571428,82.56363636363636,3.185185185185185,1469.21875,99784.55357142857,284.2178571428571,293.28214285714284,281.7928571428571,6.209821428571429,-10.0,0.0,0.0,-45.0,0.0321428571428571,0.1785714285714285,0.3999999999999999,0.7285714285714285,1.7642857142857142,2012-05-07,Printemps
5110,201219,53,BRETAGNE,19.518072289156628,167.59036144578317,5.0120481927710845,286.1036144578313,282.51807228915663,80.46987951807229,25678.31325301205,80.97315436241611,5.11,1273.7692307692307,101203.2530120482,283.92619047619047,288.1952380952381,281.65,8.796987951807228,-10.0,0.0,0.0,-45.0,0.1855421686746988,0.4654545454545454,0.7095238095238096,1.8682926829268292,4.538461538461538,2012-05-07,Printemps
5111,201219,24,CENTRE,17.142857142857142,157.41071428571428,3.601785714285714,288.9625,283.0892857142857,70.07142857142857,24892.85714285714,68.79310344827586,3.7088607594936702,1996.9662921348315,100565.53571428572,284.99642857142857,292.62857142857143,282.65,6.591071428571429,-10.0,0.0,0.0,-44.63414634146341,0.0392857142857142,0.1369369369369369,0.1925925925925926,0.5642857142857143,1.3928571428571428,2012-05-07,Printemps
5112,201219,21,CHAMPAGNE-ARDENNE,18.214285714285715,194.82142857142856,3.5160714285714287,288.0857142857143,283.2392857142857,74.89285714285714,20937.5,75.0,3.3461538461538463,1432.857142857143,100709.10714285714,284.06428571428575,292.0,281.15,6.375,-10.0,0.0,0.0,-45.0,0.0071428571428571,0.0178571428571428,0.3,0.3571428571428571,1.0142857142857142,2012-05-07,Printemps
5113,201219,94,CORSE,4.017857142857143,150.17857142857142,2.75,290.6035714285714,285.9741071428571,75.26785714285714,29151.785714285714,39.95192307692308,1.8764044943820224,2691.5662650602408,101894.10714285714,287.1714285714286,293.4428571428571,283.8642857142857,4.578571428571428,-10.0,0.0,0.0,-44.21052631578947,0.0071428571428571,0.1107142857142857,0.6428571428571429,0.7714285714285715,3.6928571428571426,2012-05-07,Printemps
5114,201219,43,FRANCHE-COMTE,16.25,190.53571428571428,3.1866071428571425,288.69910714285714,282.9875,71.40178571428571,36013.392857142855,83.3896103896104,3.326530612244898,1315.1898734177216,99179.28571428572,284.0892857142857,293.3142857142857,281.72142857142853,6.083928571428571,-10.0,0.0,0.0,-43.2,0.0660714285714285,0.3089285714285714,0.7928571428571428,1.2714285714285716,2.5500000000000003,2012-05-07,Printemps
5115,201219,23,HAUTE-NORMANDIE,17.74774774774775,188.73873873873873,5.281081081081082,285.83738738738737,282.0310810810811,78.88288288288288,27167.021276595744,75.9620253164557,5.067796610169491,1369.1666666666667,100989.45945945944,283.2964285714286,288.0142857142857,279.72142857142853,8.654954954954956,-10.0,0.0,0.0,-44.44444444444444,0.0522522522522522,0.1693693693693694,0.3142857142857143,0.7714285714285714,1.6,2012-05-07,Printemps
5116,201219,91,LANGUEDOC-ROUSSILLON,7.857142857142857,165.44642857142858,3.9375,291.5910714285714,284.43125,66.33035714285714,31669.64285714286,61.56565656565657,2.8734177215189876,2896.823529411765,101135.89285714286,287.1928571428571,295.4035714285714,285.72142857142853,6.753571428571428,-10.0,0.0,0.0,-45.0,0.0,0.0232142857142857,0.0142857142857142,0.0928571428571428,0.2714285714285714,2012-05-07,Printemps
5117,201219,74,LIMOUSIN,13.571428571428571,153.30357142857142,4.266964285714286,289.1455357142857,282.9642857142857,68.98214285714286,42537.5,72.75641025641026,2.7735849056603774,2326.4864864864867,98994.19642857143,285.0678571428571,292.85714285714283,283.3642857142857,7.371428571428572,-10.0,0.0,0.0,-45.0,0.0883928571428571,0.2892857142857142,0.4357142857142856,1.2,2.7357142857142853,2012-05-07,Printemps
5118,201219,41,LORRAINE,0.8518339768339769,193.21428571428572,3.340515796260477,284.8620535714286,280.4638392857143,76.875,22941.964285714286,77.08380069025021,4.472972972972973,1404.9461206896551,100070.444015444,281.3357142857143,288.05357142857144,279.2928571428571,6.159821428571428,-10.0,0.0,0.0,-45.0,0.05740025740025735,0.18908730158730155,0.3345238095238095,0.7571428571428571,1.5214285714285716,2012-05-07,Printemps
5119,201219,73,MIDI-PYRENEES,7.857142857142857,184.375,3.220535714285714,291.5705357142857,285.04464285714283,68.375,30780.48780487805,62.397260273972606,2.5692307692307694,3059.5588235294117,98743.125,286.275,296.07142857142856,283.2928571428571,6.138392857142857,-10.0,0.0,0.0,-44.30769230769231,0.0089285714285714,0.0392857142857142,0.05,0.1571428571428571,0.3857142857142857,2012-05-07,Printemps
5120,201219,31,NORD-PAS-DE-CALAIS,18.839285714285715,198.03571428571428,3.882142857142857,286.5473214285714,282.0857142857143,75.72321428571429,28322.321428571428,74.75903614457832,4.670731707317073,1681.7073170731708,101285.98214285714,283.35,289.6392857142857,281.72142857142853,6.916071428571429,-10.0,0.0,0.0,-43.63636363636363,0.0339285714285714,0.2357142857142857,0.6785714285714286,0.9642857142857144,1.9785714285714284,2012-05-07,Printemps
5121,201219,52,PAYS-DE-LA-LOIRE,0.8518339768339769,193.21428571428572,3.340515796260477,284.8620535714286,280.4638392857143,76.875,22941.964285714286,77.08380069025021,4.472972972972973,1404.9461206896551,100070.444015444,281.3357142857143,288.05357142857144,279.2928571428571,6.159821428571428,-10.0,0.0,0.0,-45.0,0.05740025740025735,0.18908730158730155,0.3345238095238095,0.7571428571428571,1.5214285714285716,2012-05-07,Printemps
5122,201219,22,PICARDIE,18.839285714285715,198.03571428571428,3.882142857142857,286.5473214285714,282.0857142857143,75.72321428571429,28322.321428571428,74.75903614457832,4.670731707317073,1681.7073170731708,101285.98214285714,283.35,289.6392857142857,281.72142857142853,6.916071428571429,-10.0,0.0,0.0,-43.63636363636363,0.0339285714285714,0.2357142857142857,0.6785714285714286,0.9642857142857144,1.9785714285714284,2012-05-07,Printemps
5123,201219,54,POITOU-CHARENTES,15.535714285714286,158.75,3.886607142857143,289.29285714285714,283.7473214285714,71.76785714285714,31738.39285714286,70.65217391304348,3.019230769230769,1946.857142857143,100387.23214285714,285.00714285714287,293.34285714285716,283.07857142857137,6.924107142857143,-10.0,0.0,0.0,-45.0,0.0446428571428571,0.15,0.3642857142857142,0.6142857142857142,1.5214285714285716,2012-05-07,Printemps
5124,201219,93,PROVENCE-ALPES-COTE-D-AZUR,0.8518339768339769,193.21428571428572,3.340515796260477,284.8620535714286,280.4638392857143,76.875,22941.964285714286,77.08380069025021,4.472972972972973,1404.9461206896551,100070.444015444,281.3357142857143,288.05357142857144,279.2928571428571,6.159821428571428,-10.0,0.0,0.0,-45.0,0.05740025740025735,0.18908730158730155,0.3345238095238095,0.7571428571428571,1.5214285714285716,2012-05-07,Printemps
5125,201219,11,ILE-DE-FRANCE,18.214285714285715,164.10714285714286,3.8875,288.5232142857143,282.45535714285717,68.66071428571429,26500.0,67.94642857142857,3.980769230769231,2160.185185185185,101004.46428571428,285.0142857142857,291.54285714285714,282.57857142857137,6.953571428571428,-10.0,0.0,0.0,-44.44444444444444,0.0392857142857142,0.1018181818181818,0.0,0.4571428571428572,0.8571428571428571,2012-05-07,Printemps
5126,201219,82,RHONE-ALPES,10.714285714285714,206.07142857142856,3.9482142857142857,290.4892857142857,282.2964285714286,61.089285714285715,36178.57142857143,60.648148148148145,2.769230769230769,3696.153846153846,99276.60714285714,286.1857142857143,294.00714285714287,283.72142857142853,7.596428571428572,-10.0,0.0,0.0,-45.0,0.0428571428571428,0.0999999999999999,0.3428571428571428,0.4285714285714285,0.8571428571428571,2012-05-07,Printemps
5127,201218,42,ALSACE,1.0476190476190477,199.9047619047619,2.7714285714285714,286.64619047619044,281.9814285714286,75.78095238095239,41969.52380952381,95.61290322580643,4.472972972972973,1280.6153846153843,98942.85714285714,282.4846153846154,290.54615384615386,280.15,5.519047619047619,-10.0,0.0,0.0,-45.0,0.24,0.6323809523809525,1.2074074074074077,2.630769230769231,5.346153846153846,2012-04-30,Printemps
5128,201218,72,AQUITAINE,10.892857142857142,184.82142857142856,3.3017857142857143,287.3464285714286,281.08214285714286,69.45535714285714,37285.71428571428,60.78947368421053,2.6901408450704225,2148.3695652173915,99930.80357142857,282.8535714285714,291.6607142857143,280.57857142857137,5.939285714285715,-10.0,0.0,0.0,-44.03225806451613,0.0428571428571428,0.1855855855855856,0.3555555555555555,0.9071428571428573,1.8071428571428572,2012-04-30,Printemps
5129,201218,83,AUVERGNE,5.357142857142857,186.42857142857144,2.805357142857143,285.1660714285714,280.2392857142857,73.82142857142857,31392.85714285714,64.54545454545455,3.4339622641509435,1907.5471698113208,97312.32142857143,280.67857142857144,289.56428571428575,277.57857142857137,6.130909090909091,-10.0,0.0,0.0,-44.72727272727273,0.1345454545454545,0.2909090909090909,0.2857142857142857,1.2142857142857142,2.585714285714286,2012-04-30,Printemps
5130,201218,25,BASSE-NORMANDIE,17.142857142857142,147.76785714285714,2.492857142857143,284.03125,280.96964285714284,82.70535714285714,17512.61261261261,89.17021276595744,4.910714285714286,831.5625,99859.91071428572,281.06071428571425,287.0892857142857,278.0071428571428,4.879464285714286,-10.0,0.0,0.0,-45.0,0.1107142857142857,0.3428571428571428,1.0642857142857145,1.407142857142857,2.75,2012-04-30,Printemps
5131,201218,26,BOURGOGNE,5.0,188.66071428571428,2.5794642857142853,285.5142857142857,281.4580357142857,78.38392857142857,30408.928571428572,88.83333333333333,4.428571428571429,1057.7777777777778,98851.78571428572,281.42857142857144,289.49642857142857,279.2928571428571,5.1866071428571425,-10.0,0.0,0.0,-45.0,0.2196428571428571,0.5428571428571428,0.9857142857142857,2.1357142857142857,4.05,2012-04-30,Printemps
5132,201218,53,BRETAGNE,33.506493506493506,129.93506493506493,4.137012987012987,284.114935064935,280.85,81.97402597402598,18249.019607843136,83.03053435114504,4.957894736842105,1246.7424242424242,100279.15584415584,280.89473684210526,286.88684210526316,278.0730769230769,7.238961038961039,-10.0,0.0,0.0,-45.0,0.1824675324675324,0.6701298701298701,1.415,3.152631578947368,10.26923076923077,2012-04-30,Printemps
5133,201218,24,CENTRE,7.142857142857143,178.21428571428572,2.466964285714286,285.8794642857143,281.51785714285717,76.88392857142857,21852.678571428572,77.15116279069767,4.7560975609756095,1160.108695652174,99617.41071428572,282.4214285714286,289.45,280.07857142857137,5.20625,-10.0,0.0,0.0,-45.36585365853659,0.2108108108108108,0.3963963963963964,0.5285714285714286,1.622222222222222,3.121428571428571,2012-04-30,Printemps
5134,201218,21,CHAMPAGNE-ARDENNE,4.642857142857143,206.96428571428572,2.917857142857143,285.57142857142856,282.0357142857143,80.66071428571429,20526.785714285714,86.77777777777777,4.607142857142857,1178.888888888889,99738.21428571428,282.10714285714283,288.95714285714286,279.57857142857137,5.476785714285714,-10.0,0.0,0.0,-45.0,0.075,0.6142857142857142,1.1714285714285713,2.157142857142857,4.385714285714285,2012-04-30,Printemps
5135,201218,94,CORSE,-10.178571428571429,156.96428571428572,2.667857142857143,288.0366071428571,284.5473214285714,80.5,26527.678571428572,54.198113207547166,3.061855670103093,780.2083333333334,101310.89285714286,285.0857142857143,290.85714285714283,281.93571428571425,4.758035714285714,-10.0,0.0,0.0,-44.34782608695652,0.4267857142857142,1.0160714285714283,1.8142857142857145,3.692857142857143,5.471428571428571,2012-04-30,Printemps
5136,201218,43,FRANCHE-COMTE,2.6785714285714284,203.125,2.7062500000000003,286.2785714285714,281.4169642857143,74.77678571428571,35328.57142857143,81.79545454545455,3.7872340425531914,1247.2413793103449,98235.0,282.2892857142857,290.3392857142857,280.15,5.48125,-10.0,0.0,0.0,-42.857142857142854,0.1910714285714286,0.5750000000000001,0.942857142857143,2.257142857142857,4.5285714285714285,2012-04-30,Printemps
5137,201218,23,HAUTE-NORMANDIE,20.357142857142858,124.375,4.603571428571429,283.73035714285714,280.99821428571425,84.16964285714286,15767.01030927835,87.52873563218391,6.25,987.0588235294116,100133.66071428572,281.75357142857143,285.9607142857143,279.0071428571428,7.445535714285714,-10.0,0.0,0.0,-45.0,0.0875,0.3214285714285714,1.0285714285714287,1.2571428571428571,3.2785714285714285,2012-04-30,Printemps
5138,201218,91,LANGUEDOC-ROUSSILLON,4.464285714285714,181.6071428571429,3.7705357142857143,287.53482142857143,282.3125,73.33035714285714,34390.17857142857,62.84615384615385,3.4545454545454546,1620.10989010989,100287.05357142857,283.6,290.8857142857143,281.57857142857137,6.185714285714285,-10.0,0.0,0.0,-44.34782608695652,0.0321428571428571,0.1405405405405405,0.3037037037037037,0.7,1.407142857142857,2012-04-30,Printemps
5139,201218,74,LIMOUSIN,9.196428571428571,165.89285714285714,2.8526785714285716,285.1535714285714,280.5875,76.05357142857143,38188.392857142855,79.56818181818181,4.745454545454545,1329.0361445783133,98055.625,281.5357142857143,288.50357142857143,279.0071428571428,5.486607142857143,-10.0,0.0,0.0,-45.0,0.1099099099099099,0.4288288288288288,0.75,1.7571428571428571,3.6142857142857143,2012-04-30,Printemps
5140,201218,41,LORRAINE,0.8518339768339769,193.21428571428572,3.340515796260477,284.8620535714286,280.4638392857143,76.875,22941.964285714286,77.08380069025021,4.472972972972973,1404.9461206896551,100070.444015444,281.3357142857143,288.05357142857144,279.2928571428571,6.159821428571428,-10.0,0.0,0.0,-45.0,0.05740025740025735,0.18908730158730155,0.3345238095238095,0.7571428571428571,1.5214285714285716,2012-04-30,Printemps
5141,201218,73,MIDI-PYRENEES,10.803571428571429,177.32142857142858,2.652678571428571,286.04464285714283,280.45625,71.6875,31901.234567901236,62.69736842105263,3.3692307692307693,1831.6176470588232,97871.78571428572,281.31071428571425,290.5392857142857,278.15,5.296396396396396,-10.0,0.0,0.0,-44.32835820895522,0.0678571428571428,0.2594594594594595,0.5703703703703704,1.1642857142857144,2.3214285714285716,2012-04-30,Printemps
5142,201218,31,NORD-PAS-DE-CALAIS,9.553571428571429,155.53571428571428,3.4267857142857143,283.8169642857143,280.9419642857143,83.53571428571429,16389.285714285714,89.88095238095238,6.142857142857143,1027.2619047619048,100444.64285714286,281.5,286.35,280.43571428571425,5.857142857142857,-10.0,0.0,0.0,-43.63636363636363,0.0375,0.3017857142857142,0.2642857142857143,1.2571428571428571,2.542857142857143,2012-04-30,Printemps
5143,201218,52,PAYS-DE-LA-LOIRE,0.8518339768339769,193.21428571428572,3.340515796260477,284.8620535714286,280.4638392857143,76.875,22941.964285714286,77.08380069025021,4.472972972972973,1404.9461206896551,100070.444015444,281.3357142857143,288.05357142857144,279.2928571428571,6.159821428571428,-10.0,0.0,0.0,-45.0,0.05740025740025735,0.18908730158730155,0.3345238095238095,0.7571428571428571,1.5214285714285716,2012-04-30,Printemps
5144,201218,22,PICARDIE,9.553571428571429,155.53571428571428,3.4267857142857143,283.8169642857143,280.9419642857143,83.53571428571429,16389.285714285714,89.88095238095238,6.142857142857143,1027.2619047619048,100444.64285714286,281.5,286.35,280.43571428571425,5.857142857142857,-10.0,0.0,0.0,-43.63636363636363,0.0375,0.3017857142857142,0.2642857142857143,1.2571428571428571,2.542857142857143,2012-04-30,Printemps
5145,201218,54,POITOU-CHARENTES,8.214285714285714,175.89285714285714,2.6464285714285714,285.65,281.54910714285717,78.33928571428571,28187.5,80.64556962025317,4.5636363636363635,1184.3589743589744,99443.83928571428,281.6142857142857,289.4,279.2928571428571,5.308035714285714,-10.0,0.0,0.0,-45.0,0.1387387387387387,0.3873873873873873,0.5714285714285714,1.592857142857143,3.1714285714285713,2012-04-30,Printemps
5146,201218,93,PROVENCE-ALPES-COTE-D-AZUR,0.8518339768339769,193.21428571428572,3.340515796260477,284.8620535714286,280.4638392857143,76.875,22941.964285714286,77.08380069025021,4.472972972972973,1404.9461206896551,100070.444015444,281.3357142857143,288.05357142857144,279.2928571428571,6.159821428571428,-10.0,0.0,0.0,-45.0,0.05740025740025735,0.18908730158730155,0.3345238095238095,0.7571428571428571,1.5214285714285716,2012-04-30,Printemps
5147,201218,11,ILE-DE-FRANCE,8.035714285714286,184.6428571428571,2.435714285714286,286.0392857142857,281.43571428571425,75.76785714285714,21330.35714285714,76.38888888888889,4.925925925925926,1290.5454545454545,100045.35714285714,283.0214285714286,289.3857142857143,280.57857142857137,5.132142857142857,-10.0,0.0,0.0,-45.55555555555556,0.2836363636363637,0.52,0.5857142857142856,2.2,4.671428571428572,2012-04-30,Printemps
5148,201218,82,RHONE-ALPES,4.464285714285714,161.42857142857142,2.6589285714285715,287.12321428571425,281.3285714285714,70.57142857142857,32446.428571428572,70.36363636363636,3.188679245283019,1887.7358490566037,98390.17857142857,283.75,290.7857142857143,281.72142857142853,5.6499999999999995,-10.0,0.0,0.0,-45.55555555555556,0.1678571428571428,0.4607142857142857,0.7142857142857143,1.842857142857143,3.6571428571428575,2012-04-30,Printemps
5149,201217,42,ALSACE,11.0,179.8181818181818,3.479090909090909,286.14272727272726,280.4781818181818,71.24545454545455,44210.90909090909,97.06849315068492,4.472972972972973,1312.5,98484.90909090907,281.8,289.575,279.3642857142857,7.195454545454545,-10.0,0.0,0.0,-45.0,0.0709090909090909,0.28,0.4074074074074074,1.0,1.8,2012-04-23,Printemps
5150,201217,72,AQUITAINE,-7.410714285714286,185.08928571428572,5.396428571428571,285.17321428571427,280.9919642857143,77.03571428571429,24303.571428571428,86.0,5.46,1116.2962962962963,99519.73214285714,282.3,287.7964285714286,280.72142857142853,9.658928571428572,-10.0,0.0,0.0,-43.8,0.2607142857142857,0.9207207207207208,1.7185185185185186,3.585714285714286,7.200000000000001,2012-04-23,Printemps
5151,201217,83,AUVERGNE,0.0,178.57142857142858,5.710714285714286,285.1482142857143,278.91785714285714,68.53571428571429,33428.57142857143,80.08928571428571,4.092592592592593,1421.8181818181818,96812.67857142857,281.2357142857143,288.24285714285713,279.15,10.671428571428573,-10.0,0.0,0.0,-45.55555555555556,0.1464285714285714,0.45,0.2142857142857142,1.6428571428571428,3.1999999999999997,2012-04-23,Printemps
5152,201217,25,BASSE-NORMANDIE,-4.821428571428571,179.19642857142858,5.946428571428571,282.8901785714286,279.5678571428571,80.75892857142857,24190.178571428572,91.73469387755102,6.666666666666667,774.3269230769231,98862.41071428572,280.82142857142856,285.51785714285717,278.93571428571425,10.986607142857142,-10.0,0.0,0.0,-44.716981132075475,0.2625,0.9892857142857142,1.9,3.9642857142857144,8.049999999999999,2012-04-23,Printemps
5153,201217,26,BOURGOGNE,8.0,189.8181818181818,4.4354545454545455,284.36636363636364,280.5281818181818,79.14545454545454,30520.909090909092,95.76,5.8076923076923075,1000.0,98298.72727272728,281.05357142857144,287.12857142857143,279.15,8.434545454545454,-10.0,0.0,0.0,-45.55555555555556,0.22,0.6890909090909091,1.4,2.8214285714285716,5.6499999999999995,2012-04-23,Printemps
5154,201217,53,BRETAGNE,-21.071428571428573,199.46428571428572,7.023214285714286,283.00059523809523,280.15,83.39285714285714,19415.47619047619,85.38461538461539,5.972972972972973,631.9753086419753,99147.38095238096,280.92857142857144,285.14285714285717,279.0071428571428,12.75297619047619,-10.0,0.0,0.0,-45.714285714285715,0.4023952095808383,1.2421686746987952,1.7853658536585366,4.741463414634146,8.292307692307691,2012-04-23,Printemps
5155,201217,24,CENTRE,1.875,185.3571428571429,4.939285714285715,283.725,280.4767857142857,81.51785714285714,19876.785714285714,89.1413043478261,5.5125,991.3861386138614,98919.73214285714,281.3178571428571,286.2964285714286,280.0071428571428,9.174107142857142,-10.0,0.0,0.0,-45.55555555555556,0.2339285714285714,0.8125,1.8785714285714288,3.35,6.392857142857143,2012-04-23,Printemps
5156,201217,21,CHAMPAGNE-ARDENNE,16.85185185185185,167.0909090909091,4.881818181818182,284.1518181818182,281.1481818181818,82.74545454545455,18181.81818181818,93.8,6.37037037037037,1235.5555555555557,99140.18181818182,281.80384615384617,286.7423076923077,280.2928571428571,8.922222222222222,-10.0,0.0,0.0,-45.55555555555556,0.4296296296296296,1.0074074074074073,2.0615384615384618,3.923076923076923,6.766666666666667,2012-04-23,Printemps
5157,201217,94,CORSE,8.125,149.28571428571428,3.284821428571429,288.59017857142857,282.0366071428571,69.42857142857143,25002.678571428572,57.405660377358494,2.9431818181818183,1489.7590361445782,101276.875,284.51785714285717,291.61785714285713,281.07857142857137,6.1241071428571425,-10.0,0.0,0.0,-43.51648351648352,0.0589285714285714,0.1821428571428571,0.2714285714285714,0.7214285714285714,1.1642857142857144,2012-04-23,Printemps
5158,201217,43,FRANCHE-COMTE,10.0,199.9090909090909,3.56,286.0409090909091,279.8718181818182,69.11818181818182,38756.36363636364,86.07446808510639,3.0851063829787235,1808.3333333333333,97777.36363636365,281.6392857142857,289.1928571428571,278.7928571428571,7.501818181818182,-10.0,0.0,0.0,-42.5,0.0836363636363636,0.2927272727272728,0.4296296296296296,1.1285714285714286,2.5500000000000003,2012-04-23,Printemps
5159,201217,23,HAUTE-NORMANDIE,-5.178571428571429,172.94642857142858,8.145535714285716,283.1821428571429,280.13214285714287,82.0625,22780.0,87.41379310344827,6.181818181818182,1036.6666666666667,99035.26785714286,281.2964285714286,285.3607142857143,277.57857142857137,13.161607142857145,-10.0,0.0,0.0,-45.55555555555556,0.2964285714285714,0.8571428571428571,1.542857142857143,3.542857142857143,6.121428571428572,2012-04-23,Printemps
5160,201217,91,LANGUEDOC-ROUSSILLON,-3.963963963963964,179.10714285714286,5.939285714285715,286.74107142857144,281.3919642857143,71.22321428571429,28071.428571428572,81.9090909090909,4.885416666666667,1745.1923076923076,99999.55357142857,283.35714285714283,289.55,281.3642857142857,10.27589285714286,-10.0,0.0,0.0,-42.12765957446808,0.0767857142857142,0.2954954954954955,0.8814814814814815,1.0214285714285716,1.9,2012-04-23,Printemps
5161,201217,74,LIMOUSIN,-2.6785714285714284,190.625,5.308035714285714,282.5339285714286,280.18125,85.90178571428571,24364.285714285714,93.87735849056604,6.673076923076923,630.377358490566,97457.23214285714,280.43928571428575,284.65714285714284,279.43571428571425,9.699107142857144,-10.0,0.0,0.0,-45.0,0.5765765765765766,1.645045045045045,3.3071428571428574,6.721428571428571,13.142857142857142,2012-04-23,Printemps
5162,201217,41,LORRAINE,0.8518339768339769,193.21428571428572,3.340515796260477,284.8620535714286,280.4638392857143,76.875,22941.964285714286,77.08380069025021,4.472972972972973,1404.9461206896551,100070.444015444,281.3357142857143,288.05357142857144,279.2928571428571,6.159821428571428,-10.0,0.0,0.0,-45.0,0.05740025740025735,0.18908730158730155,0.3345238095238095,0.7571428571428571,1.5214285714285716,2012-04-23,Printemps
5163,201217,73,MIDI-PYRENEES,-7.589285714285714,205.44642857142856,4.066964285714286,285.2553571428571,279.99285714285713,72.125,26321.428571428572,80.3048780487805,4.626666666666667,1350.125,97489.55357142857,281.175,288.6,278.22142857142853,8.0875,-10.0,0.0,0.0,-43.2,0.1053571428571428,0.3117117117117117,0.8888888888888888,1.148148148148148,2.2,2012-04-23,Printemps
5164,201217,31,NORD-PAS-DE-CALAIS,7.232142857142857,162.05357142857142,5.815178571428571,283.41517857142856,280.0285714285714,80.52678571428571,21583.928571428572,86.28048780487805,5.746835443037975,1195.0,99526.16071428572,281.0107142857143,285.6142857142857,279.93571428571425,10.366071428571429,-10.0,0.0,0.0,-44.5945945945946,0.1696428571428571,0.5625,0.5785714285714285,2.1714285714285717,4.771428571428571,2012-04-23,Printemps
5165,201217,52,PAYS-DE-LA-LOIRE,0.8518339768339769,193.21428571428572,3.340515796260477,284.8620535714286,280.4638392857143,76.875,22941.964285714286,77.08380069025021,4.472972972972973,1404.9461206896551,100070.444015444,281.3357142857143,288.05357142857144,279.2928571428571,6.159821428571428,-10.0,0.0,0.0,-45.0,0.05740025740025735,0.18908730158730155,0.3345238095238095,0.7571428571428571,1.5214285714285716,2012-04-23,Printemps
5166,201217,22,PICARDIE,7.232142857142857,162.05357142857142,5.815178571428571,283.41517857142856,280.0285714285714,80.52678571428571,21583.928571428572,86.28048780487805,5.746835443037975,1195.0,99526.16071428572,281.0107142857143,285.6142857142857,279.93571428571425,10.366071428571429,-10.0,0.0,0.0,-44.5945945945946,0.1696428571428571,0.5625,0.5785714285714285,2.1714285714285717,4.771428571428571,2012-04-23,Printemps
5167,201217,54,POITOU-CHARENTES,-1.0714285714285714,189.55357142857144,5.329464285714286,283.33660714285713,280.6392857142857,84.34821428571429,23850.0,93.0,6.196078431372549,788.125,98802.14285714286,280.9321428571429,285.8071428571429,279.72142857142853,9.56875,-10.0,0.0,0.0,-45.78947368421053,0.4428571428571429,1.4285714285714286,2.65,5.8,11.114285714285714,2012-04-23,Printemps
5168,201217,93,PROVENCE-ALPES-COTE-D-AZUR,0.8518339768339769,193.21428571428572,3.340515796260477,284.8620535714286,280.4638392857143,76.875,22941.964285714286,77.08380069025021,4.472972972972973,1404.9461206896551,100070.444015444,281.3357142857143,288.05357142857144,279.2928571428571,6.159821428571428,-10.0,0.0,0.0,-45.0,0.05740025740025735,0.18908730158730155,0.3345238095238095,0.7571428571428571,1.5214285714285716,2012-04-23,Printemps
5169,201217,11,ILE-DE-FRANCE,2.5,186.25,5.126785714285715,283.89464285714286,280.1482142857143,78.80357142857143,21412.5,86.16071428571429,5.37037037037037,1093.392857142857,99274.64285714286,281.79285714285714,286.34285714285716,280.43571428571425,9.621428571428572,-10.0,0.0,0.0,-45.55555555555556,0.1428571428571428,0.5607142857142857,1.4142857142857144,2.257142857142857,3.971428571428571,2012-04-23,Printemps
5170,201217,82,RHONE-ALPES,1.0714285714285714,180.3571428571429,5.4696428571428575,287.42857142857144,278.7785714285714,59.107142857142854,38089.28571428572,76.69642857142857,4.470588235294118,2290.1960784313724,97965.53571428572,283.60714285714283,290.6,281.57857142857137,11.185714285714283,-10.0,0.0,0.0,-45.27272727272727,0.1035714285714285,0.2464285714285714,0.2714285714285714,0.9857142857142858,2.1142857142857143,2012-04-23,Printemps
5171,201216,42,ALSACE,-0.5357142857142857,211.33928571428572,4.24375,281.26339285714283,276.20625,72.36607142857143,42821.42857142857,95.2840909090909,4.472972972972973,1154.1304347826087,98251.42857142857,278.0464285714286,284.53214285714284,276.2928571428571,8.067857142857143,-10.0,0.0,0.0,-45.0,0.0857142857142857,0.2125,0.2428571428571428,0.9428571428571428,1.9857142857142855,2012-04-16,Printemps
5172,201216,72,AQUITAINE,-1.891891891891892,259.72972972972974,5.625225225225225,282.8472972972973,278.20045045045043,74.46846846846847,29256.756756756757,77.43119266055047,5.216494845360825,1084.7222222222222,99778.55855855856,279.7285714285714,285.74642857142857,278.3642857142857,9.48198198198198,-10.0,0.0,0.0,-43.8,0.1109090909090909,0.4163636363636363,0.8962962962962963,1.7642857142857142,3.607142857142857,2012-04-16,Printemps
5173,201216,83,AUVERGNE,1.6071428571428572,233.75,4.192857142857142,281.1375,274.5910714285714,64.35714285714286,32803.57142857143,71.81818181818181,4.425925925925926,1350.0,96799.46428571428,277.45714285714286,284.0571428571429,275.15,8.941071428571428,-10.0,0.0,0.0,-44.72727272727273,0.0321428571428571,0.0857142857142857,0.2142857142857142,0.3714285714285714,2.385714285714286,2012-04-16,Printemps
5174,201216,25,BASSE-NORMANDIE,-23.571428571428573,222.5,5.040178571428571,280.2732142857143,276.3410714285714,77.11607142857143,29477.272727272728,79.24050632911393,5.089285714285714,924.7311827956988,99022.41071428572,276.9,283.60714285714283,274.3642857142857,8.946428571428571,-10.0,0.0,0.0,-45.0,0.1357142857142857,0.5089285714285714,0.9142857142857144,1.9857142857142855,3.7,2012-04-16,Printemps
5175,201216,26,BOURGOGNE,-4.375,220.17857142857144,4.911607142857143,280.9839285714286,276.1848214285714,73.67857142857143,31821.428571428572,88.875,4.888888888888889,1029.1304347826087,98216.51785714286,277.75714285714287,284.2035714285714,276.0071428571428,9.109821428571427,-10.0,0.0,0.0,-45.55555555555556,0.125,0.3732142857142858,0.6714285714285715,1.55,3.1785714285714284,2012-04-16,Printemps
5176,201216,53,BRETAGNE,-28.571428571428573,248.27380952380952,5.331547619047619,281.6065476190476,277.3940476190476,76.07142857142857,26294.64285714286,76.13475177304964,4.861111111111111,878.6111111111111,99588.86904761904,278.8761904761905,284.32142857142856,275.0071428571428,10.401785714285714,-10.0,0.0,0.0,-45.0,0.1988095238095238,0.5197604790419161,0.8142857142857142,2.1714285714285717,3.6,2012-04-16,Printemps
5177,201216,24,CENTRE,-13.035714285714286,218.3928571428571,4.777678571428572,280.9348214285714,276.3642857142857,74.80357142857143,22455.35714285714,69.94505494505495,4.428571428571429,1035.858585858586,98931.07142857143,277.6107142857143,284.10714285714283,275.43571428571425,8.98125,-10.0,0.0,0.0,-45.0,0.0857142857142857,0.3964285714285714,0.7285714285714285,1.6,3.064285714285714,2012-04-16,Printemps
5178,201216,21,CHAMPAGNE-ARDENNE,-10.357142857142858,226.78571428571428,5.678571428571429,280.9642857142857,275.9589285714286,73.0,19785.714285714286,85.1063829787234,5.269230769230769,1216.3265306122448,99026.60714285714,277.37142857142857,284.1928571428572,275.2928571428571,9.445454545454544,-10.0,0.0,0.0,-45.0,0.2035714285714285,0.4571428571428572,1.1285714285714286,1.8714285714285712,3.7714285714285714,2012-04-16,Printemps
5179,201216,94,CORSE,20.45045045045045,146.69642857142858,3.0,286.33035714285717,280.6303571428571,69.67857142857143,28401.785714285714,63.77358490566038,3.5544554455445545,1140.952380952381,100410.80357142857,283.06071428571425,288.96785714285716,279.5071428571428,5.6187499999999995,-10.0,0.0,0.0,-43.89473684210526,0.1303571428571428,0.2558558558558558,0.5111111111111112,0.9407407407407408,1.8769230769230771,2012-04-16,Printemps
5180,201216,43,FRANCHE-COMTE,1.7857142857142858,221.69642857142856,3.894642857142857,280.9419642857143,276.0892857142857,73.38392857142857,31757.14285714286,88.88888888888889,5.042553191489362,1109.9019607843138,97557.32142857143,277.8964285714286,283.9857142857143,276.0071428571428,7.925,-10.0,0.0,0.0,-42.765957446808514,0.2144144144144144,0.4324324324324324,0.7071428571428572,1.8074074074074071,4.071428571428571,2012-04-16,Printemps
5181,201216,23,HAUTE-NORMANDIE,-28.303571428571427,230.0,7.099107142857143,281.0464285714286,277.0258928571429,76.54464285714286,26787.878787878788,73.41463414634147,5.363636363636363,896.0227272727273,99144.91071428572,278.59444444444443,283.4203703703704,272.15,11.58839285714286,-10.0,0.0,0.0,-46.15384615384615,0.1821428571428571,0.4756756756756756,0.8,1.9407407407407409,3.892307692307692,2012-04-16,Printemps
5182,201216,91,LANGUEDOC-ROUSSILLON,10.267857142857142,271.9642857142857,5.839285714285714,284.5419642857143,276.6955357142857,61.419642857142854,44910.71428571428,79.44444444444444,4.619565217391305,1716.9811320754718,99933.92857142857,281.2392857142857,287.42857142857144,279.93571428571425,9.86875,-10.0,0.0,0.0,-42.765957446808514,0.0232142857142857,0.1017857142857142,0.2428571428571428,0.4142857142857142,1.0285714285714287,2012-04-16,Printemps
5183,201216,74,LIMOUSIN,-7.321428571428571,228.21428571428572,5.0375000000000005,279.92589285714286,276.2160714285714,78.72321428571429,34292.857142857145,84.20454545454545,5.384615384615385,806.6326530612245,97598.92857142857,276.64285714285717,283.375,275.0071428571428,9.34375,-10.0,0.0,0.0,-44.57142857142857,0.2196428571428571,0.5125,0.6,2.0571428571428574,3.778571428571429,2012-04-16,Printemps
5184,201216,41,LORRAINE,0.8518339768339769,193.21428571428572,3.340515796260477,284.8620535714286,280.4638392857143,76.875,22941.964285714286,77.08380069025021,4.472972972972973,1404.9461206896551,100070.444015444,281.3357142857143,288.05357142857144,279.2928571428571,6.159821428571428,-10.0,0.0,0.0,-45.0,0.05740025740025735,0.18908730158730155,0.3345238095238095,0.7571428571428571,1.5214285714285716,2012-04-16,Printemps
5185,201216,73,MIDI-PYRENEES,3.125,257.05357142857144,4.433928571428571,282.47767857142856,276.875,69.54464285714286,29380.95238095238,81.48809523809524,5.260273972602739,1340.2439024390244,97737.14285714286,278.85,285.45714285714286,276.5071428571428,8.503571428571428,-10.0,0.0,0.0,-43.37837837837838,0.0678571428571428,0.2553571428571429,0.5571428571428572,1.0714285714285714,3.185714285714286,2012-04-16,Printemps
5186,201216,31,NORD-PAS-DE-CALAIS,-27.678571428571427,200.2678571428571,5.298214285714286,280.1080357142857,276.42410714285717,78.33928571428571,25473.214285714286,69.52380952380952,5.1125,1191.25,99391.875,277.57142857142856,282.9535714285714,275.93571428571425,9.341071428571428,-10.0,0.0,0.0,-44.050632911392405,0.0928571428571428,0.6,1.414814814814815,2.307142857142857,4.114285714285715,2012-04-16,Printemps
5187,201216,52,PAYS-DE-LA-LOIRE,0.8518339768339769,193.21428571428572,3.340515796260477,284.8620535714286,280.4638392857143,76.875,22941.964285714286,77.08380069025021,4.472972972972973,1404.9461206896551,100070.444015444,281.3357142857143,288.05357142857144,279.2928571428571,6.159821428571428,-10.0,0.0,0.0,-45.0,0.05740025740025735,0.18908730158730155,0.3345238095238095,0.7571428571428571,1.5214285714285716,2012-04-16,Printemps
5188,201216,22,PICARDIE,-27.678571428571427,200.2678571428571,5.298214285714286,280.1080357142857,276.42410714285717,78.33928571428571,25473.214285714286,69.52380952380952,5.1125,1191.25,99391.875,277.57142857142856,282.9535714285714,275.93571428571425,9.341071428571428,-10.0,0.0,0.0,-44.050632911392405,0.0928571428571428,0.6,1.414814814814815,2.307142857142857,4.114285714285715,2012-04-16,Printemps
5189,201216,54,POITOU-CHARENTES,-9.821428571428571,225.71428571428572,5.138392857142857,280.8517857142857,276.64910714285713,76.60714285714286,28491.071428571428,80.13333333333334,4.886792452830188,930.7692307692308,98909.28571428572,277.21785714285716,284.46785714285716,275.22142857142853,9.383928571428571,-10.0,0.0,0.0,-45.38461538461539,0.1839285714285714,0.5,0.9,1.9571428571428573,3.778571428571429,2012-04-16,Printemps
5190,201216,93,PROVENCE-ALPES-COTE-D-AZUR,0.8518339768339769,193.21428571428572,3.340515796260477,284.8620535714286,280.4638392857143,76.875,22941.964285714286,77.08380069025021,4.472972972972973,1404.9461206896551,100070.444015444,281.3357142857143,288.05357142857144,279.2928571428571,6.159821428571428,-10.0,0.0,0.0,-45.0,0.05740025740025735,0.18908730158730155,0.3345238095238095,0.7571428571428571,1.5214285714285716,2012-04-16,Printemps
5191,201216,11,ILE-DE-FRANCE,-17.5,211.07142857142856,4.667857142857143,280.79285714285714,276.18928571428575,74.53571428571429,23732.14285714286,63.0,4.18,1132.0754716981132,99265.0,277.5357142857143,284.0285714285714,275.15,8.683928571428572,-10.0,0.0,0.0,-44.716981132075475,0.075,0.325,0.4857142857142857,1.342857142857143,2.5142857142857147,2012-04-16,Printemps
5192,201216,82,RHONE-ALPES,9.107142857142858,206.6071428571429,4.021428571428571,282.25714285714287,276.1375,67.51785714285714,28521.428571428572,76.72727272727273,4.581818181818182,1722.321428571429,97782.67857142857,279.29285714285714,284.9857142857143,277.57857142857137,7.578571428571428,-10.0,0.0,0.0,-45.27272727272727,0.2678571428571428,0.4464285714285714,0.5428571428571428,1.8285714285714287,5.714285714285714,2012-04-16,Printemps
5193,201215,42,ALSACE,-9.81981981981982,182.7027027027027,3.8189189189189183,281.7950450450451,276.7617117117117,72.990990990991,28464.414414414416,97.3734939759036,4.472972972972973,1223.7974683544303,98135.76576576575,278.0785714285714,284.8892857142857,275.5071428571428,6.9336363636363645,-10.0,0.0,0.0,-45.0,0.0918918918918918,0.3145454545454546,0.4714285714285714,1.1925925925925926,2.2,2012-04-09,Printemps
5194,201215,72,AQUITAINE,-2.767857142857143,237.67857142857144,4.1241071428571425,283.15803571428575,279.04017857142856,77.14285714285714,25856.25,75.60747663551402,4.688172043010753,995.4716981132076,99442.94642857143,279.85714285714283,286.52142857142854,278.15,7.50625,-10.0,0.0,0.0,-44.8421052631579,0.0857142857142857,0.2946428571428571,0.5357142857142857,1.1357142857142857,2.1714285714285713,2012-04-09,Printemps
5195,201215,83,AUVERGNE,-7.142857142857143,195.71428571428572,3.4285714285714284,281.31428571428575,276.3392857142857,72.5,29178.571428571428,73.03571428571429,4.222222222222222,1502.7272727272727,96602.32142857143,277.2714285714286,284.68571428571425,274.8642857142857,6.976785714285714,-10.0,0.0,0.0,-45.27272727272727,0.125,0.4107142857142857,0.7999999999999999,1.6,1.5714285714285714,2012-04-09,Printemps
5196,201215,25,BASSE-NORMANDIE,15.892857142857142,178.92857142857142,3.988392857142857,280.7875,277.37410714285716,80.22321428571429,22305.803571428572,83.7752808988764,5.654545454545454,965.4347826086956,99174.01785714286,277.5964285714286,283.8285714285714,275.15,7.419642857142857,-10.0,0.0,0.0,-45.27272727272727,0.1357142857142857,0.3678571428571429,0.65,1.542857142857143,3.0500000000000003,2012-04-09,Printemps
5197,201215,26,BOURGOGNE,-3.8392857142857144,223.125,3.61875,281.6732142857143,277.075,74.6875,24188.39285714286,92.72727272727272,5.444444444444445,1058.125,98105.89285714286,278.0285714285714,284.8464285714286,275.3642857142857,6.779464285714285,-10.0,0.0,0.0,-44.44444444444444,0.1071428571428571,0.3910714285714285,0.6714285714285715,1.5071428571428571,2.807142857142857,2012-04-09,Printemps
5198,201215,53,BRETAGNE,16.80722891566265,222.53012048192772,4.286746987951807,281.71084337349396,278.0650602409639,79.24698795180723,24068.072289156626,74.79591836734694,4.882882882882883,781.9480519480519,99740.24096385542,278.9761904761905,284.3595238095238,275.2928571428571,7.983132530120482,-10.0,0.0,0.0,-45.0,0.2518072289156626,0.6319277108433735,1.2476190476190476,2.519047619047619,4.757142857142857,2012-04-09,Printemps
5199,201215,24,CENTRE,5.178571428571429,216.07142857142856,3.7821428571428575,282.1169642857143,277.15982142857143,72.99107142857143,19617.85714285714,76.95402298850574,4.790123456790123,1271.1340206185566,98914.19642857143,278.7285714285714,285.2142857142857,276.22142857142853,7.316964285714286,-10.0,0.0,0.0,-45.18518518518518,0.075,0.2303571428571428,0.5,0.8857142857142858,1.792857142857143,2012-04-09,Printemps
5200,201215,21,CHAMPAGNE-ARDENNE,1.25,216.78571428571428,4.335714285714286,281.71964285714284,276.5839285714286,72.14285714285714,17073.214285714286,82.05128205128206,4.357142857142857,1632.8947368421052,98999.46428571428,277.45714285714286,285.3,275.57857142857137,7.726785714285714,-10.0,0.0,0.0,-45.0,0.0142857142857142,0.1107142857142857,0.1857142857142857,0.4285714285714285,0.9142857142857144,2012-04-09,Printemps
5201,201215,94,CORSE,-11.785714285714286,174.91071428571428,3.2589285714285716,285.55089285714286,280.6482142857143,73.67857142857143,23633.928571428572,70.65420560747664,3.7777777777777777,1140.776699029126,100195.17857142857,282.2607142857143,288.3178571428571,279.2928571428571,5.786607142857143,-10.0,0.0,0.0,-44.11764705882353,0.13125,0.4785714285714286,0.85,1.85,3.742857142857143,2012-04-09,Printemps
5202,201215,43,FRANCHE-COMTE,-10.535714285714286,204.0178571428571,3.2544642857142856,281.1419642857143,276.99285714285713,76.59821428571429,23356.25,92.22222222222224,5.3125,1178.571428571429,97422.14285714286,277.65714285714284,284.0,274.8642857142857,6.21875,-10.0,0.0,0.0,-43.40425531914894,0.1723214285714285,0.4892857142857142,0.7071428571428572,1.8142857142857145,3.121428571428571,2012-04-09,Printemps
5203,201215,23,HAUTE-NORMANDIE,19.196428571428573,193.30357142857144,5.302678571428571,281.46964285714284,277.99375,79.91071428571429,21449.50495049505,72.11538461538461,4.915492957746479,987.6136363636364,99395.53571428572,279.075,283.7892857142857,273.2928571428571,8.54375,-10.0,0.0,0.0,-44.44444444444444,0.0928571428571428,0.3243243243243243,0.5851851851851853,1.3703703703703705,2.853846153846154,2012-04-09,Printemps
5204,201215,91,LANGUEDOC-ROUSSILLON,-10.892857142857142,244.375,4.825,284.6848214285714,278.43571428571425,67.97321428571429,38321.42857142857,72.12264150943396,4.574712643678161,1699.2708333333333,99599.55357142857,281.26785714285717,287.94642857142856,279.5071428571428,8.167857142857143,-10.0,0.0,0.0,-44.0,0.0589285714285714,0.1910714285714285,0.3857142857142857,0.7214285714285714,1.342857142857143,2012-04-09,Printemps
5205,201215,74,LIMOUSIN,1.5178571428571428,218.21428571428572,3.8607142857142858,281.1017857142857,276.7705357142857,76.07142857142857,32875.892857142855,87.11578947368422,5.215686274509804,990.1041666666666,97455.71428571428,277.75357142857143,284.2964285714286,275.7928571428571,6.968468468468468,-10.0,0.0,0.0,-44.57142857142857,0.1214285714285714,0.3357142857142857,0.4928571428571429,1.3214285714285714,2.6642857142857146,2012-04-09,Printemps
5206,201215,41,LORRAINE,0.8518339768339769,193.21428571428572,3.340515796260477,284.8620535714286,280.4638392857143,76.875,22941.964285714286,77.08380069025021,4.472972972972973,1404.9461206896551,100070.444015444,281.3357142857143,288.05357142857144,279.2928571428571,6.159821428571428,-10.0,0.0,0.0,-45.0,0.05740025740025735,0.18908730158730155,0.3345238095238095,0.7571428571428571,1.5214285714285716,2012-04-09,Printemps
5207,201215,73,MIDI-PYRENEES,-5.625,223.3928571428571,3.5089285714285716,282.3669642857143,278.2267857142857,76.48214285714286,26359.756097560978,81.45569620253164,5.27536231884058,1110.12987012987,97365.80357142857,279.2892857142857,285.6714285714286,276.7928571428571,7.248214285714285,-10.0,0.0,0.0,-44.34782608695652,0.1473214285714285,0.4767857142857142,0.7428571428571429,1.907142857142857,2.935714285714286,2012-04-09,Printemps
5208,201215,31,NORD-PAS-DE-CALAIS,19.107142857142858,190.44642857142856,4.3875,280.65535714285716,277.54910714285717,81.75892857142857,20025.0,73.85185185185185,4.944444444444445,1197.2972972972973,99620.89285714286,278.0464285714286,283.4107142857143,276.22142857142853,7.6,-10.0,0.0,0.0,-44.189189189189186,0.1571428571428571,0.3017857142857142,0.5357142857142857,1.2571428571428571,2.657142857142857,2012-04-09,Printemps
5209,201215,52,PAYS-DE-LA-LOIRE,0.8518339768339769,193.21428571428572,3.340515796260477,284.8620535714286,280.4638392857143,76.875,22941.964285714286,77.08380069025021,4.472972972972973,1404.9461206896551,100070.444015444,281.3357142857143,288.05357142857144,279.2928571428571,6.159821428571428,-10.0,0.0,0.0,-45.0,0.05740025740025735,0.18908730158730155,0.3345238095238095,0.7571428571428571,1.5214285714285716,2012-04-09,Printemps
5210,201215,22,PICARDIE,19.107142857142858,190.44642857142856,4.3875,280.65535714285716,277.54910714285717,81.75892857142857,20025.0,73.85185185185185,4.944444444444445,1197.2972972972973,99620.89285714286,278.0464285714286,283.4107142857143,276.22142857142853,7.6,-10.0,0.0,0.0,-44.189189189189186,0.1571428571428571,0.3017857142857142,0.5357142857142857,1.2571428571428571,2.657142857142857,2012-04-09,Printemps
5211,201215,54,POITOU-CHARENTES,2.767857142857143,228.03571428571428,3.8428571428571425,282.07589285714283,277.17589285714286,73.61607142857143,26775.0,84.48051948051948,5.176470588235294,1091.3793103448277,98808.30357142857,278.1357142857143,285.57142857142856,276.07857142857137,7.027927927927928,-10.0,0.0,0.0,-44.11764705882353,0.0428571428571428,0.1660714285714286,0.3071428571428571,0.6571428571428571,1.3214285714285714,2012-04-09,Printemps
5212,201215,93,PROVENCE-ALPES-COTE-D-AZUR,0.8518339768339769,193.21428571428572,3.340515796260477,284.8620535714286,280.4638392857143,76.875,22941.964285714286,77.08380069025021,4.472972972972973,1404.9461206896551,100070.444015444,281.3357142857143,288.05357142857144,279.2928571428571,6.159821428571428,-10.0,0.0,0.0,-45.0,0.05740025740025735,0.18908730158730155,0.3345238095238095,0.7571428571428571,1.5214285714285716,2012-04-09,Printemps
5213,201215,11,ILE-DE-FRANCE,9.464285714285714,184.28571428571428,4.083928571428571,281.91785714285714,277.0857142857143,73.35714285714286,19732.14285714286,71.63636363636364,4.462962962962963,1471.428571428571,99326.25,278.7357142857143,284.82142857142856,276.0071428571428,7.730357142857143,-10.0,0.0,0.0,-45.55555555555556,0.0964285714285714,0.2607142857142857,0.5571428571428572,0.9714285714285714,2.0285714285714285,2012-04-09,Printemps
5214,201215,82,RHONE-ALPES,-14.464285714285714,226.25,4.542857142857143,282.39464285714286,277.4607142857143,73.48214285714286,23017.85714285714,86.16071428571429,5.12962962962963,1453.2727272727273,97559.64285714286,279.9142857142857,285.0142857142857,278.2928571428571,8.2375,-10.0,0.0,0.0,-45.27272727272727,0.3178571428571429,1.0142857142857142,2.4,3.899999999999999,5.785714285714286,2012-04-09,Printemps
5215,201214,42,ALSACE,4.017857142857143,182.5,2.8607142857142853,282.3294642857143,275.96696428571425,67.47321428571429,23919.64285714286,97.421875,4.472972972972973,1375.0,98677.5,278.15,286.0678571428571,275.8642857142857,5.424107142857143,-10.0,0.0,0.0,-45.0,0.0205357142857142,0.1053571428571428,0.0928571428571428,0.3928571428571428,0.8357142857142856,2012-04-02,Printemps
5216,201214,72,AQUITAINE,16.071428571428573,217.58928571428572,3.15625,284.6107142857143,279.5267857142857,73.33928571428571,21665.178571428572,75.64814814814815,5.741573033707865,1406.25,99723.48214285714,281.03214285714284,288.4,279.2928571428571,5.661607142857143,-10.0,0.0,0.0,-44.24242424242424,0.0678571428571428,0.4517857142857143,1.385714285714286,1.742857142857143,3.5785714285714287,2012-04-02,Printemps
5217,201214,83,AUVERGNE,7.857142857142857,134.46428571428572,2.15,283.1982142857143,278.0910714285714,72.82142857142857,17932.14285714286,70.45454545454545,5.3125,1291.0,97026.96428571428,279.4857142857143,286.92857142857144,277.8642857142857,4.832142857142857,-10.0,0.0,0.0,-44.716981132075475,0.0428571428571428,0.2321428571428571,0.3714285714285714,0.9571428571428572,1.8857142857142857,2012-04-02,Printemps
5218,201214,25,BASSE-NORMANDIE,-3.482142857142857,152.85714285714286,3.232142857142857,280.56607142857143,276.17410714285717,75.46428571428571,16225.0,70.63953488372093,4.520833333333333,1471.0526315789473,99848.39285714286,275.99285714285713,284.0857142857143,272.3642857142857,5.761607142857143,-10.0,0.0,0.0,-45.0,0.0035714285714285,0.0178571428571428,0.0571428571428571,0.0714285714285714,0.1142857142857143,2012-04-02,Printemps
5219,201214,26,BOURGOGNE,5.267857142857143,173.57142857142858,2.9785714285714286,283.1982142857143,275.7625,62.669642857142854,20078.571428571428,77.41935483870968,2.88,1721.5277777777778,98595.53571428572,278.36785714285713,287.33214285714286,275.65,5.527678571428572,-10.0,0.0,0.0,-45.0,0.01875,0.0999999999999999,0.0857142857142857,0.3714285714285714,0.7928571428571428,2012-04-02,Printemps
5220,201214,53,BRETAGNE,-0.7738095238095238,189.1071428571429,3.9345238095238098,281.6577380952381,277.49107142857144,76.66071428571429,18807.14285714286,73.17518248175182,5.046296296296297,892.8571428571429,100405.59523809524,278.0190476190476,284.62380952380954,273.5071428571428,6.989880952380952,-10.0,0.0,0.0,-45.0,0.0047619047619047,0.0226190476190476,0.0523809523809523,0.0904761904761904,0.1571428571428571,2012-04-02,Printemps
5221,201214,24,CENTRE,0.9821428571428572,145.08928571428572,3.0232142857142854,282.6928571428571,274.9017857142857,60.955357142857146,16509.821428571428,53.604651162790695,3.7794117647058822,2303.846153846154,99472.94642857143,277.325,286.9892857142857,274.22142857142853,5.792857142857143,-10.0,0.0,0.0,-45.0,0.0035714285714285,0.0124999999999999,0.0357142857142857,0.0499999999999999,0.0999999999999999,2012-04-02,Printemps
5222,201214,21,CHAMPAGNE-ARDENNE,0.5357142857142857,204.82142857142856,2.7821428571428575,281.31607142857143,274.69642857142856,66.30357142857143,13778.57142857143,51.53846153846154,3.782608695652174,2454.3478260869565,99575.89285714286,274.9642857142857,286.4142857142857,272.2928571428571,5.239285714285714,-10.0,0.0,0.0,-46.15384615384615,0.0,0.0107142857142857,0.0285714285714285,0.0428571428571428,0.0571428571428571,2012-04-02,Printemps
5223,201214,94,CORSE,-2.142857142857143,147.23214285714286,2.7803571428571425,287.31071428571425,283.40625,78.84821428571429,17447.321428571428,72.03703703703704,4.3,932.6923076923076,100667.76785714286,283.93928571428575,290.0107142857143,280.93571428571425,4.960714285714286,-10.0,0.0,0.0,-44.24242424242424,0.1214285714285714,0.4339285714285714,0.5785714285714285,1.7714285714285716,3.5714285714285716,2012-04-02,Printemps
5224,201214,43,FRANCHE-COMTE,5.089285714285714,223.06306306306303,2.6963963963963966,282.28214285714284,276.4223214285714,69.60714285714286,20142.85714285714,86.62650602409639,5.5,1476.2222222222222,97940.89285714286,278.5142857142857,285.93928571428575,276.22142857142853,5.089189189189189,-10.0,0.0,0.0,-43.125,0.0741071428571428,0.2696428571428571,0.4714285714285714,1.0785714285714283,2.1857142857142855,2012-04-02,Printemps
5225,201214,23,HAUTE-NORMANDIE,-7.142857142857143,179.55357142857142,4.4035714285714285,281.0098214285714,277.125,77.75892857142857,16389.583333333332,64.92957746478874,5.228070175438597,1732.571428571429,100135.53571428572,277.68571428571425,283.53214285714284,271.15,6.76875,-10.0,0.0,0.0,-43.84615384615385,0.0160714285714285,0.0357142857142857,0.0928571428571428,0.1357142857142857,0.1714285714285714,2012-04-02,Printemps
5226,201214,91,LANGUEDOC-ROUSSILLON,12.053571428571429,192.1428571428571,3.632142857142857,286.19642857142856,280.6357142857143,71.49107142857143,24399.10714285714,77.21621621621621,5.042105263157895,1388.3495145631068,99941.16071428572,282.8535714285714,289.1464285714286,281.3642857142857,6.178571428571429,-10.0,0.0,0.0,-43.46938775510204,0.1178571428571428,0.3232142857142857,1.042857142857143,1.2571428571428571,2.5500000000000003,2012-04-02,Printemps
5227,201214,74,LIMOUSIN,9.464285714285714,163.57142857142858,3.3249999999999997,282.9125,276.22767857142856,65.83928571428571,22701.785714285714,77.48351648351648,4.3125,1592.857142857143,97856.875,278.36785714285713,286.94642857142856,276.2928571428571,5.984821428571428,-10.0,0.0,0.0,-45.483870967741936,0.0232142857142857,0.1035714285714285,0.1714285714285714,0.4214285714285714,0.7857142857142857,2012-04-02,Printemps
5228,201214,41,LORRAINE,0.8518339768339769,193.21428571428572,3.340515796260477,284.8620535714286,280.4638392857143,76.875,22941.964285714286,77.08380069025021,4.472972972972973,1404.9461206896551,100070.444015444,281.3357142857143,288.05357142857144,279.2928571428571,6.159821428571428,-10.0,0.0,0.0,-45.0,0.05740025740025735,0.18908730158730155,0.3345238095238095,0.7571428571428571,1.5214285714285716,2012-04-02,Printemps
5229,201214,73,MIDI-PYRENEES,15.535714285714286,199.91071428571428,2.55625,283.9535714285714,279.2660714285714,74.5625,19309.52380952381,81.02409638554217,5.266666666666667,1401.26582278481,97620.625,280.325,287.20714285714286,277.8642857142857,5.054464285714286,-10.0,0.0,0.0,-43.81578947368421,0.06875,0.3035714285714285,0.6071428571428571,1.157142857142857,2.0714285714285716,2012-04-02,Printemps
5230,201214,31,NORD-PAS-DE-CALAIS,-10.803571428571429,162.67857142857142,3.133035714285714,280.325,275.8535714285714,75.08035714285714,15753.57142857143,69.63855421686748,5.027027027027027,2015.945945945946,100385.44642857143,276.6571428571429,283.26785714285717,275.0071428571428,5.309821428571429,-10.0,0.0,0.0,-44.23076923076923,0.0535714285714285,0.25625,0.1178571428571428,0.9821428571428572,1.9,2012-04-02,Printemps
5231,201214,52,PAYS-DE-LA-LOIRE,0.8518339768339769,193.21428571428572,3.340515796260477,284.8620535714286,280.4638392857143,76.875,22941.964285714286,77.08380069025021,4.472972972972973,1404.9461206896551,100070.444015444,281.3357142857143,288.05357142857144,279.2928571428571,6.159821428571428,-10.0,0.0,0.0,-45.0,0.05740025740025735,0.18908730158730155,0.3345238095238095,0.7571428571428571,1.5214285714285716,2012-04-02,Printemps
5232,201214,22,PICARDIE,-10.803571428571429,162.67857142857142,3.133035714285714,280.325,275.8535714285714,75.08035714285714,15753.57142857143,69.63855421686748,5.027027027027027,2015.945945945946,100385.44642857143,276.6571428571429,283.26785714285717,275.0071428571428,5.309821428571429,-10.0,0.0,0.0,-44.23076923076923,0.0535714285714285,0.25625,0.1178571428571428,0.9821428571428572,1.9,2012-04-02,Printemps
5233,201214,54,POITOU-CHARENTES,6.25,142.23214285714286,3.121428571428571,283.1723214285714,275.9160714285714,63.785714285714285,17760.714285714286,67.25,3.391304347826087,1828.7671232876712,99267.85714285714,277.76785714285717,287.82142857142856,275.2928571428571,5.747321428571429,-10.0,0.0,0.0,-45.42857142857143,0.0017857142857142,0.0321428571428571,0.0214285714285714,0.1285714285714286,0.2285714285714286,2012-04-02,Printemps
5234,201214,93,PROVENCE-ALPES-COTE-D-AZUR,0.8518339768339769,193.21428571428572,3.340515796260477,284.8620535714286,280.4638392857143,76.875,22941.964285714286,77.08380069025021,4.472972972972973,1404.9461206896551,100070.444015444,281.3357142857143,288.05357142857144,279.2928571428571,6.159821428571428,-10.0,0.0,0.0,-45.0,0.05740025740025735,0.18908730158730155,0.3345238095238095,0.7571428571428571,1.5214285714285716,2012-04-02,Printemps
5235,201214,11,ILE-DE-FRANCE,-2.857142857142857,149.10714285714286,3.1982142857142857,281.87321428571425,274.59464285714284,62.67857142857143,15966.07142857143,51.2037037037037,4.3023255813953485,2515.909090909091,99964.10714285714,276.62857142857143,285.9214285714286,273.2928571428571,5.985714285714286,-10.0,0.0,0.0,-45.0,0.0071428571428571,0.0249999999999999,0.0714285714285714,0.0999999999999999,0.1999999999999999,2012-04-02,Printemps
5236,201214,82,RHONE-ALPES,8.035714285714286,233.75,4.1535714285714285,284.6660714285714,278.62142857142857,68.48214285714286,16696.428571428572,63.92857142857143,4.666666666666667,1319.375,98017.85714285714,281.45,288.15000000000003,279.72142857142853,7.346428571428572,-10.0,0.0,0.0,-45.0,0.0714285714285714,0.3035714285714285,0.5142857142857143,1.1714285714285713,2.4,2012-04-02,Printemps
5237,201213,42,ALSACE,-26.517857142857142,175.71428571428572,3.9839285714285713,285.21517857142857,274.46964285714284,50.9375,30553.571428571428,95.55555555555556,4.472972972972973,1180.5555555555557,100045.44642857143,279.3392857142857,290.30357142857144,275.7928571428571,6.971428571428571,-10.0,0.0,0.0,-45.0,0.0,0.0,0.0,0.0,0.0,2012-03-26,Printemps
5238,201213,72,AQUITAINE,-26.875,133.66071428571428,2.9696428571428575,288.9267857142857,277.43839285714284,49.669642857142854,26125.0,6.842105263157895,0.4411764705882353,6163.636363636364,100757.23214285714,280.93928571428575,295.3178571428571,277.57857142857137,5.492857142857143,-10.0,0.0,0.0,-44.21052631578947,0.0,0.0,0.0,0.0,0.0,2012-03-26,Printemps
5239,201213,83,AUVERGNE,-26.181818181818183,167.0909090909091,2.0854545454545454,284.6390909090909,276.38272727272727,59.6,21181.81818181818,11.320754716981131,1.7222222222222223,5022.222222222223,98325.81818181818,277.43571428571425,290.67857142857144,274.43571428571425,4.590909090909091,-10.0,0.0,0.0,-44.716981132075475,0.0,0.0,0.0,0.0,0.0,2012-03-26,Printemps
5240,201213,25,BASSE-NORMANDIE,-27.053571428571427,129.9099099099099,3.215315315315315,283.23839285714286,277.70714285714286,71.58035714285714,12877.727272727272,36.53968253968254,0.8823529411764706,5450.0,101328.75,277.3892857142857,287.9142857142857,274.65,5.713392857142857,-10.0,0.0,0.0,-44.72727272727273,0.0035714285714285,0.0071428571428571,0.0142857142857142,0.0285714285714285,0.0571428571428571,2012-03-26,Printemps
5241,201213,26,BOURGOGNE,-26.25,109.73214285714286,3.978571428571428,286.2214285714286,275.3205357142857,50.973214285714285,23428.571428571428,29.193548387096776,0.125,5602.380952380952,99936.60714285714,280.17857142857144,291.03214285714284,276.2928571428571,6.991071428571429,-10.0,0.0,0.0,-45.0,0.0,0.0,0.0,0.0,0.0,2012-03-26,Printemps
5242,201213,53,BRETAGNE,-25.952380952380953,96.13095238095238,3.9309523809523808,284.3880952380952,279.29107142857146,73.9702380952381,11679.141104294478,36.48648648648648,3.5344827586206895,2655.084745762712,101782.91666666669,279.42857142857144,288.68571428571425,274.72142857142853,6.615476190476191,-10.0,0.0,0.0,-45.0,0.0023952095808383,0.0047904191616766,0.0097560975609756,0.0195121951219512,0.0,2012-03-26,Printemps
5243,201213,24,CENTRE,-26.607142857142858,63.125,3.8294642857142858,286.2973214285714,276.06160714285716,53.526785714285715,16928.571428571428,22.764705882352946,1.0975609756097562,6048.863636363636,100887.23214285714,280.1607142857143,291.1142857142857,276.93571428571425,7.038738738738739,-10.0,0.0,0.0,-45.18072289156626,0.0,0.0,0.0,0.0,0.0,2012-03-26,Printemps
5244,201213,21,CHAMPAGNE-ARDENNE,-26.25,203.92857142857144,3.0982142857142856,284.45,275.75714285714287,59.17857142857143,15085.714285714286,35.357142857142854,1.3333333333333333,6487.5,101038.75,278.0214285714286,290.3071428571428,275.2928571428571,5.916071428571429,-10.0,0.0,0.0,-45.0,0.0,0.0,0.0,0.0,0.0,2012-03-26,Printemps
5245,201213,94,CORSE,-26.964285714285715,149.19642857142858,2.7232142857142856,286.6035714285714,280.63125,69.23214285714286,19312.5,17.766990291262136,2.25,1684.0,101636.60714285714,281.4428571428571,290.25,277.93571428571425,4.330357142857143,-10.0,0.0,0.0,-44.4,0.0,0.0017857142857142,0.0,0.0071428571428571,0.0142857142857142,2012-03-26,Printemps
5246,201213,43,FRANCHE-COMTE,-26.216216216216218,208.75,3.539285714285714,284.5464285714286,274.48125,53.410714285714285,25875.0,39.80392156862745,1.4883720930232558,3653.125,99276.07142857143,277.62142857142857,290.35714285714283,273.65,6.29375,-10.0,0.0,0.0,-43.125,0.0,0.0,0.0,0.0,0.0,2012-03-26,Printemps
5247,201213,23,HAUTE-NORMANDIE,-27.857142857142858,86.16071428571429,4.41875,283.21517857142857,278.2285714285714,73.91071428571429,12181.25,37.82608695652174,2.4130434782608696,4339.803921568628,101663.92857142857,279.35714285714283,286.56071428571425,274.0071428571428,6.772321428571429,-10.0,0.0,0.0,-45.0,0.0017857142857142,0.0035714285714285,0.0071428571428571,0.0142857142857142,0.0285714285714285,2012-03-26,Printemps
5248,201213,91,LANGUEDOC-ROUSSILLON,-22.685185185185187,210.27027027027023,3.033333333333333,288.93108108108106,277.48783783783784,49.73873873873874,31372.972972972973,5.923913043478261,1.2173913043478262,4293.181818181818,100935.67567567568,281.6464285714286,294.36428571428576,278.22142857142853,5.320720720720721,-10.0,0.0,0.0,-44.31818181818182,0.0,0.0018181818181818,0.0,0.0074074074074074,0.0153846153846153,2012-03-26,Printemps
5249,201213,74,LIMOUSIN,-27.946428571428573,60.44642857142857,4.375892857142857,286.74642857142857,275.83035714285717,50.875,26169.64285714286,15.625,0.4090909090909091,6000.0,99101.33928571428,280.7214285714286,291.975,278.5071428571428,7.3133928571428575,-10.0,0.0,0.0,-45.38461538461539,0.0,0.0,0.0,0.0,0.0,2012-03-26,Printemps
5250,201213,41,LORRAINE,0.8518339768339769,193.21428571428572,3.340515796260477,284.8620535714286,280.4638392857143,76.875,22941.964285714286,77.08380069025021,4.472972972972973,1404.9461206896551,100070.444015444,281.3357142857143,288.05357142857144,279.2928571428571,6.159821428571428,-10.0,0.0,0.0,-45.0,0.05740025740025735,0.18908730158730155,0.3345238095238095,0.7571428571428571,1.5214285714285716,2012-03-26,Printemps
5251,201213,73,MIDI-PYRENEES,-26.428571428571427,195.0,2.31875,287.52767857142857,276.675,51.767857142857146,30679.012345679013,7.426470588235294,1.25,3822.0,98632.14285714286,279.31071428571425,293.78214285714284,274.22142857142853,4.879464285714286,-10.0,0.0,0.0,-43.63636363636363,0.0,0.0,0.0,0.0,0.0,2012-03-26,Printemps
5252,201213,31,NORD-PAS-DE-CALAIS,-29.107142857142858,83.51351351351352,3.550892857142857,282.7348214285714,277.13125,70.67857142857143,16727.678571428572,37.10843373493976,2.338709677419355,4538.135593220339,101965.53571428572,277.85714285714283,287.2357142857143,275.57857142857137,5.825892857142857,-10.0,0.0,0.0,-44.23076923076923,0.0,0.0,0.0,0.0,0.0,2012-03-26,Printemps
5253,201213,52,PAYS-DE-LA-LOIRE,0.8518339768339769,193.21428571428572,3.340515796260477,284.8620535714286,280.4638392857143,76.875,22941.964285714286,77.08380069025021,4.472972972972973,1404.9461206896551,100070.444015444,281.3357142857143,288.05357142857144,279.2928571428571,6.159821428571428,-10.0,0.0,0.0,-45.0,0.05740025740025735,0.18908730158730155,0.3345238095238095,0.7571428571428571,1.5214285714285716,2012-03-26,Printemps
5254,201213,22,PICARDIE,-29.107142857142858,83.51351351351352,3.550892857142857,282.7348214285714,277.13125,70.67857142857143,16727.678571428572,37.10843373493976,2.338709677419355,4538.135593220339,101965.53571428572,277.85714285714283,287.2357142857143,275.57857142857137,5.825892857142857,-10.0,0.0,0.0,-44.23076923076923,0.0,0.0,0.0,0.0,0.0,2012-03-26,Printemps
5255,201213,54,POITOU-CHARENTES,-26.785714285714285,62.5,3.684821428571429,286.56607142857143,276.34464285714284,53.660714285714285,19660.714285714286,20.93220338983051,0.1428571428571428,6272.727272727273,100582.58928571428,279.7892857142857,292.0571428571429,277.0071428571428,6.650892857142857,-10.0,0.0,0.0,-45.0,0.0,0.0,0.0,0.0,0.0,2012-03-26,Printemps
5256,201213,93,PROVENCE-ALPES-COTE-D-AZUR,0.8518339768339769,193.21428571428572,3.340515796260477,284.8620535714286,280.4638392857143,76.875,22941.964285714286,77.08380069025021,4.472972972972973,1404.9461206896551,100070.444015444,281.3357142857143,288.05357142857144,279.2928571428571,6.159821428571428,-10.0,0.0,0.0,-45.0,0.05740025740025735,0.18908730158730155,0.3345238095238095,0.7571428571428571,1.5214285714285716,2012-03-26,Printemps
5257,201213,11,ILE-DE-FRANCE,-26.785714285714285,62.142857142857146,4.196428571428571,285.6660714285714,276.16785714285714,55.857142857142854,17339.285714285714,20.363636363636363,1.72,5982.0,101447.5,279.56428571428575,290.5857142857143,276.0071428571428,7.4,-10.0,0.0,0.0,-45.27272727272727,0.0,0.0,0.0,0.0,0.0,2012-03-26,Printemps
5258,201213,82,RHONE-ALPES,-24.642857142857142,280.17857142857144,3.4732142857142856,286.3339285714286,276.6732142857143,54.339285714285715,18035.714285714286,7.545454545454546,1.0,6150.0,99223.03571428572,280.4714285714286,291.55,277.2928571428571,6.446428571428571,-10.0,0.0,0.0,-45.27272727272727,0.0,0.0,0.0,0.0,0.0,2012-03-26,Printemps
5259,201212,42,ALSACE,12.053571428571429,186.69642857142856,3.0089285714285716,283.7080357142857,275.7642857142857,61.1875,16216.07142857143,95.43478260869566,4.472972972972973,1122.5,100563.125,277.0285714285714,288.4428571428571,274.15,5.108035714285714,-10.0,0.0,0.0,-45.0,0.0036036036036036,0.0162162162162162,0.2296296296296296,0.2518518518518518,1.9,2012-03-19,Printemps
5260,201212,72,AQUITAINE,-1.1607142857142858,152.32142857142858,3.2348214285714287,284.2892857142857,277.8964285714286,68.8125,22937.5,47.728155339805824,3.724637681159421,1678.1159420289855,101390.53571428572,279.1142857142857,287.95,276.8642857142857,6.183035714285714,-10.0,0.0,0.0,-44.08163265306123,0.0594594594594594,0.1981981981981982,0.1925925925925926,0.8214285714285714,2.414285714285714,2012-03-19,Printemps
5261,201212,83,AUVERGNE,7.321428571428571,154.10714285714286,1.405357142857143,282.3910714285714,276.56607142857143,69.91071428571429,19053.571428571428,51.509433962264154,4.628571428571429,2020.8333333333333,98838.75,276.9785714285714,286.6142857142857,275.15,3.4660714285714285,-10.0,0.0,0.0,-44.705882352941174,0.0321428571428571,0.0571428571428571,0.0571428571428571,0.2,0.4857142857142857,2012-03-19,Printemps
5262,201212,25,BASSE-NORMANDIE,13.303571428571429,142.5,2.542857142857143,282.96160714285713,277.5,71.51785714285714,13481.25,48.578947368421055,2.136363636363636,4013.725490196078,101693.125,276.73214285714283,287.2714285714286,273.2928571428571,4.627678571428571,-10.0,0.0,0.0,-46.8421052631579,0.0,0.0017857142857142,0.0285714285714285,0.0285714285714285,0.5785714285714285,2012-03-19,Printemps
5263,201212,26,BOURGOGNE,9.821428571428571,151.16071428571428,2.975,284.28839285714287,276.16339285714287,60.910714285714285,15240.17857142857,61.19565217391305,2.65,1625.1351351351352,100434.64285714286,277.50714285714287,288.51428571428573,274.2928571428571,5.072321428571429,-10.0,0.0,0.0,-45.0,0.0089285714285714,0.0303571428571428,0.2,0.2928571428571428,1.4714285714285715,2012-03-19,Printemps
5264,201212,53,BRETAGNE,7.142857142857143,145.17857142857142,3.0017857142857145,283.75714285714287,278.9863095238095,74.82738095238095,17050.602409638555,56.36923076923077,3.3369565217391304,2545.5172413793102,102105.0,279.1642857142857,287.25,274.07857142857137,5.539880952380953,-10.0,0.0,0.0,-43.95348837209303,0.0035714285714285,0.013095238095238,0.0238095238095238,0.0428571428571428,0.8071428571428572,2012-03-19,Printemps
5265,201212,24,CENTRE,12.767857142857142,121.875,2.7589285714285716,284.56607142857143,276.1196428571429,60.00892857142857,13977.67857142857,28.571428571428573,2.0681818181818183,3498.5416666666665,101335.35714285714,277.89285714285717,288.9642857142857,274.5071428571428,5.234821428571428,-10.0,0.0,0.0,-45.0,0.0089285714285714,0.0375,0.1285714285714286,0.2214285714285714,0.7571428571428571,2012-03-19,Printemps
5266,201212,21,CHAMPAGNE-ARDENNE,16.666666666666668,217.8181818181818,2.4363636363636365,282.62454545454545,276.07363636363635,67.41818181818182,9410.90909090909,29.814814814814813,1.9333333333333331,5016.666666666667,101463.63636363635,275.30384615384617,288.2730769230769,273.0071428571428,4.3,-10.0,0.0,0.0,-45.55555555555556,0.0654545454545454,0.1962962962962963,0.2571428571428572,0.8923076923076922,2.55,2012-03-19,Printemps
5267,201212,94,CORSE,2.142857142857143,155.08928571428572,2.7375000000000003,285.99821428571425,279.26785714285717,68.0,19895.535714285714,56.63636363636363,2.4591836734693877,1984.6153846153843,102440.80357142857,281.21785714285716,289.625,278.0071428571428,4.896428571428571,-10.0,0.0,0.0,-43.84615384615385,0.0999999999999999,0.2142857142857142,0.3,0.8428571428571427,1.6714285714285713,2012-03-19,Printemps
5268,201212,43,FRANCHE-COMTE,10.714285714285714,203.30357142857144,2.408035714285714,282.87589285714284,275.92857142857144,65.60714285714286,14410.714285714286,50.07936507936508,2.1818181818181817,1234.1025641025642,99802.41071428572,276.0107142857143,287.49285714285713,272.8642857142857,4.328571428571428,-10.0,0.0,0.0,-44.65116279069768,0.0017857142857142,0.0160714285714285,0.2214285714285714,0.2357142857142857,1.3571428571428572,2012-03-19,Printemps
5269,201212,23,HAUTE-NORMANDIE,14.553571428571429,128.57142857142858,3.8482142857142856,283.275,278.9419642857143,76.70535714285714,12025.263157894737,41.48529411764706,2.6122448979591835,3950.0,101995.98214285714,279.1464285714286,285.8857142857143,272.57857142857137,5.833928571428571,-10.0,0.0,0.0,-45.0,0.0,0.0035714285714285,0.0071428571428571,0.0142857142857142,0.0285714285714285,2012-03-19,Printemps
5270,201212,91,LANGUEDOC-ROUSSILLON,-0.4672897196261682,173.42342342342343,3.497297297297297,284.7815315315315,278.1518018018018,66.3963963963964,29013.513513513513,56.431372549019606,3.943661971830986,1863.205128205128,101650.09009009007,279.8285714285714,288.2964285714286,277.7928571428571,6.409009009009009,-10.0,0.0,0.0,-42.5,0.0522522522522522,0.1171171171171171,0.0714285714285714,0.4785714285714286,0.95,2012-03-19,Printemps
5271,201212,74,LIMOUSIN,7.857142857142857,123.48214285714286,2.9642857142857144,283.9348214285714,275.8178571428571,61.357142857142854,23267.85714285714,61.973684210526315,4.297297297297297,2078.6,99629.28571428572,278.7785714285714,287.2785714285714,276.7928571428571,5.387387387387387,-10.0,0.0,0.0,-44.0625,0.0144144144144144,0.0306306306306306,0.1714285714285714,0.1928571428571428,1.042857142857143,2012-03-19,Printemps
5272,201212,41,LORRAINE,0.8518339768339769,193.21428571428572,3.340515796260477,284.8620535714286,280.4638392857143,76.875,22941.964285714286,77.08380069025021,4.472972972972973,1404.9461206896551,100070.444015444,281.3357142857143,288.05357142857144,279.2928571428571,6.159821428571428,-10.0,0.0,0.0,-45.0,0.05740025740025735,0.18908730158730155,0.3345238095238095,0.7571428571428571,1.5214285714285716,2012-03-19,Printemps
5273,201212,73,MIDI-PYRENEES,-2.9464285714285716,173.30357142857142,2.5910714285714285,282.88392857142856,277.06428571428575,70.95535714285714,24969.51219512195,55.142857142857146,4.388888888888889,1528.9830508474577,99221.16071428572,277.7785714285714,286.46785714285716,274.5071428571428,5.591964285714286,-10.0,0.0,0.0,-43.15068493150685,0.0892857142857142,0.2303571428571428,0.1071428571428571,0.9428571428571428,2.121428571428571,2012-03-19,Printemps
5274,201212,31,NORD-PAS-DE-CALAIS,17.92792792792793,144.32432432432432,2.8756756756756756,283.0878378378378,277.78513513513514,72.47747747747748,11134.234234234234,24.950617283950617,1.9215686274509804,4194.130434782609,102333.6936936937,277.0907407407407,287.35370370370373,275.0071428571428,4.645045045045046,-10.0,0.0,0.0,-43.37837837837838,0.0,0.0,0.0,0.0,0.0,2012-03-19,Printemps
5275,201212,52,PAYS-DE-LA-LOIRE,0.8518339768339769,193.21428571428572,3.340515796260477,284.8620535714286,280.4638392857143,76.875,22941.964285714286,77.08380069025021,4.472972972972973,1404.9461206896551,100070.444015444,281.3357142857143,288.05357142857144,279.2928571428571,6.159821428571428,-10.0,0.0,0.0,-45.0,0.05740025740025735,0.18908730158730155,0.3345238095238095,0.7571428571428571,1.5214285714285716,2012-03-19,Printemps
5276,201212,22,PICARDIE,17.92792792792793,144.32432432432432,2.8756756756756756,283.0878378378378,277.78513513513514,72.47747747747748,11134.234234234234,24.950617283950617,1.9215686274509804,4194.130434782609,102333.6936936937,277.0907407407407,287.35370370370373,275.0071428571428,4.645045045045046,-10.0,0.0,0.0,-43.37837837837838,0.0,0.0,0.0,0.0,0.0,2012-03-19,Printemps
5277,201212,54,POITOU-CHARENTES,8.75,126.07142857142856,2.6348214285714286,284.225,276.71785714285716,64.14285714285714,16718.75,51.21212121212121,3.4054054054054053,2167.3333333333335,101084.55357142857,277.6392857142857,288.5142857142857,275.15,4.858928571428572,-10.0,0.0,0.0,-44.21052631578947,0.0124999999999999,0.0410714285714285,0.1071428571428571,0.1999999999999999,1.1428571428571428,2012-03-19,Printemps
5278,201212,93,PROVENCE-ALPES-COTE-D-AZUR,0.8518339768339769,193.21428571428572,3.340515796260477,284.8620535714286,280.4638392857143,76.875,22941.964285714286,77.08380069025021,4.472972972972973,1404.9461206896551,100070.444015444,281.3357142857143,288.05357142857144,279.2928571428571,6.159821428571428,-10.0,0.0,0.0,-45.0,0.05740025740025735,0.18908730158730155,0.3345238095238095,0.7571428571428571,1.5214285714285716,2012-03-19,Printemps
5279,201212,11,ILE-DE-FRANCE,15.892857142857142,123.75,2.810714285714286,284.49642857142857,275.82142857142856,58.57142857142857,14732.142857142857,20.64814814814815,1.5833333333333333,4996.0,101855.35714285714,277.99285714285713,288.9714285714286,274.0071428571428,5.446428571428571,-10.0,0.0,0.0,-45.0,0.0,0.0178571428571428,0.2142857142857142,0.2142857142857142,0.4857142857142857,2012-03-19,Printemps
5280,201212,82,RHONE-ALPES,4.285714285714286,210.0,2.058928571428571,284.57142857142856,277.7857142857143,65.60714285714286,15166.07142857143,55.54545454545455,2.9347826086956523,3359.0476190476193,99811.78571428572,279.57142857142856,288.1357142857143,277.2928571428571,4.119642857142857,-10.0,0.0,0.0,-44.72727272727273,0.0285714285714285,0.0928571428571428,0.1571428571428571,0.3285714285714286,3.814285714285714,2012-03-19,Printemps
5281,201211,42,ALSACE,-18.035714285714285,179.19642857142858,3.182142857142857,282.9017857142857,276.1035714285714,66.51785714285714,17298.214285714286,96.30434782608695,4.472972972972973,1024.0,100292.67857142857,276.9535714285714,288.3892857142857,274.15,5.565178571428571,-10.0,0.0,0.0,-45.0,0.1589285714285714,0.3357142857142857,0.4714285714285714,1.157142857142857,1.0214285714285716,2012-03-12,Printemps
5282,201211,72,AQUITAINE,-7.857142857142857,180.71428571428572,3.251785714285714,284.8901785714286,278.52232142857144,69.02678571428571,17230.35714285714,42.42156862745098,3.2580645161290325,2973.793103448276,101186.33928571428,279.0,290.73214285714283,276.65,5.991071428571429,-10.0,0.0,0.0,-43.723404255319146,0.0285714285714285,0.1732142857142857,0.3571428571428571,0.6785714285714286,0.5,2012-03-12,Printemps
5283,201211,83,AUVERGNE,-12.678571428571429,194.1071428571429,3.4642857142857144,284.7160714285714,275.6017857142857,57.339285714285715,27321.428571428572,30.892857142857142,2.310344827586207,4027.777777777778,98553.75,278.37857142857143,290.60714285714283,276.0071428571428,6.857142857142857,-10.0,0.0,0.0,-45.0,0.0178571428571428,0.1285714285714286,0.0,0.5142857142857143,0.9285714285714286,2012-03-12,Printemps
5284,201211,25,BASSE-NORMANDIE,-20.267857142857142,160.44642857142858,2.442857142857143,280.90267857142857,278.57589285714283,86.45535714285714,9055.670103092783,76.11627906976744,5.3125,1412.4657534246576,101243.66071428572,276.87857142857143,284.85,274.65,4.547321428571428,-10.0,0.0,0.0,-46.0,0.0910714285714285,0.2017857142857142,0.3928571428571428,0.7785714285714286,1.0642857142857145,2012-03-12,Printemps
5285,201211,26,BOURGOGNE,-17.053571428571427,153.66071428571428,3.382142857142857,284.0991071428571,277.45714285714286,67.32142857142857,15271.42857142857,62.61363636363637,2.8666666666666667,2761.5151515151515,100145.44642857143,278.1928571428572,289.4535714285714,275.57857142857137,5.875,-10.0,0.0,0.0,-45.0,0.1375,0.3589285714285714,0.5,1.2357142857142858,1.542857142857143,2012-03-12,Printemps
5286,201211,53,BRETAGNE,-16.726190476190474,169.76190476190476,3.2214285714285715,281.802380952381,279.572619047619,87.0297619047619,8913.392857142857,78.61194029850746,5.878048780487805,837.8301886792453,101673.45238095238,278.50476190476195,284.9190476190476,274.93571428571425,5.767857142857143,-10.0,0.0,0.0,-45.0,0.0535714285714285,0.2166666666666666,0.3523809523809524,0.8761904761904761,1.3214285714285714,2012-03-12,Printemps
5287,201211,24,CENTRE,-20.089285714285715,145.0,2.867857142857143,284.1723214285714,278.5883928571429,72.0,11233.92857142857,47.19101123595506,3.173076923076923,3940.8064516129034,100964.10714285714,278.6607142857143,289.2107142857143,275.7928571428571,5.401785714285714,-10.0,0.0,0.0,-45.2,0.0285714285714285,0.125,0.3071428571428571,0.4428571428571429,0.5642857142857143,2012-03-12,Printemps
5288,201211,21,CHAMPAGNE-ARDENNE,-19.59183673469388,194.6938775510204,2.806122448979592,282.7173469387755,278.10102040816327,75.89795918367346,9034.69387755102,42.58620689655172,3.125,3905.0,101111.63265306124,276.41923076923075,287.1269230769231,273.8642857142857,5.330612244897959,-10.0,0.0,0.0,-44.44444444444444,0.0979591836734693,0.1708333333333333,0.0999999999999999,0.5384615384615384,0.5142857142857142,2012-03-12,Printemps
5289,201211,94,CORSE,7.678571428571429,153.30357142857142,2.5669642857142856,284.5455357142857,279.8857142857143,74.65178571428571,21404.464285714286,34.42857142857143,3.194029850746269,2080.8695652173915,102405.71428571428,279.46785714285716,287.8857142857143,276.72142857142853,4.3098214285714285,-10.0,0.0,0.0,-44.11764705882353,0.0,0.0017857142857142,0.0,0.0071428571428571,0.0142857142857142,2012-03-12,Printemps
5290,201211,43,FRANCHE-COMTE,-16.517857142857142,191.07142857142856,2.8723214285714285,282.6303571428571,276.01785714285717,67.08928571428571,16525.89285714286,59.27777777777778,3.1923076923076925,1507.741935483871,99560.98214285714,276.4535714285714,288.2392857142857,272.93571428571425,5.15625,-10.0,0.0,0.0,-44.25,0.1339285714285714,0.2875,0.2428571428571428,0.9785714285714284,1.0357142857142858,2012-03-12,Printemps
5291,201211,23,HAUTE-NORMANDIE,-20.892857142857142,150.625,4.066964285714286,281.45,279.4625,88.38392857142857,7644.897959183673,75.1625,5.42,1313.0882352941176,101497.85714285714,278.7607142857143,284.17857142857144,273.8642857142857,6.426785714285714,-10.0,0.0,0.0,-44.44444444444444,0.0339285714285714,0.1035714285714285,0.2785714285714286,0.4142857142857142,0.8428571428571429,2012-03-12,Printemps
5292,201211,91,LANGUEDOC-ROUSSILLON,-0.9009009009009008,189.28571428571428,3.7401785714285714,285.34732142857143,278.98035714285714,68.65178571428571,22826.785714285714,47.62,4.4,2316.3076923076924,101521.51785714286,280.4035714285714,289.6464285714286,278.5071428571428,6.300892857142857,-10.0,0.0,0.0,-43.63636363636363,0.009009009009009,0.0306306306306306,0.0,0.1259259259259259,0.2461538461538461,2012-03-12,Printemps
5293,201211,74,LIMOUSIN,-14.017857142857142,132.94642857142858,4.050892857142857,284.5571428571429,277.5366071428571,66.42857142857143,24035.714285714286,53.857142857142854,3.1142857142857143,2937.0833333333335,99310.44642857143,279.5857142857143,289.38214285714287,277.7928571428571,6.995535714285714,-10.0,0.0,0.0,-44.34782608695652,0.0428571428571428,0.1339285714285714,0.15,0.4714285714285714,0.2857142857142857,2012-03-12,Printemps
5294,201211,41,LORRAINE,0.8518339768339769,193.21428571428572,3.340515796260477,284.8620535714286,280.4638392857143,76.875,22941.964285714286,77.08380069025021,4.472972972972973,1404.9461206896551,100070.444015444,281.3357142857143,288.05357142857144,279.2928571428571,6.159821428571428,-10.0,0.0,0.0,-45.0,0.05740025740025735,0.18908730158730155,0.3345238095238095,0.7571428571428571,1.5214285714285716,2012-03-12,Printemps
5295,201211,73,MIDI-PYRENEES,-4.375,174.01785714285714,2.6732142857142853,284.7142857142857,277.59464285714284,65.60714285714286,23515.66265060241,33.266666666666666,3.2142857142857144,3293.3333333333335,99078.75,278.00714285714287,290.39285714285717,274.2928571428571,5.53125,-10.0,0.0,0.0,-42.72727272727273,0.0160714285714285,0.0714285714285714,0.0285714285714285,0.3214285714285714,0.3857142857142857,2012-03-12,Printemps
5296,201211,31,NORD-PAS-DE-CALAIS,-22.142857142857142,180.8928571428571,3.1473214285714284,281.57589285714283,278.93035714285713,84.53571428571429,7688.839285714285,64.40243902439025,5.476923076923077,1840.952380952381,101815.17857142857,278.2892857142857,284.85714285714283,276.93571428571425,5.350892857142857,-10.0,0.0,0.0,-43.15068493150685,0.0142857142857142,0.0499999999999999,0.1357142857142857,0.1857142857142857,0.3714285714285714,2012-03-12,Printemps
5297,201211,52,PAYS-DE-LA-LOIRE,0.8518339768339769,193.21428571428572,3.340515796260477,284.8620535714286,280.4638392857143,76.875,22941.964285714286,77.08380069025021,4.472972972972973,1404.9461206896551,100070.444015444,281.3357142857143,288.05357142857144,279.2928571428571,6.159821428571428,-10.0,0.0,0.0,-45.0,0.05740025740025735,0.18908730158730155,0.3345238095238095,0.7571428571428571,1.5214285714285716,2012-03-12,Printemps
5298,201211,22,PICARDIE,-22.142857142857142,180.8928571428571,3.1473214285714284,281.57589285714283,278.93035714285713,84.53571428571429,7688.839285714285,64.40243902439025,5.476923076923077,1840.952380952381,101815.17857142857,278.2892857142857,284.85714285714283,276.93571428571425,5.350892857142857,-10.0,0.0,0.0,-43.15068493150685,0.0142857142857142,0.0499999999999999,0.1357142857142857,0.1857142857142857,0.3714285714285714,2012-03-12,Printemps
5299,201211,54,POITOU-CHARENTES,-16.875,132.5,3.367857142857143,284.3723214285714,278.6848214285714,71.6875,14629.464285714286,52.23880597014925,3.2,2716.9767441860463,100747.05357142857,278.4142857142857,289.6357142857143,276.3642857142857,5.929464285714286,-10.0,0.0,0.0,-45.0,0.0375,0.1732142857142857,0.3,0.6214285714285713,0.5357142857142857,2012-03-12,Printemps
5300,201211,93,PROVENCE-ALPES-COTE-D-AZUR,0.8518339768339769,193.21428571428572,3.340515796260477,284.8620535714286,280.4638392857143,76.875,22941.964285714286,77.08380069025021,4.472972972972973,1404.9461206896551,100070.444015444,281.3357142857143,288.05357142857144,279.2928571428571,6.159821428571428,-10.0,0.0,0.0,-45.0,0.05740025740025735,0.18908730158730155,0.3345238095238095,0.7571428571428571,1.5214285714285716,2012-03-12,Printemps
5301,201211,11,ILE-DE-FRANCE,-22.5,153.92857142857142,2.6357142857142857,283.4660714285714,278.81428571428575,75.42857142857143,10428.57142857143,45.0,3.297297297297298,4273.684210526316,101439.28571428572,278.5285714285714,288.1714285714286,274.72142857142853,5.0928571428571425,-10.0,0.0,0.0,-45.27272727272727,0.0214285714285714,0.0392857142857142,0.0571428571428571,0.0857142857142857,0.0857142857142857,2012-03-12,Printemps
5302,201211,82,RHONE-ALPES,-7.857142857142857,193.57142857142856,3.5214285714285714,284.48035714285714,276.8267857142857,62.82142857142857,16435.714285714286,23.660714285714285,2.1538461538461537,4186.0,99621.96428571428,278.93571428571425,289.4785714285714,276.8642857142857,6.778571428571429,-10.0,0.0,0.0,-45.0,0.1535714285714285,0.3999999999999999,1.5,1.5714285714285714,0.0,2012-03-12,Printemps
5303,201210,42,ALSACE,30.178571428571427,196.69642857142856,3.375,278.69910714285714,273.2080357142857,69.52678571428571,23620.535714285714,96.72413793103448,4.472972972972973,1112.0967741935483,100632.85714285714,274.85714285714283,281.825,272.15,6.202678571428572,-10.0,0.0,0.0,-45.0,0.0375,0.0857142857142857,0.3214285714285714,0.5142857142857143,0.9857142857142857,2012-03-05,Printemps
5304,201210,72,AQUITAINE,4.642857142857143,251.69642857142856,3.8705357142857144,280.4660714285714,273.9330357142857,66.03571428571429,26553.571428571428,43.7,2.8333333333333335,2190.0,101926.69642857143,274.99642857142857,284.4321428571429,272.7928571428571,6.7562500000000005,-10.0,0.0,0.0,-44.08163265306123,0.0053571428571428,0.0142857142857142,0.1071428571428571,0.15,0.7571428571428571,2012-03-05,Printemps
5305,201210,83,AUVERGNE,19.821428571428573,215.0,3.442857142857143,278.6660714285714,272.9017857142857,68.01785714285714,19946.428571428572,64.82142857142857,4.673076923076923,1615.3846153846157,99061.60714285714,274.90714285714284,281.8,273.0071428571428,6.8875,-10.0,0.0,0.0,-45.27272727272727,0.0035714285714285,0.0214285714285714,0.0714285714285714,0.1285714285714286,0.3428571428571428,2012-03-05,Printemps
5306,201210,25,BASSE-NORMANDIE,23.839285714285715,231.42857142857144,3.838392857142857,279.2839285714286,276.21785714285716,81.48214285714286,19789.285714285714,70.74285714285715,4.672131147540983,1058.3783783783783,101857.23214285714,275.93928571428575,281.8607142857143,273.72142857142853,6.550450450450451,-10.0,0.0,0.0,-46.607142857142854,0.0396396396396396,0.0972972972972973,0.0285714285714285,0.3785714285714285,1.635714285714286,2012-03-05,Printemps
5307,201210,26,BOURGOGNE,25.357142857142858,185.08928571428572,3.425892857142857,278.7267857142857,274.05892857142857,73.92857142857143,19038.39285714286,83.28125,4.461538461538462,1252.3188405797102,100646.875,274.74285714285713,281.8642857142857,272.0071428571428,6.0303571428571425,-10.0,0.0,0.0,-44.44444444444444,0.025,0.0821428571428571,0.4571428571428572,0.5142857142857143,1.2142857142857142,2012-03-05,Printemps
5308,201210,53,BRETAGNE,15.209580838323353,247.4251497005988,3.6790419161676646,281.0679640718563,277.6931137724551,80.4311377245509,19293.373493975905,78.43939393939394,5.303921568627451,965.8992805755396,102505.38922155688,278.07142857142856,283.52142857142854,273.43571428571425,6.713772455089821,-10.0,0.0,0.0,-45.0,0.0287425149700598,0.0662650602409638,0.195,0.2585365853658536,1.7846153846153845,2012-03-05,Printemps
5309,201210,24,CENTRE,25.892857142857142,229.1071428571429,3.1107142857142853,279.5267857142857,275.28035714285716,76.02678571428571,16489.285714285714,72.55319148936171,4.730769230769231,1535.3684210526317,101508.57142857143,275.5571428571429,282.46785714285716,273.43571428571425,5.9383928571428575,-10.0,0.0,0.0,-44.63414634146341,0.0303571428571428,0.1089285714285714,0.1928571428571428,0.4571428571428572,1.4,2012-03-05,Printemps
5310,201210,21,CHAMPAGNE-ARDENNE,32.5,221.78571428571428,3.3607142857142853,278.3267857142857,275.1535714285714,81.67857142857143,13025.0,75.45454545454545,4.44,1453.658536585366,101582.14285714286,274.2642857142857,281.79285714285714,273.0071428571428,5.773214285714286,-10.0,0.0,0.0,-46.15384615384615,0.0357142857142857,0.1178571428571428,0.4142857142857142,0.7000000000000001,1.3714285714285714,2012-03-05,Printemps
5311,201210,94,CORSE,0.9821428571428572,169.46428571428572,3.275,282.45714285714286,276.4169642857143,68.16071428571429,22732.14285714286,38.89423076923077,2.604651162790698,2605.813953488372,101871.51785714286,278.04285714285714,285.6357142857143,274.8642857142857,5.6571428571428575,-10.0,0.0,0.0,-43.84615384615385,0.0196428571428571,0.1,0.0499999999999999,0.3571428571428571,0.7785714285714286,2012-03-05,Printemps
5312,201210,43,FRANCHE-COMTE,29.107142857142858,187.94642857142856,3.3776785714285715,278.03839285714287,272.3776785714286,68.97321428571429,21445.535714285714,78.0,3.7906976744186047,1266.6666666666667,99894.10714285714,273.9107142857143,281.5107142857143,270.65,6.255357142857143,-10.0,0.0,0.0,-44.65116279069768,0.0178571428571428,0.0767857142857142,0.3428571428571428,0.4642857142857143,0.8571428571428571,2012-03-05,Printemps
5313,201210,23,HAUTE-NORMANDIE,26.486486486486488,244.0540540540541,5.085585585585585,280.56441441441444,277.9436936936937,84.27027027027027,15871.0,73.20481927710843,4.765625,1200.6493506493507,102068.55855855856,278.5107142857143,282.1142857142857,274.43571428571425,8.010810810810812,-10.0,0.0,0.0,-45.55555555555556,0.0108108108108108,0.027027027027027,0.074074074074074,0.0857142857142857,2.028571428571429,2012-03-05,Printemps
5314,201210,91,LANGUEDOC-ROUSSILLON,7.545454545454546,283.6607142857143,5.296428571428572,282.0964285714286,271.25357142857143,49.955357142857146,40401.78571428572,43.265306122448976,2.5,3723.3333333333335,101868.39285714286,277.0857142857143,285.71785714285716,275.0071428571428,9.144642857142856,-10.0,0.0,0.0,-44.04255319148936,0.0036036036036036,0.0108108108108108,0.1185185185185185,0.1571428571428571,0.4857142857142857,2012-03-05,Printemps
5315,201210,74,LIMOUSIN,12.232142857142858,181.5178571428571,3.8,278.7214285714286,274.33035714285717,75.41964285714286,26690.178571428572,66.05194805194805,3.3529411764705883,1994.6753246753249,99995.0,274.7607142857143,281.8892857142857,273.15,6.915178571428571,-10.0,0.0,0.0,-44.166666666666664,0.0124999999999999,0.0696428571428571,0.2571428571428572,0.3,1.3142857142857145,2012-03-05,Printemps
5316,201210,41,LORRAINE,0.8518339768339769,193.21428571428572,3.340515796260477,284.8620535714286,280.4638392857143,76.875,22941.964285714286,77.08380069025021,4.472972972972973,1404.9461206896551,100070.444015444,281.3357142857143,288.05357142857144,279.2928571428571,6.159821428571428,-10.0,0.0,0.0,-45.0,0.05740025740025735,0.18908730158730155,0.3345238095238095,0.7571428571428571,1.5214285714285716,2012-03-05,Printemps
5317,201210,73,MIDI-PYRENEES,4.107142857142857,255.17857142857144,3.542857142857143,279.59017857142857,272.2705357142857,61.75892857142857,29867.46987951807,46.16438356164384,3.1454545454545455,2778.448275862069,99718.57142857143,274.4035714285714,283.5,271.15,6.735714285714286,-10.0,0.0,0.0,-43.285714285714285,0.0196428571428571,0.0625,0.1999999999999999,0.45,1.3,2012-03-05,Printemps
5318,201210,31,NORD-PAS-DE-CALAIS,41.07142857142857,241.6071428571429,4.453571428571428,279.1035714285714,277.00714285714287,87.09821428571429,13923.214285714286,78.62650602409639,5.75,1240.2597402597405,102122.23214285714,276.89285714285717,281.10714285714283,275.72142857142853,7.386607142857143,-10.0,0.0340625,0.0027027027027027,-43.37837837837838,0.2473214285714285,0.7303571428571428,0.9214285714285716,2.9785714285714286,7.057142857142857,2012-03-05,Printemps
5319,201210,52,PAYS-DE-LA-LOIRE,0.8518339768339769,193.21428571428572,3.340515796260477,284.8620535714286,280.4638392857143,76.875,22941.964285714286,77.08380069025021,4.472972972972973,1404.9461206896551,100070.444015444,281.3357142857143,288.05357142857144,279.2928571428571,6.159821428571428,-10.0,0.0,0.0,-45.0,0.05740025740025735,0.18908730158730155,0.3345238095238095,0.7571428571428571,1.5214285714285716,2012-03-05,Printemps
5320,201210,22,PICARDIE,41.07142857142857,241.6071428571429,4.453571428571428,279.1035714285714,277.00714285714287,87.09821428571429,13923.214285714286,78.62650602409639,5.75,1240.2597402597405,102122.23214285714,276.89285714285717,281.10714285714283,275.72142857142853,7.386607142857143,-10.0,0.0340625,0.0027027027027027,-43.37837837837838,0.2473214285714285,0.7303571428571428,0.9214285714285716,2.9785714285714286,7.057142857142857,2012-03-05,Printemps
5321,201210,54,POITOU-CHARENTES,17.321428571428573,208.21428571428572,3.1875,279.0267857142857,275.01785714285717,77.34821428571429,21200.89285714286,69.33333333333333,3.862745098039216,1719.2105263157894,101421.51785714286,274.44642857142856,282.4642857142857,272.72142857142853,5.834821428571429,-10.0,0.0,0.0,-44.285714285714285,0.0196428571428571,0.0571428571428571,0.1642857142857142,0.2571428571428572,0.9428571428571428,2012-03-05,Printemps
5322,201210,93,PROVENCE-ALPES-COTE-D-AZUR,0.8518339768339769,193.21428571428572,3.340515796260477,284.8620535714286,280.4638392857143,76.875,22941.964285714286,77.08380069025021,4.472972972972973,1404.9461206896551,100070.444015444,281.3357142857143,288.05357142857144,279.2928571428571,6.159821428571428,-10.0,0.0,0.0,-45.0,0.05740025740025735,0.18908730158730155,0.3345238095238095,0.7571428571428571,1.5214285714285716,2012-03-05,Printemps
5323,201210,11,ILE-DE-FRANCE,30.178571428571427,260.7142857142857,3.4499999999999997,280.01964285714286,275.6767857142857,75.28571428571429,17103.571428571428,70.89285714285714,4.865384615384615,1589.622641509434,101926.78571428572,276.4714285714286,282.5785714285714,274.0071428571428,6.544642857142857,-10.0,0.0,0.0,-44.72727272727273,0.0357142857142857,0.1392857142857143,0.1142857142857143,0.5428571428571428,1.6285714285714283,2012-03-05,Printemps
5324,201210,82,RHONE-ALPES,17.5,283.0357142857143,5.089285714285714,278.8607142857143,273.2446428571429,68.98214285714286,19991.071428571428,54.45454545454545,4.925,2109.756097560976,99932.67857142857,275.3,282.1928571428571,273.8642857142857,8.196428571428571,-10.0,0.0,0.0,-45.55555555555556,0.1071428571428571,0.2357142857142857,0.6857142857142857,1.042857142857143,2.085714285714286,2012-03-05,Printemps
5325,201209,42,ALSACE,-22.857142857142858,199.55357142857144,1.8892857142857145,280.28839285714287,277.0464285714286,81.1875,8785.714285714286,98.66101694915254,4.472972972972973,713.0357142857143,100195.35714285714,276.0785714285714,284.01785714285717,273.43571428571425,3.480357142857143,-10.0,0.0,0.0,-45.0,0.0124999999999999,0.0414414414414414,0.0071428571428571,0.0222222222222222,0.0461538461538461,2012-02-27,Hiver
5326,201209,72,AQUITAINE,-0.3571428571428571,188.30357142857144,2.15,282.4214285714286,276.6401785714286,71.0,13734.82142857143,36.72727272727273,2.7611940298507465,3625.555555555556,101212.05357142857,276.39285714285717,288.2964285714286,273.07857142857137,4.107142857142857,-10.0,0.0,0.0,-44.38775510204081,0.0107142857142857,0.0875,0.0785714285714285,0.2571428571428572,0.0142857142857142,2012-02-27,Hiver
5327,201209,83,AUVERGNE,-15.535714285714286,184.28571428571428,1.605357142857143,280.7160714285714,275.0107142857143,69.75,18517.85714285714,27.727272727272727,1.7096774193548387,4827.419354838709,98515.53571428572,274.34285714285716,286.10714285714283,271.2928571428571,3.9732142857142856,-10.0,0.0,0.0,-45.283018867924525,0.0178571428571428,0.0214285714285714,0.0,0.0428571428571428,0.0,2012-02-27,Hiver
5328,201209,25,BASSE-NORMANDIE,-13.482142857142858,195.71428571428572,2.5267857142857144,281.0839285714286,279.10535714285714,87.92857142857143,9729.761904761905,88.1923076923077,6.448275862068965,824.3835616438356,101174.28571428572,278.3892857142857,283.7142857142857,276.3642857142857,4.483035714285714,-10.0,0.0,0.0,-46.45161290322581,0.0553571428571428,0.1321428571428571,0.1571428571428571,0.5285714285714286,0.2285714285714286,2012-02-27,Hiver
5329,201209,26,BOURGOGNE,-19.107142857142858,180.80357142857144,1.9732142857142856,280.3223214285714,277.28839285714287,82.74107142857143,9066.517857142857,85.96153846153847,4.166666666666667,1365.531914893617,100099.375,275.3,284.4892857142857,272.43571428571425,3.5785714285714287,-10.0,0.0,0.0,-45.0,0.0285714285714285,0.081081081081081,0.0357142857142857,0.1555555555555555,0.0923076923076923,2012-02-27,Hiver
5330,201209,53,BRETAGNE,-4.285714285714286,181.54761904761904,3.167261904761905,282.00892857142856,279.7958333333333,87.07738095238095,9591.31736526946,77.53691275167785,4.782608695652174,1528.0152671755725,101650.59523809524,279.41190476190474,284.7,275.93571428571425,5.794047619047619,-10.0,0.0,0.0,-45.0,0.1005988023952095,0.2903614457831325,0.680952380952381,1.2146341463414634,1.2785714285714285,2012-02-27,Hiver
5331,201209,24,CENTRE,-18.303571428571427,159.64285714285714,2.070535714285714,280.95089285714283,278.50089285714284,85.65178571428571,8191.964285714285,84.47777777777777,5.7164179104477615,1193.9024390243903,100933.83928571428,277.53214285714284,284.01785714285717,275.07857142857137,3.863392857142857,-10.0,0.0,0.0,-45.18987341772152,0.0410714285714285,0.0857142857142857,0.0428571428571428,0.3142857142857143,0.1285714285714286,2012-02-27,Hiver
5332,201209,21,CHAMPAGNE-ARDENNE,-25.0,178.75,2.1,279.93392857142857,278.81607142857143,93.19642857142856,5421.428571428572,93.19444444444444,6.428571428571429,517.2413793103449,101076.60714285714,277.15,282.6,275.72142857142853,3.8267857142857142,-10.0,0.0,0.0,-45.0,0.0142857142857142,0.0892857142857142,0.0428571428571428,0.1285714285714286,0.2571428571428572,2012-02-27,Hiver
5333,201209,94,CORSE,3.75,127.32142857142856,2.5625,283.2875,279.2544642857143,77.23214285714286,21205.35714285714,26.238095238095237,2.3380281690140845,1507.887323943662,102187.76785714286,278.1607142857143,286.4,275.7928571428571,4.297321428571428,-10.0,0.0,0.0,-44.505494505494504,0.0,0.0,0.0,0.0,0.0,2012-02-27,Hiver
5334,201209,43,FRANCHE-COMTE,-21.875,229.28571428571428,2.0125,279.8598214285714,276.1392857142857,79.25,10336.607142857143,64.27272727272727,2.625,1260.2,99446.96428571428,274.14285714285717,284.5142857142857,271.07857142857137,3.763392857142857,-10.0,0.0,0.0,-44.63414634146341,0.0089285714285714,0.0396396396396396,0.0142857142857142,0.0148148148148148,0.0307692307692307,2012-02-27,Hiver
5335,201209,23,HAUTE-NORMANDIE,-15.178571428571429,176.42857142857142,3.928571428571429,281.4625,280.39910714285713,93.3125,7378.787878787879,91.16842105263156,6.684210526315789,707.2727272727273,101403.92857142857,279.75714285714287,282.92857142857144,277.2928571428571,6.072072072072072,-10.0,0.0,0.0,-44.44444444444444,0.1243243243243243,0.2738738738738738,0.5357142857142857,1.1407407407407408,0.3846153846153846,2012-02-27,Hiver
5336,201209,91,LANGUEDOC-ROUSSILLON,-2.1818181818181817,191.33928571428572,2.5375,282.83214285714286,276.32678571428573,67.15178571428571,19066.964285714286,42.72727272727273,2.953125,4289.2307692307695,101445.80357142857,277.20714285714286,287.59285714285716,274.07857142857137,4.473214285714286,-10.0,0.0,0.0,-44.04255319148936,0.0089285714285714,0.0522522522522522,0.0071428571428571,0.1185185185185185,0.0153846153846153,2012-02-27,Hiver
5337,201209,74,LIMOUSIN,-7.5,147.5,2.4214285714285713,281.2767857142857,277.55625,79.83035714285714,17254.464285714286,61.59722222222222,2.613636363636364,3894.5454545454545,99320.26785714286,276.85714285714283,285.33214285714286,275.3642857142857,4.474774774774775,-10.0,0.0,0.0,-44.57142857142857,0.0499999999999999,0.1071428571428571,0.1642857142857142,0.4214285714285714,0.1285714285714285,2012-02-27,Hiver
5338,201209,41,LORRAINE,0.8518339768339769,193.21428571428572,3.340515796260477,284.8620535714286,280.4638392857143,76.875,22941.964285714286,77.08380069025021,4.472972972972973,1404.9461206896551,100070.444015444,281.3357142857143,288.05357142857144,279.2928571428571,6.159821428571428,-10.0,0.0,0.0,-45.0,0.05740025740025735,0.18908730158730155,0.3345238095238095,0.7571428571428571,1.5214285714285716,2012-02-27,Hiver
5339,201209,73,MIDI-PYRENEES,-0.2678571428571428,184.19642857142856,1.957142857142857,281.8892857142857,275.2973214285714,67.0,19434.52380952381,38.333333333333336,3.3181818181818183,3950.0,99083.03571428572,275.4892857142857,287.45714285714286,271.0071428571428,4.069642857142857,-10.0,0.0,0.0,-43.75,0.0303571428571428,0.1071428571428571,0.0357142857142857,0.2857142857142857,0.0714285714285714,2012-02-27,Hiver
5340,201209,31,NORD-PAS-DE-CALAIS,-30.178571428571427,180.17857142857144,3.042857142857143,281.2758928571429,280.33125,93.9375,5235.135135135135,95.02380952380952,7.506666666666667,441.6,101674.82142857143,279.5678571428571,282.87857142857143,278.7928571428571,5.076785714285714,-10.0,0.0,0.0,-43.63636363636363,0.0678571428571428,0.1696428571428571,0.0428571428571428,0.6214285714285713,0.1,2012-02-27,Hiver
5341,201209,52,PAYS-DE-LA-LOIRE,0.8518339768339769,193.21428571428572,3.340515796260477,284.8620535714286,280.4638392857143,76.875,22941.964285714286,77.08380069025021,4.472972972972973,1404.9461206896551,100070.444015444,281.3357142857143,288.05357142857144,279.2928571428571,6.159821428571428,-10.0,0.0,0.0,-45.0,0.05740025740025735,0.18908730158730155,0.3345238095238095,0.7571428571428571,1.5214285714285716,2012-02-27,Hiver
5342,201209,22,PICARDIE,-30.178571428571427,180.17857142857144,3.042857142857143,281.2758928571429,280.33125,93.9375,5235.135135135135,95.02380952380952,7.506666666666667,441.6,101674.82142857143,279.5678571428571,282.87857142857143,278.7928571428571,5.076785714285714,-10.0,0.0,0.0,-43.63636363636363,0.0678571428571428,0.1696428571428571,0.0428571428571428,0.6214285714285713,0.1,2012-02-27,Hiver
5343,201209,54,POITOU-CHARENTES,-11.428571428571429,156.96428571428572,2.1223214285714285,280.5160714285714,277.98839285714286,85.63392857142857,9722.32142857143,74.77027027027027,4.0,2278.245614035088,100761.96428571428,276.2392857142857,284.625,274.3642857142857,3.898198198198198,-10.0,0.0,0.0,-44.61538461538461,0.0285714285714285,0.0732142857142857,0.1071428571428571,0.2714285714285714,0.1142857142857143,2012-02-27,Hiver
5344,201209,93,PROVENCE-ALPES-COTE-D-AZUR,0.8518339768339769,193.21428571428572,3.340515796260477,284.8620535714286,280.4638392857143,76.875,22941.964285714286,77.08380069025021,4.472972972972973,1404.9461206896551,100070.444015444,281.3357142857143,288.05357142857144,279.2928571428571,6.159821428571428,-10.0,0.0,0.0,-45.0,0.05740025740025735,0.18908730158730155,0.3345238095238095,0.7571428571428571,1.5214285714285716,2012-02-27,Hiver
5345,201209,11,ILE-DE-FRANCE,-21.25,173.21428571428572,2.357142857142857,281.5678571428571,279.1375,85.39285714285714,8971.42857142857,87.07407407407408,6.285714285714286,860.9615384615385,101380.89285714286,278.7285714285714,284.0785714285714,275.72142857142853,4.2803571428571425,-10.0,0.0,0.0,-45.294117647058826,0.0428571428571428,0.0821428571428571,0.0142857142857142,0.3285714285714285,0.0857142857142857,2012-02-27,Hiver
5346,201209,82,RHONE-ALPES,-14.464285714285714,196.25,2.164285714285714,281.4089285714286,275.2267857142857,68.375,13519.642857142857,27.517857142857142,1.6666666666666667,4435.714285714285,99526.96428571428,275.7857142857143,286.2357142857143,273.0071428571428,4.339285714285714,-10.0,0.0,0.0,-45.0,0.0107142857142857,0.0178571428571428,0.0,0.0,0.0,2012-02-27,Hiver
5347,201208,42,ALSACE,0.2678571428571428,191.6071428571429,2.163392857142857,276.92589285714286,273.19375,77.8125,16220.535714285714,97.43548387096774,4.472972972972973,747.6923076923077,100665.08928571428,273.36785714285713,279.76785714285717,270.5071428571428,4.150892857142857,-10.0,0.0,0.0,-45.0,0.0,0.0053571428571428,0.0142857142857142,0.0214285714285714,0.1142857142857143,2012-02-20,Hiver
5348,201208,72,AQUITAINE,-5.357142857142857,219.46428571428572,2.179464285714286,279.3285714285714,273.6767857142857,69.71428571428571,21488.39285714286,52.06542056074766,4.025316455696203,2756.883116883117,101743.92857142857,274.51785714285717,283.2214285714286,272.57857142857137,4.138392857142857,-10.0,0.0,0.0,-44.13461538461539,0.0,0.0,0.0,0.0,0.123076923076923,2012-02-20,Hiver
5349,201208,83,AUVERGNE,-1.818181818181818,120.0,1.5236363636363637,276.91181818181815,273.0863636363636,76.76363636363637,19061.81818181818,58.98148148148148,5.071428571428571,1603.4883720930231,99022.54545454546,273.2214285714286,279.62142857142857,271.43571428571425,3.2363636363636363,-10.0,0.0,0.0,-44.15094339622642,0.0036363636363636,0.0148148148148148,0.0333333333333333,0.0571428571428571,0.1999999999999999,2012-02-20,Hiver
5350,201208,25,BASSE-NORMANDIE,-3.6607142857142856,200.71428571428572,2.625,279.40714285714284,276.61785714285713,83.39285714285714,14834.939759036144,77.97297297297297,4.423728813559322,1867.638888888889,101755.0,276.14285714285717,282.29285714285714,274.07857142857137,4.545535714285714,-10.0,0.0,0.0,-46.721311475409834,0.0,0.0107142857142857,0.0285714285714285,0.0428571428571428,0.0857142857142857,2012-02-20,Hiver
5351,201208,26,BOURGOGNE,-0.5357142857142857,168.57142857142858,2.191071428571429,277.6392857142857,273.85267857142856,77.95535714285714,15645.535714285714,80.359375,3.772727272727273,1361.8032786885246,100629.55357142857,274.2857142857143,280.2892857142857,271.57857142857137,3.975892857142857,-10.0,0.0,0.0,-45.0,0.0071428571428571,0.0142857142857142,0.0357142857142857,0.0571428571428571,0.1857142857142857,2012-02-20,Hiver
5352,201208,53,BRETAGNE,-5.416666666666667,199.52380952380952,2.8464285714285715,281.0404761904762,278.6029761904762,85.79166666666667,14124.702380952382,86.62837837837837,5.709677419354839,756.6666666666666,102286.42857142857,278.7404761904762,282.87142857142857,275.7928571428571,5.099404761904762,-10.0,0.0,0.0,-43.84615384615385,0.0154761904761904,0.0392857142857142,0.0428571428571428,0.1523809523809524,0.3142857142857142,2012-02-20,Hiver
5353,201208,24,CENTRE,-1.875,183.66071428571428,1.9348214285714285,278.88125,274.9625,77.58928571428571,13405.357142857143,67.3956043956044,4.4411764705882355,2020.875,101483.92857142857,275.2857142857143,281.7,273.07857142857137,3.8580357142857142,-10.0,0.0,0.0,-45.18518518518518,0.0071428571428571,0.0196428571428571,0.05,0.0785714285714285,0.1571428571428571,2012-02-20,Hiver
5354,201208,21,CHAMPAGNE-ARDENNE,-1.0714285714285714,218.57142857142856,2.148214285714286,277.21964285714284,274.50892857142856,83.39285714285714,10157.142857142857,71.05714285714286,5.083333333333333,2173.2258064516127,101606.25,273.3071428571429,279.9,271.72142857142853,3.9017857142857144,-10.0,0.0,0.0,-45.0,0.0249999999999999,0.0678571428571428,0.1571428571428571,0.2714285714285714,0.6,2012-02-20,Hiver
5355,201208,94,CORSE,-4.732142857142857,153.48214285714286,2.80625,282.5794642857143,278.0258928571429,74.42857142857143,25302.678571428572,39.76851851851852,3.3950617283950617,1601.2048192771083,102003.39285714286,278.08214285714286,285.75714285714287,276.2928571428571,4.553571428571429,-10.0,0.0,0.0,-44.11764705882353,0.0535714285714285,0.1819819819819819,0.7037037037037037,0.9629629629629628,2.0,2012-02-20,Hiver
5356,201208,43,FRANCHE-COMTE,0.5357142857142857,206.6071428571429,2.3000000000000003,276.68839285714284,272.75892857142856,76.85714285714286,18196.428571428572,76.94805194805195,4.473684210526316,1574.9333333333334,99921.42857142857,273.2964285714286,279.425,270.5071428571428,4.274107142857143,-10.0,0.0,0.0,-44.5945945945946,0.0,0.0017857142857142,0.0071428571428571,0.0071428571428571,0.1857142857142857,2012-02-20,Hiver
5357,201208,23,HAUTE-NORMANDIE,-2.857142857142857,222.2321428571429,4.049107142857143,280.166,278.425,89.54,10484.653465346537,79.84146341463415,4.829787234042553,1317.321428571429,101959.55357142857,278.0125,281.92083333333335,272.43571428571425,6.304464285714286,-10.0,0.0,0.0,-46.25,0.0107142857142857,0.0446428571428571,0.1,0.1857142857142857,0.3714285714285714,2012-02-20,Hiver
5358,201208,91,LANGUEDOC-ROUSSILLON,-5.5963302752293576,252.97297297297297,2.9720720720720717,280.6851351351351,272.1355855855856,58.45945945945946,34369.36936936937,27.22772277227723,3.36734693877551,3322.0,101744.77477477478,274.9981481481481,284.86481481481485,272.43571428571425,5.291891891891892,-10.0,0.0,0.0,-43.8,0.0,0.0,0.0,0.0,0.0285714285714285,2012-02-20,Hiver
5359,201208,74,LIMOUSIN,-2.9464285714285716,120.0,2.6850467289719626,278.4276785714286,274.19107142857143,76.69642857142857,20739.285714285714,66.24050632911393,3.7111111111111112,2088.2258064516127,99859.28571428572,275.125,281.25714285714287,273.07857142857137,4.748543689320389,-10.0,0.0,0.0,-44.11764705882353,0.0125,0.0285714285714285,0.0571428571428571,0.0999999999999999,0.3857142857142857,2012-02-20,Hiver
5360,201208,41,LORRAINE,0.8518339768339769,193.21428571428572,3.340515796260477,284.8620535714286,280.4638392857143,76.875,22941.964285714286,77.08380069025021,4.472972972972973,1404.9461206896551,100070.444015444,281.3357142857143,288.05357142857144,279.2928571428571,6.159821428571428,-10.0,0.0,0.0,-45.0,0.05740025740025735,0.18908730158730155,0.3345238095238095,0.7571428571428571,1.5214285714285716,2012-02-20,Hiver
5361,201208,73,MIDI-PYRENEES,-4.285714285714286,220.9821428571429,1.9580357142857143,278.46160714285713,272.2714285714286,66.86607142857143,24954.761904761905,41.89873417721519,3.890909090909091,2533.3333333333335,99546.96428571428,273.3071428571429,282.5357142857143,270.07857142857137,4.047321428571428,-10.0,0.0,0.0,-43.6,0.0,0.0,0.0,0.0,0.3571428571428571,2012-02-20,Hiver
5362,201208,31,NORD-PAS-DE-CALAIS,0.0,238.018018018018,3.7774774774774778,278.9599099099099,276.1887387387387,83.54954954954955,14649.549549549549,78.09638554216868,5.066666666666666,1909.5945945945944,102158.55855855856,276.4642857142857,280.83214285714286,275.43571428571425,6.06036036036036,-10.0,0.0,0.0,-43.37837837837838,0.0018018018018018,0.0144144144144144,0.0148148148148148,0.0571428571428571,0.1142857142857143,2012-02-20,Hiver
5363,201208,52,PAYS-DE-LA-LOIRE,0.8518339768339769,193.21428571428572,3.340515796260477,284.8620535714286,280.4638392857143,76.875,22941.964285714286,77.08380069025021,4.472972972972973,1404.9461206896551,100070.444015444,281.3357142857143,288.05357142857144,279.2928571428571,6.159821428571428,-10.0,0.0,0.0,-45.0,0.05740025740025735,0.18908730158730155,0.3345238095238095,0.7571428571428571,1.5214285714285716,2012-02-20,Hiver
5364,201208,22,PICARDIE,0.0,238.018018018018,3.7774774774774778,278.9599099099099,276.1887387387387,83.54954954954955,14649.549549549549,78.09638554216868,5.066666666666666,1909.5945945945944,102158.55855855856,276.4642857142857,280.83214285714286,275.43571428571425,6.06036036036036,-10.0,0.0,0.0,-43.37837837837838,0.0018018018018018,0.0144144144144144,0.0148148148148148,0.0571428571428571,0.1142857142857143,2012-02-20,Hiver
5365,201208,54,POITOU-CHARENTES,-2.232142857142857,140.65420560747663,1.988785046728972,278.5473214285714,275.0098214285714,79.67857142857143,13794.642857142857,68.96052631578948,3.9318181818181817,2036.25,101330.35714285714,275.075,281.46785714285716,272.7928571428571,3.718446601941748,-10.0,0.0,0.0,-45.0,0.0125,0.0196428571428571,0.0428571428571428,0.0785714285714285,0.1571428571428571,2012-02-20,Hiver
5366,201208,93,PROVENCE-ALPES-COTE-D-AZUR,0.8518339768339769,193.21428571428572,3.340515796260477,284.8620535714286,280.4638392857143,76.875,22941.964285714286,77.08380069025021,4.472972972972973,1404.9461206896551,100070.444015444,281.3357142857143,288.05357142857144,279.2928571428571,6.159821428571428,-10.0,0.0,0.0,-45.0,0.05740025740025735,0.18908730158730155,0.3345238095238095,0.7571428571428571,1.5214285714285716,2012-02-20,Hiver
5367,201208,11,ILE-DE-FRANCE,-2.3214285714285716,225.8928571428571,2.0732142857142857,279.30892857142857,275.3392857142857,77.21428571428571,13957.142857142857,68.14814814814815,4.760869565217392,1938.1632653061224,101930.71428571428,275.42857142857144,282.3071428571429,273.0071428571428,4.058928571428572,-10.0,0.0,0.0,-45.283018867924525,0.0,0.0142857142857142,0.0428571428571428,0.0571428571428571,0.1142857142857143,2012-02-20,Hiver
5368,201208,82,RHONE-ALPES,-2.5,266.25,3.273214285714286,276.5982142857143,272.95,77.57142857142857,12146.42857142857,50.785714285714285,4.742857142857143,2098.5714285714284,99972.14285714286,273.7642857142857,278.95,272.43571428571425,5.316071428571428,-10.0,0.0,0.0,-45.0,0.0142857142857142,0.0392857142857142,0.0571428571428571,0.1571428571428571,0.4857142857142857,2012-02-20,Hiver
5369,201207,42,ALSACE,-0.0892857142857142,226.5178571428571,2.7125,275.35714285714283,272.0339285714286,79.23214285714286,21291.071428571428,99.22330097087378,8.0,903.0841121495328,99957.94642857143,272.9642857142857,277.2107142857143,270.93571428571425,5.125,-10.0,0.0,0.0,-45.0,0.0303571428571428,0.0928571428571428,0.1785714285714285,0.3857142857142857,0.6428571428571429,2012-02-13,Hiver
5370,201207,72,AQUITAINE,-0.9821428571428572,259.64285714285717,3.5875,277.8178571428571,273.4892857142857,74.57142857142857,19741.071428571428,74.5,6.022222222222222,1343.4343434343434,101416.33928571428,274.5285714285714,279.9535714285714,272.72142857142853,6.074107142857143,-10.0,0.0092,0.0004395604395604,-44.175824175824175,0.0216216216216216,0.0504504504504504,0.1153846153846153,0.2071428571428571,0.3428571428571428,2012-02-13,Hiver
5371,201207,83,AUVERGNE,1.9642857142857144,197.67857142857144,1.9285714285714288,274.77142857142854,271.7839285714286,80.98214285714286,15810.714285714286,77.36363636363636,6.34,1355.6,98497.5,271.6,276.8357142857143,269.57857142857137,4.105357142857143,-10.0,0.0166666666666666,0.001090909090909,-44.72727272727273,0.0035714285714285,0.0321428571428571,0.0571428571428571,0.1285714285714285,0.1714285714285714,2012-02-13,Hiver
5372,201207,25,BASSE-NORMANDIE,-0.7142857142857143,273.6607142857143,3.9839285714285713,278.7857142857143,276.18660714285716,83.85714285714286,21265.060240963856,88.91025641025641,6.593220338983051,768.3333333333334,101295.71428571428,276.8964285714286,280.3607142857143,275.15,6.861607142857143,-10.0,0.0117647058823529,0.0,-46.07142857142857,0.0267857142857142,0.0660714285714285,0.2142857142857142,0.25,0.5571428571428572,2012-02-13,Hiver
5373,201207,26,BOURGOGNE,0.625,235.8928571428571,2.289285714285714,276.1,273.36607142857144,83.00892857142857,16413.39285714286,96.79347826086956,6.785714285714286,719.0909090909091,100046.07142857143,273.8535714285714,278.0107142857143,272.0071428571428,4.4375,-10.0,0.0,0.0,-44.44444444444444,0.0392857142857142,0.1214285714285714,0.2142857142857142,0.4714285714285714,0.8428571428571429,2012-02-13,Hiver
5374,201207,53,BRETAGNE,-0.9090909090909092,283.3333333333333,4.201212121212121,280.65060606060604,277.4009090909091,80.7939393939394,21556.25,89.63087248322148,6.480392156862745,762.3026315789474,102004.0,279.1666666666667,282.12619047619046,275.93571428571425,7.516363636363637,-10.0,0.0,0.0,-45.0,0.0424242424242424,0.1151515151515151,0.2926829268292683,0.438095238095238,0.9285714285714286,2012-02-13,Hiver
5375,201207,24,CENTRE,0.1785714285714285,268.75,3.0375,277.7607142857143,274.90714285714284,82.64285714285714,14668.75,89.1010101010101,6.518987341772152,639.4059405940594,100913.48214285714,275.51785714285717,279.5107142857143,274.07857142857137,5.70625,-10.0,0.0,0.0,-44.81481481481482,0.0446428571428571,0.1142857142857143,0.2142857142857142,0.4357142857142856,0.8714285714285713,2012-02-13,Hiver
5376,201207,21,CHAMPAGNE-ARDENNE,0.3571428571428571,266.60714285714283,4.3,276.93928571428575,274.51785714285717,84.5,11894.642857142857,88.51851851851852,6.814814814814815,550.0,100935.71428571428,274.8142857142857,278.4785714285714,274.15,7.016071428571428,-10.0,0.0,0.0,-44.44444444444444,0.0642857142857143,0.1285714285714286,0.3571428571428571,0.5285714285714286,1.1142857142857143,2012-02-13,Hiver
5377,201207,94,CORSE,3.482142857142857,154.10714285714286,3.1571428571428575,279.4267857142857,273.37142857142857,66.51785714285714,27241.071428571428,36.65094339622642,2.91025641025641,1423.75,101610.26785714286,274.8464285714286,282.3964285714286,272.43571428571425,5.191964285714286,-10.0,0.0,0.0,-43.980582524271846,0.0571428571428571,0.0589285714285714,0.0214285714285714,0.0214285714285714,0.0571428571428571,2012-02-13,Hiver
5378,201207,43,FRANCHE-COMTE,0.0892857142857142,216.07142857142856,2.5598214285714285,274.6508928571429,271.71964285714284,81.26785714285714,17493.75,95.7843137254902,6.681818181818182,816.0,99254.375,272.17857142857144,276.475,269.72142857142853,4.859821428571428,-10.0,0.0118518518518518,0.0013953488372093,-44.65116279069768,0.0339285714285714,0.1160714285714285,0.2571428571428572,0.4428571428571429,0.7571428571428571,2012-02-13,Hiver
5379,201207,23,HAUTE-NORMANDIE,-1.5178571428571428,276.875,5.725892857142857,279.78737373737374,277.6714285714286,86.92857142857143,16548.979591836734,88.54255319148936,6.485714285714286,891.6483516483516,101521.42857142857,278.438,280.85,274.8642857142857,8.936936936936936,-10.0,0.0185714285714285,0.0,-45.0,0.0648648648648648,0.1621621621621621,0.3851851851851852,0.6814814814814815,1.3384615384615384,2012-02-13,Hiver
5380,201207,91,LANGUEDOC-ROUSSILLON,-0.2727272727272727,268.2142857142857,4.45,278.2642857142857,271.49375,64.30357142857143,29500.0,56.57142857142857,4.618421052631579,2005.4878048780488,101390.71428571428,273.9535714285714,280.7035714285714,272.07857142857137,7.2508928571428575,-10.0,0.0088461538461538,0.0007142857142857,-43.92857142857143,0.0089285714285714,0.0285714285714285,0.0357142857142857,0.1214285714285714,0.2142857142857142,2012-02-13,Hiver
5381,201207,74,LIMOUSIN,0.625,250.80357142857144,2.850892857142857,276.29375,274.0839285714286,86.19642857142857,17655.35714285714,92.51960784313724,6.478260869565218,826.6666666666666,99435.44642857143,274.26785714285717,277.68571428571425,273.15,5.083035714285714,-10.0,0.0376666666666666,0.0008695652173913,-45.65217391304348,0.036036036036036,0.1243243243243243,0.1185185185185185,0.4785714285714286,0.7999999999999999,2012-02-13,Hiver
5382,201207,41,LORRAINE,0.8518339768339769,193.21428571428572,3.340515796260477,284.8620535714286,280.4638392857143,76.875,22941.964285714286,77.08380069025021,4.472972972972973,1404.9461206896551,100070.444015444,281.3357142857143,288.05357142857144,279.2928571428571,6.159821428571428,-10.0,0.0,0.0,-45.0,0.05740025740025735,0.18908730158730155,0.3345238095238095,0.7571428571428571,1.5214285714285716,2012-02-13,Hiver
5383,201207,73,MIDI-PYRENEES,0.7142857142857143,236.5178571428571,3.0875,276.4428571428571,272.4428571428572,75.8125,17610.714285714286,80.18072289156626,6.361111111111111,1325.6410256410256,99216.16071428572,273.17857142857144,278.4785714285714,271.65,5.648214285714286,-10.0,0.0365,0.0021621621621621,-42.972972972972975,0.0535714285714285,0.1964285714285714,0.3071428571428571,0.75,1.1785714285714286,2012-02-13,Hiver
5384,201207,31,NORD-PAS-DE-CALAIS,0.3571428571428571,283.2142857142857,4.95,278.15,276.40803571428575,88.95535714285714,15481.818181818182,82.47619047619048,6.526315789473684,562.8205128205128,101537.23214285714,276.6,279.60714285714283,275.57857142857137,8.169642857142858,-10.0,0.005,0.0002777777777777,-44.166666666666664,0.0785714285714285,0.2017857142857143,0.5928571428571429,0.8071428571428572,1.65,2012-02-13,Hiver
5385,201207,52,PAYS-DE-LA-LOIRE,0.8518339768339769,193.21428571428572,3.340515796260477,284.8620535714286,280.4638392857143,76.875,22941.964285714286,77.08380069025021,4.472972972972973,1404.9461206896551,100070.444015444,281.3357142857143,288.05357142857144,279.2928571428571,6.159821428571428,-10.0,0.0,0.0,-45.0,0.05740025740025735,0.18908730158730155,0.3345238095238095,0.7571428571428571,1.5214285714285716,2012-02-13,Hiver
5386,201207,22,PICARDIE,0.3571428571428571,283.2142857142857,4.95,278.15,276.40803571428575,88.95535714285714,15481.818181818182,82.47619047619048,6.526315789473684,562.8205128205128,101537.23214285714,276.6,279.60714285714283,275.57857142857137,8.169642857142858,-10.0,0.005,0.0002777777777777,-44.166666666666664,0.0785714285714285,0.2017857142857143,0.5928571428571429,0.8071428571428572,1.65,2012-02-13,Hiver
5387,201207,54,POITOU-CHARENTES,-0.4464285714285714,255.9821428571429,2.558928571428571,277.26875,274.6901785714286,84.10714285714286,17834.821428571428,93.5,6.76,720.9090909090909,100846.78571428572,275.0107142857143,279.0892857142857,273.72142857142853,4.633035714285714,-10.0,0.0136842105263157,0.0,-44.516129032258064,0.0324324324324324,0.1261261261261261,0.0814814814814814,0.4714285714285714,0.9142857142857144,2012-02-13,Hiver
5388,201207,93,PROVENCE-ALPES-COTE-D-AZUR,0.8518339768339769,193.21428571428572,3.340515796260477,284.8620535714286,280.4638392857143,76.875,22941.964285714286,77.08380069025021,4.472972972972973,1404.9461206896551,100070.444015444,281.3357142857143,288.05357142857144,279.2928571428571,6.159821428571428,-10.0,0.0,0.0,-45.0,0.05740025740025735,0.18908730158730155,0.3345238095238095,0.7571428571428571,1.5214285714285716,2012-02-13,Hiver
5389,201207,11,ILE-DE-FRANCE,0.1785714285714285,291.9642857142857,3.7803571428571425,278.5910714285714,275.5767857142857,81.78571428571429,15655.357142857143,86.0,6.403846153846154,683.7037037037037,101325.53571428572,276.3642857142857,280.0571428571429,274.43571428571425,6.7749999999999995,-10.0,0.0,0.0,-45.0,0.0428571428571428,0.0857142857142857,0.2714285714285714,0.3571428571428571,0.7142857142857143,2012-02-13,Hiver
5390,201207,82,RHONE-ALPES,3.2142857142857144,263.0357142857143,2.851785714285714,274.62857142857143,271.11607142857144,77.83928571428571,11505.357142857143,76.33928571428571,6.176470588235294,1222.156862745098,99429.46428571428,271.8357142857143,276.5214285714286,270.0071428571428,4.980357142857143,-10.0,0.006,0.0008928571428571,-45.0,0.0428571428571428,0.0785714285714285,0.1428571428571428,0.3,0.4571428571428572,2012-02-13,Hiver
5391,201206,42,ALSACE,-2.767857142857143,112.94642857142856,4.875,265.4580357142857,259.775,62.035714285714285,13515.17857142857,98.07692307692308,4.472972972972973,953.7037037037036,100825.44642857143,262.24285714285713,268.325,260.2928571428571,7.848214285714286,-10.0,0.0,0.0,-45.0,0.0,0.0,0.0,0.0,0.0,2012-02-06,Hiver
5392,201206,72,AQUITAINE,1.9642857142857144,235.80357142857144,4.364285714285715,268.7875,263.16964285714283,63.32142857142857,11629.464285714286,25.857142857142858,3.2790697674418605,3258.139534883721,101855.53571428572,265.8464285714286,271.4857142857143,265.07857142857137,7.070535714285714,-10.0,0.0178571428571428,0.0,-44.21052631578947,0.0,0.0,0.0,0.0,0.2571428571428572,2012-02-06,Hiver
5393,201206,83,AUVERGNE,-3.090909090909091,235.8181818181818,2.827272727272727,264.9627272727273,259.6027272727273,63.27272727272727,14154.545454545454,28.076923076923077,3.193548387096774,2256.25,98950.18181818182,260.7785714285714,268.2,257.7214285714286,5.1872727272727275,-10.0,0.0237735849056603,0.0,-45.294117647058826,0.0,0.0,0.0,0.0,0.0,2012-02-06,Hiver
5394,201206,25,BASSE-NORMANDIE,-0.3571428571428571,85.625,2.550892857142857,269.28839285714287,265.51339285714283,74.20535714285714,8433.75,55.378787878787875,4.25,2177.8846153846152,102221.60714285714,265.2857142857143,271.87857142857143,262.0071428571428,4.591964285714285,-10.0,0.0344230769230769,0.0,-46.25,0.0017857142857142,0.0142857142857142,0.0499999999999999,0.0571428571428571,0.3999999999999999,2012-02-06,Hiver
5395,201206,26,BOURGOGNE,-0.9821428571428572,122.5,4.232142857142857,267.0526785714286,260.26785714285717,57.92857142857143,15608.92857142857,51.86046511627907,3.923076923076923,1840.7407407407409,100694.64285714286,263.2964285714286,270.1357142857143,261.0071428571428,7.185714285714285,-10.0,0.002,0.0014285714285714,-45.0,0.0,0.0017857142857142,0.0,0.0071428571428571,0.0142857142857142,2012-02-06,Hiver
5396,201206,53,BRETAGNE,4.63855421686747,123.19277108433737,3.3590361445783135,274.90361445783134,271.50180722891565,78.42168674698796,10512.048192771084,80.8840579710145,6.353535353535354,811.3559322033898,102753.3734939759,272.1904761904762,277.10714285714283,268.15,5.957831325301205,-10.0,0.0,0.0,-45.38461538461539,0.0289156626506024,0.053012048192771,0.1857142857142857,0.2333333333333333,0.3857142857142857,2012-02-06,Hiver
5397,201206,24,CENTRE,-1.4285714285714286,104.01785714285714,3.442857142857143,268.4419642857143,261.27767857142857,56.669642857142854,13180.357142857143,33.294117647058826,4.069767441860465,2926.086956521739,101739.10714285714,264.5357142857143,271.4035714285714,262.2928571428571,6.408928571428571,-10.0,0.0023076923076923,0.0004761904761904,-45.0,0.0,0.0017857142857142,0.0,0.0071428571428571,0.0142857142857142,2012-02-06,Hiver
5398,201206,21,CHAMPAGNE-ARDENNE,-1.9642857142857144,129.46428571428572,3.492857142857143,266.6589285714286,259.8642857142857,58.30357142857143,13446.42857142857,31.923076923076923,3.5,3082.1428571428573,101879.28571428572,261.9214285714286,269.87857142857143,260.0071428571428,6.3374999999999995,-10.0,0.0,0.0,-45.0,0.0,0.0035714285714285,0.0,0.0142857142857142,0.0285714285714285,2012-02-06,Hiver
5399,201206,94,CORSE,-0.8928571428571429,149.19642857142858,4.0339285714285715,276.5160714285714,270.34375,65.48214285714286,17593.75,68.04545454545455,4.118811881188119,1302.3364485981308,101301.42857142857,273.3857142857143,278.89285714285717,271.7928571428571,7.076785714285714,-10.0,0.009,0.0009090909090909,-43.93939393939394,0.0339285714285714,0.1214285714285714,0.2714285714285714,0.4785714285714286,1.5,2012-02-06,Hiver
5400,201206,43,FRANCHE-COMTE,-1.875,167.14285714285714,4.008035714285714,264.5169642857143,259.29375,64.60714285714286,12176.785714285714,63.666666666666664,3.8285714285714287,1718.0,99968.125,260.51785714285717,267.8892857142857,258.2214285714286,6.825,-10.0,0.0121999999999999,0.0,-44.65116279069768,0.0,0.0,0.0,0.0,0.0,2012-02-06,Hiver
5401,201206,23,HAUTE-NORMANDIE,0.5357142857142857,90.08928571428572,4.34375,272.1419642857143,268.6517857142857,77.23214285714286,9510.89108910891,67.60493827160494,6.017241379310345,1483.3333333333333,102524.10714285714,269.53214285714284,273.9785714285714,259.15,7.028571428571429,-10.0,0.0507142857142857,0.0007142857142857,-45.0,0.0053571428571428,0.0464285714285714,0.0428571428571428,0.1785714285714285,0.6142857142857142,2012-02-06,Hiver
5402,201206,91,LANGUEDOC-ROUSSILLON,-2.5688073394495414,255.2252252252252,4.97927927927928,269.9509009009009,260.2635135135135,49.12612612612613,19873.873873873872,19.897959183673468,1.9722222222222223,5127.631578947368,101644.77477477478,266.09814814814814,272.84999999999997,264.7928571428571,8.087387387387388,-10.0,0.0167272727272727,0.0,-43.57142857142857,0.0,0.0,0.0,0.0,0.1714285714285714,2012-02-06,Hiver
5403,201206,74,LIMOUSIN,-0.0892857142857142,179.91071428571428,3.836607142857143,265.56160714285716,261.6017857142857,71.84821428571429,9870.535714285714,41.0,3.3461538461538463,2633.3333333333335,99935.89285714286,262.08214285714286,268.1392857142857,261.72142857142853,6.552678571428571,-10.0,0.0592727272727272,0.0036363636363636,-45.45454545454545,0.0,0.0017857142857142,0.0071428571428571,0.0071428571428571,0.4571428571428572,2012-02-06,Hiver
5404,201206,41,LORRAINE,0.8518339768339769,193.21428571428572,3.340515796260477,284.8620535714286,280.4638392857143,76.875,22941.964285714286,77.08380069025021,4.472972972972973,1404.9461206896551,100070.444015444,281.3357142857143,288.05357142857144,279.2928571428571,6.159821428571428,-10.0,0.0,0.0,-45.0,0.05740025740025735,0.18908730158730155,0.3345238095238095,0.7571428571428571,1.5214285714285716,2012-02-06,Hiver
5405,201206,73,MIDI-PYRENEES,1.6071428571428572,270.625,4.10625,268.06607142857143,262.975,66.0625,16292.682926829268,22.8,3.6333333333333337,2956.25,99513.30357142857,264.375,271.0392857142857,263.7928571428571,7.035714285714286,-10.0,0.0381081081081081,0.0009090909090909,-43.63636363636363,0.0124999999999999,0.0441441441441441,0.1111111111111111,0.2142857142857142,1.4428571428571428,2012-02-06,Hiver
5406,201206,31,NORD-PAS-DE-CALAIS,-3.4234234234234235,78.82882882882883,3.2882882882882885,268.03648648648647,264.2905405405405,73.72972972972973,8605.405405405405,40.888888888888886,3.75,2574.5454545454545,102881.17117117115,264.95,270.2607142857143,263.5071428571428,5.218018018018018,-10.0,0.0128205128205128,0.0005479452054794,-42.73972602739726,0.0054054054054054,0.0144144144144144,0.0222222222222222,0.0428571428571428,0.0571428571428571,2012-02-06,Hiver
5407,201206,52,PAYS-DE-LA-LOIRE,0.8518339768339769,193.21428571428572,3.340515796260477,284.8620535714286,280.4638392857143,76.875,22941.964285714286,77.08380069025021,4.472972972972973,1404.9461206896551,100070.444015444,281.3357142857143,288.05357142857144,279.2928571428571,6.159821428571428,-10.0,0.0,0.0,-45.0,0.05740025740025735,0.18908730158730155,0.3345238095238095,0.7571428571428571,1.5214285714285716,2012-02-06,Hiver
5408,201206,22,PICARDIE,-3.4234234234234235,78.82882882882883,3.2882882882882885,268.03648648648647,264.2905405405405,73.72972972972973,8605.405405405405,40.888888888888886,3.75,2574.5454545454545,102881.17117117115,264.95,270.2607142857143,263.5071428571428,5.218018018018018,-10.0,0.0128205128205128,0.0005479452054794,-42.73972602739726,0.0054054054054054,0.0144144144144144,0.0222222222222222,0.0428571428571428,0.0571428571428571,2012-02-06,Hiver
5409,201206,54,POITOU-CHARENTES,-0.1785714285714285,172.76785714285714,3.304464285714286,266.8696428571429,261.75357142857143,67.375,11597.32142857143,40.83582089552239,3.9615384615384617,2264.4736842105262,101498.125,262.8535714285714,269.9107142857143,260.72142857142853,5.766071428571428,-10.0,0.04,0.0015151515151515,-45.45454545454545,0.0,0.0017857142857142,0.0,0.0071428571428571,0.2,2012-02-06,Hiver
5410,201206,93,PROVENCE-ALPES-COTE-D-AZUR,0.8518339768339769,193.21428571428572,3.340515796260477,284.8620535714286,280.4638392857143,76.875,22941.964285714286,77.08380069025021,4.472972972972973,1404.9461206896551,100070.444015444,281.3357142857143,288.05357142857144,279.2928571428571,6.159821428571428,-10.0,0.0,0.0,-45.0,0.05740025740025735,0.18908730158730155,0.3345238095238095,0.7571428571428571,1.5214285714285716,2012-02-06,Hiver
5411,201206,11,ILE-DE-FRANCE,-2.6785714285714284,82.5,3.882142857142857,268.93571428571425,261.89464285714286,56.767857142857146,12089.285714285714,35.357142857142854,4.133333333333334,3213.3333333333335,102323.03571428572,265.35,271.6,263.0071428571428,6.732142857142857,-10.0,0.0,0.0,-45.0,0.0,0.0,0.0,0.0,0.0,2012-02-06,Hiver
5412,201206,82,RHONE-ALPES,-2.5,321.7857142857143,5.7178571428571425,266.2017857142857,259.69107142857143,57.339285714285715,11982.142857142857,17.053571428571427,2.066666666666667,2701.6666666666665,99795.17857142857,262.9642857142857,269.00714285714287,261.72142857142853,8.85357142857143,-10.0,0.0,0.0,-45.0,0.0,0.0,0.0,0.0,0.0,2012-02-06,Hiver
5413,201205,42,ALSACE,11.160714285714286,127.67857142857144,5.135714285714286,267.94910714285714,262.7357142857143,65.61607142857143,15069.642857142857,98.1,4.472972972972973,711.3725490196078,100333.92857142857,265.9107142857143,270.1607142857143,265.0071428571428,8.192857142857143,-10.0,0.0,0.0,-45.0,0.0071428571428571,0.0232142857142857,0.0071428571428571,0.0928571428571428,0.2714285714285714,2012-01-30,Hiver
5414,201205,72,AQUITAINE,5.714285714285714,216.07142857142856,4.45625,272.4267857142857,267.8026785714286,70.58928571428571,13726.785714285714,68.11320754716981,5.064102564102564,1417.4418604651162,101286.42857142857,270.26785714285717,274.6535714285714,269.57857142857137,7.310714285714285,-10.0,0.01125,0.0014130434782608,-44.34782608695652,0.0892857142857142,0.254054054054054,0.5925925925925926,1.0814814814814817,2.0076923076923077,2012-01-30,Hiver
5415,201205,83,AUVERGNE,7.678571428571429,248.21428571428572,3.0232142857142854,268.12678571428575,263.8910714285714,70.60714285714286,15028.57142857143,70.18181818181819,6.666666666666667,1221.428571428571,98468.21428571428,266.5285714285714,269.8428571428571,265.29285714285714,5.871428571428572,-10.0,0.0623529411764705,0.0060377358490566,-45.283018867924525,0.0535714285714285,0.1607142857142857,0.2857142857142857,0.6428571428571429,1.3571428571428572,2012-01-30,Hiver
5416,201205,25,BASSE-NORMANDIE,8.839285714285714,82.58928571428571,3.5437499999999997,271.09375,266.9946428571429,73.75892857142857,13861.44578313253,58.51351351351352,5.044444444444444,802.542372881356,101618.57142857143,269.075,273.25714285714287,266.8642857142857,6.370535714285714,-10.0,0.0272727272727272,0.0168852459016393,-46.721311475409834,0.0232142857142857,0.0696428571428571,0.1642857142857142,0.2857142857142857,0.2857142857142857,2012-01-30,Hiver
5417,201205,26,BOURGOGNE,8.571428571428571,129.10714285714286,4.347321428571428,269.1348214285714,263.5776785714286,64.3125,16997.321428571428,81.71428571428571,4.947368421052632,880.5970149253732,100200.17857142857,267.23214285714283,271.05357142857144,266.0071428571428,7.360714285714286,-10.0,0.008125,0.0,-44.44444444444444,0.0,0.0035714285714285,0.0142857142857142,0.0142857142857142,0.0285714285714285,2012-01-30,Hiver
5418,201205,53,BRETAGNE,8.928571428571429,119.88095238095238,4.789285714285715,275.572619047619,271.4458333333333,75.35714285714286,16176.785714285714,85.67857142857143,6.146788990825688,755.5714285714286,102095.89285714286,273.2690476190476,277.45,269.65,8.325595238095238,-10.0,0.0,0.0006896551724137,-44.48275862068966,0.119047619047619,0.3509090909090909,0.6219512195121951,1.4925000000000002,3.75,2012-01-30,Hiver
5419,201205,24,CENTRE,8.035714285714286,91.51785714285714,3.642857142857143,269.7607142857143,263.70714285714286,61.61607142857143,14516.07142857143,58.63157894736842,5.142857142857143,1295.2054794520548,101217.14285714286,267.8464285714286,271.6535714285714,266.7928571428571,6.894642857142857,-10.0,0.0073684210526315,0.0001219512195121,-44.63414634146341,0.0,0.0035714285714285,0.0142857142857142,0.0142857142857142,0.0285714285714285,2012-01-30,Hiver
5420,201205,21,CHAMPAGNE-ARDENNE,9.285714285714286,163.03571428571428,3.3642857142857143,268.3,262.56964285714287,62.892857142857146,13357.142857142857,48.07692307692308,4.555555555555555,1800.0,101364.82142857143,265.64285714285717,270.93571428571425,264.57857142857137,6.223214285714286,-10.0,0.0,0.0,-46.15384615384615,0.0,0.0,0.0,0.0,0.0,2012-01-30,Hiver
5421,201205,94,CORSE,7.5,149.82142857142858,3.7642857142857142,278.14732142857144,273.5473214285714,73.38392857142857,17464.285714285714,87.23214285714286,5.676470588235294,969.7321428571428,101220.44642857143,276.54285714285714,280.1107142857143,275.65,6.829464285714286,-10.0,0.01,0.0008602150537634,-43.54838709677419,0.2205357142857142,0.7821428571428571,2.2857142857142856,3.835714285714286,8.592857142857143,2012-01-30,Hiver
5422,201205,43,FRANCHE-COMTE,10.535714285714286,179.375,4.151785714285714,267.2758928571429,263.02946428571425,71.46428571428571,13616.07142857143,77.86585365853658,5.3428571428571425,637.887323943662,99485.08928571428,264.9142857142857,269.7392857142857,263.7214285714286,7.024107142857143,-10.0,0.0202380952380952,0.0028571428571428,-45.0,0.0035714285714285,0.0107142857142857,0.0,0.0428571428571428,0.1714285714285714,2012-01-30,Hiver
5423,201205,23,HAUTE-NORMANDIE,-3.111111111111111,103.66666666666669,4.982222222222222,272.31333333333333,268.1166666666667,73.52222222222223,15181.818181818182,71.66666666666667,6.2894736842105265,879.8076923076923,101732.44444444444,270.3673913043478,274.3239130434782,265.2928571428571,8.034831460674157,-10.0,0.04,0.0029166666666666,-46.25,0.049438202247191,0.1318181818181818,0.29,0.7619047619047619,1.14,2012-01-30,Hiver
5424,201205,91,LANGUEDOC-ROUSSILLON,8.0,235.53571428571428,4.3446428571428575,272.7446428571429,265.50357142857143,60.330357142857146,24479.464285714286,56.63265306122449,4.46875,1879.1666666666667,101258.75,270.0107142857143,275.4107142857143,268.7928571428571,7.233928571428572,-10.0,0.0078947368421052,0.0019148936170212,-44.04255319148936,0.0178571428571428,0.0696428571428571,0.1428571428571428,0.2857142857142857,0.4571428571428572,2012-01-30,Hiver
5425,201205,74,LIMOUSIN,6.696428571428571,129.46428571428572,3.941071428571429,268.6017857142857,265.46696428571425,77.58928571428571,12756.25,76.49425287356321,6.6,842.2666666666667,99407.23214285714,266.8964285714286,270.2964285714286,265.57857142857137,6.796428571428572,-10.0,0.0324,0.0060975609756097,-44.63414634146341,0.0839285714285714,0.2785714285714286,0.6142857142857142,1.157142857142857,1.8142857142857145,2012-01-30,Hiver
5426,201205,41,LORRAINE,0.8518339768339769,193.21428571428572,3.340515796260477,284.8620535714286,280.4638392857143,76.875,22941.964285714286,77.08380069025021,4.472972972972973,1404.9461206896551,100070.444015444,281.3357142857143,288.05357142857144,279.2928571428571,6.159821428571428,-10.0,0.0,0.0,-45.0,0.05740025740025735,0.18908730158730155,0.3345238095238095,0.7571428571428571,1.5214285714285716,2012-01-30,Hiver
5427,201205,73,MIDI-PYRENEES,1.4678899082568808,250.63636363636363,3.793636363636364,271.65090909090907,267.4990909090909,73.19090909090909,15541.975308641977,73.83116883116882,5.833333333333333,1312.5,99032.36363636365,269.11785714285713,273.9607142857143,267.65,6.6854545454545455,-10.0,0.0293333333333333,0.0046153846153846,-43.38461538461539,0.0909090909090909,0.2623853211009174,0.2222222222222222,1.042857142857143,1.2357142857142858,2012-01-30,Hiver
5428,201205,31,NORD-PAS-DE-CALAIS,7.589285714285714,91.37614678899082,4.244036697247706,269.11160714285717,264.1517857142857,67.59821428571429,15924.107142857143,42.83132530120482,5.545454545454546,1680.0,102338.66071428572,266.7285714285714,271.475,265.93571428571425,6.931192660550459,-10.0,0.0147222222222222,0.0006666666666666,-43.2,0.0089285714285714,0.0089285714285714,0.0,0.0357142857142857,0.0714285714285714,2012-01-30,Hiver
5429,201205,52,PAYS-DE-LA-LOIRE,0.8518339768339769,193.21428571428572,3.340515796260477,284.8620535714286,280.4638392857143,76.875,22941.964285714286,77.08380069025021,4.472972972972973,1404.9461206896551,100070.444015444,281.3357142857143,288.05357142857144,279.2928571428571,6.159821428571428,-10.0,0.0,0.0,-45.0,0.05740025740025735,0.18908730158730155,0.3345238095238095,0.7571428571428571,1.5214285714285716,2012-01-30,Hiver
5430,201205,22,PICARDIE,7.589285714285714,91.37614678899082,4.244036697247706,269.11160714285717,264.1517857142857,67.59821428571429,15924.107142857143,42.83132530120482,5.545454545454546,1680.0,102338.66071428572,266.7285714285714,271.475,265.93571428571425,6.931192660550459,-10.0,0.0147222222222222,0.0006666666666666,-43.2,0.0089285714285714,0.0089285714285714,0.0,0.0357142857142857,0.0714285714285714,2012-01-30,Hiver
5431,201205,54,POITOU-CHARENTES,7.678571428571429,122.5,3.59375,269.43928571428575,265.27232142857144,72.3125,13308.035714285714,71.09756097560975,5.7631578947368425,935.2112676056338,100948.66071428572,267.51785714285717,271.26785714285717,266.0071428571428,6.465178571428572,-10.0,0.0238888888888888,0.0031818181818181,-44.31818181818182,0.0464285714285714,0.1446428571428571,0.2714285714285714,0.6,0.9928571428571428,2012-01-30,Hiver
5432,201205,93,PROVENCE-ALPES-COTE-D-AZUR,0.8518339768339769,193.21428571428572,3.340515796260477,284.8620535714286,280.4638392857143,76.875,22941.964285714286,77.08380069025021,4.472972972972973,1404.9461206896551,100070.444015444,281.3357142857143,288.05357142857144,279.2928571428571,6.159821428571428,-10.0,0.0,0.0,-45.0,0.05740025740025735,0.18908730158730155,0.3345238095238095,0.7571428571428571,1.5214285714285716,2012-01-30,Hiver
5433,201205,11,ILE-DE-FRANCE,8.75,79.28571428571429,3.9839285714285713,269.74107142857144,263.23035714285714,58.892857142857146,14737.5,51.81818181818182,5.243243243243243,1644.5945945945946,101790.89285714286,267.82142857142856,271.75714285714287,266.72142857142853,7.176785714285715,-10.0,0.00125,0.0001818181818181,-44.72727272727273,0.0,0.0,0.0,0.0,0.0,2012-01-30,Hiver
5434,201205,82,RHONE-ALPES,8.928571428571429,298.0357142857143,5.7124999999999995,269.0875,264.81428571428575,70.94642857142857,12621.42857142857,69.01785714285714,6.619047619047619,1510.0,99371.25,267.95714285714286,270.74285714285713,267.8642857142857,8.283928571428572,-10.0,0.0211428571428571,0.0025454545454545,-44.72727272727273,0.0321428571428571,0.0836363636363636,0.0714285714285714,0.3846153846153846,0.7428571428571429,2012-01-30,Hiver
5435,201204,42,ALSACE,9.909090909090908,152.33009708737865,2.275728155339806,277.2281818181818,275.44272727272727,88.44545454545455,15510.90909090909,99.34615384615384,4.472972972972973,801.8947368421053,99933.45454545454,276.04285714285714,278.7357142857143,275.2928571428571,4.168269230769231,-10.0,0.0,0.0,-45.0,0.0545454545454545,0.1309090909090909,0.3185185185185185,0.5571428571428572,1.0857142857142856,2012-01-23,Hiver
5436,201204,72,AQUITAINE,4.464285714285714,244.19642857142856,2.441071428571429,279.95714285714286,277.39910714285713,84.58928571428571,20618.75,80.14814814814815,5.76595744680851,891.7142857142857,101168.66071428572,277.50357142857143,282.56071428571425,276.22142857142853,4.460714285714286,-10.0,0.0,0.0,-43.37837837837838,0.0107142857142857,0.0428571428571428,0.0857142857142857,0.1928571428571428,0.4571428571428572,2012-01-23,Hiver
5437,201204,83,AUVERGNE,1.2727272727272727,171.0909090909091,1.910909090909091,278.3627272727273,275.4281818181818,82.36363636363636,19654.545454545456,83.0909090909091,6.5,889.811320754717,98307.45454545454,275.69615384615383,280.91923076923075,274.2928571428571,4.201818181818182,-10.0,0.0022222222222222,0.0003703703703703,-45.0,0.0333333333333333,0.1056603773584905,0.2,0.2833333333333333,0.3999999999999999,2012-01-23,Hiver
5438,201204,25,BASSE-NORMANDIE,13.035714285714286,211.96428571428572,3.3723214285714285,278.9526785714286,276.96517857142857,87.48214285714286,21183.333333333332,75.64935064935065,4.844827586206897,633.7837837837837,100938.48214285714,276.7142857142857,281.25714285714287,275.15,5.983928571428572,-10.0,0.0,0.0,-46.45161290322581,0.0910714285714285,0.2142857142857142,0.4071428571428571,0.9357142857142856,1.7571428571428571,2012-01-23,Hiver
5439,201204,26,BOURGOGNE,6.756756756756757,199.80769230769232,2.3096153846153844,278.2689189189189,276.8148648648649,90.68468468468468,14880.18018018018,97.36082474226804,6.384615384615385,738.7640449438202,99876.12612612612,276.9428571428571,279.85714285714283,275.57857142857137,4.140952380952381,-10.0,0.0,0.0,-45.0,0.0504504504504504,0.1369369369369369,0.3999999999999999,0.6071428571428571,1.2142857142857142,2012-01-23,Hiver
5440,201204,53,BRETAGNE,9.939759036144578,224.57831325301208,3.700602409638554,280.5861445783133,277.7789156626506,83.07831325301204,22402.439024390245,83.13793103448276,5.7889908256880735,727.4834437086092,101515.90361445784,278.9595238095238,282.5166666666667,275.8642857142857,7.116265060240964,-10.0,0.0,0.0,-45.42857142857143,0.0662650602409638,0.2313253012048192,0.305,0.8904761904761904,1.6428571428571428,2012-01-23,Hiver
5441,201204,24,CENTRE,11.160714285714286,204.46428571428572,2.474107142857143,278.7339285714286,277.0651785714286,89.41071428571429,12891.964285714286,86.76237623762377,5.725,1054.851485148515,100691.33928571428,277.12857142857143,280.6392857142857,275.3642857142857,4.6125,-10.0,0.0,0.0,-45.36585365853659,0.0553571428571428,0.1696428571428571,0.2857142857142857,0.7357142857142858,1.4714285714285715,2012-01-23,Hiver
5442,201204,21,CHAMPAGNE-ARDENNE,13.035714285714286,176.78571428571428,2.882142857142857,278.00178571428575,276.2839285714286,88.875,11551.785714285714,92.14285714285714,5.607142857142857,776.4285714285714,100798.39285714286,276.2357142857143,279.75714285714287,275.15,4.953571428571428,-10.0,0.0,0.0,-45.0,0.0428571428571428,0.0928571428571428,0.1142857142857143,0.4285714285714285,0.7714285714285715,2012-01-23,Hiver
5443,201204,94,CORSE,2.5892857142857144,140.98214285714286,2.3642857142857143,282.5410714285714,278.1107142857143,74.96428571428571,22633.928571428572,70.36363636363636,5.02020202020202,1164.3564356435645,101588.39285714286,279.16785714285714,285.2,277.0071428571428,4.175892857142857,-10.0,0.0,0.0,-43.93939393939394,0.175,0.4428571428571429,0.1785714285714285,1.0714285714285714,0.6714285714285715,2012-01-23,Hiver
5444,201204,43,FRANCHE-COMTE,7.027027027027027,197.1153846153846,2.7471153846153844,277.522972972973,275.69234234234233,88.32432432432432,16547.747747747748,97.54205607476636,6.7073170731707314,719.2857142857143,99176.75675675676,276.4607142857143,278.875,275.72142857142853,4.863809523809524,-10.0,0.0,0.0,-44.166666666666664,0.0745454545454545,0.1909090909090909,0.4642857142857143,0.7703703703703704,1.4615384615384617,2012-01-23,Hiver
5445,201204,23,HAUTE-NORMANDIE,12.909090909090908,209.27927927927928,5.196396396396396,279.97162162162164,277.68153153153156,86.09909909909909,15976.595744680852,80.11764705882354,6.12280701754386,884.074074074074,101129.54954954956,278.4107142857143,281.65,272.2928571428571,8.349549549549549,-10.0,0.0,0.0,-43.75,0.0909090909090909,0.3,0.3846153846153846,1.1703703703703705,2.2846153846153845,2012-01-23,Hiver
5446,201204,91,LANGUEDOC-ROUSSILLON,1.2037037037037035,251.69642857142856,3.174107142857143,280.6330357142857,276.2035714285714,75.51785714285714,32448.214285714286,70.20192307692308,4.1,1784.4554455445543,101251.69642857143,277.56428571428575,283.59285714285716,276.07857142857137,5.154464285714285,-10.0,0.0,0.0,-43.888888888888886,0.0071428571428571,0.0321428571428571,0.1214285714285714,0.1571428571428571,0.3,2012-01-23,Hiver
5447,201204,74,LIMOUSIN,5.625,224.7321428571429,2.195535714285714,278.04017857142856,276.6714285714286,91.24107142857144,19592.85714285714,92.14285714285714,6.339622641509434,622.1428571428571,99196.07142857143,276.31071428571425,279.8642857142857,275.2928571428571,4.1375,-10.0,0.0,0.0003030303030303,-44.54545454545455,0.0392857142857142,0.0821428571428571,0.1571428571428571,0.3285714285714285,0.7142857142857143,2012-01-23,Hiver
5448,201204,41,LORRAINE,0.8518339768339769,193.21428571428572,3.340515796260477,284.8620535714286,280.4638392857143,76.875,22941.964285714286,77.08380069025021,4.472972972972973,1404.9461206896551,100070.444015444,281.3357142857143,288.05357142857144,279.2928571428571,6.159821428571428,-10.0,0.0,0.0,-45.0,0.05740025740025735,0.18908730158730155,0.3345238095238095,0.7571428571428571,1.5214285714285716,2012-01-23,Hiver
5449,201204,73,MIDI-PYRENEES,-2.05607476635514,224.57943925233644,2.4177570093457943,278.69392523364485,275.938785046729,83.24299065420561,21721.951219512193,78.81012658227849,5.895522388059701,1137.8947368421052,99085.14018691589,276.28076923076924,281.41923076923075,273.99615384615385,4.5429906542056075,-10.0,0.0025,0.0001428571428571,-43.714285714285715,0.0149532710280373,0.0897196261682242,0.1703703703703703,0.3461538461538461,0.5692307692307692,2012-01-23,Hiver
5450,201204,31,NORD-PAS-DE-CALAIS,21.26126126126126,177.47747747747746,3.2864864864864867,277.64279279279276,276.11756756756756,90.05405405405405,15204.504504504504,81.91566265060241,5.918918918918919,1008.918918918919,101373.96396396396,275.8357142857143,279.59285714285716,274.43571428571425,5.403603603603603,-10.0,0.0,0.0,-43.6,0.0486486486486486,0.1763636363636363,0.3,0.7185185185185186,1.553846153846154,2012-01-23,Hiver
5451,201204,52,PAYS-DE-LA-LOIRE,0.8518339768339769,193.21428571428572,3.340515796260477,284.8620535714286,280.4638392857143,76.875,22941.964285714286,77.08380069025021,4.472972972972973,1404.9461206896551,100070.444015444,281.3357142857143,288.05357142857144,279.2928571428571,6.159821428571428,-10.0,0.0,0.0,-45.0,0.05740025740025735,0.18908730158730155,0.3345238095238095,0.7571428571428571,1.5214285714285716,2012-01-23,Hiver
5452,201204,22,PICARDIE,21.26126126126126,177.47747747747746,3.2864864864864867,277.64279279279276,276.11756756756756,90.05405405405405,15204.504504504504,81.91566265060241,5.918918918918919,1008.918918918919,101373.96396396396,275.8357142857143,279.59285714285716,274.43571428571425,5.403603603603603,-10.0,0.0,0.0,-43.6,0.0486486486486486,0.1763636363636363,0.3,0.7185185185185186,1.553846153846154,2012-01-23,Hiver
5453,201204,54,POITOU-CHARENTES,7.5,224.28571428571428,2.3705357142857144,278.7955357142857,277.1928571428571,89.85714285714286,19011.60714285714,90.9010989010989,6.188679245283019,716.421052631579,100591.25,277.0964285714286,280.7607142857143,275.7928571428571,4.340178571428571,-10.0,0.0,0.0,-45.0,0.0428571428571428,0.0982142857142857,0.2857142857142857,0.4428571428571429,0.8285714285714286,2012-01-23,Hiver
5454,201204,93,PROVENCE-ALPES-COTE-D-AZUR,0.8518339768339769,193.21428571428572,3.340515796260477,284.8620535714286,280.4638392857143,76.875,22941.964285714286,77.08380069025021,4.472972972972973,1404.9461206896551,100070.444015444,281.3357142857143,288.05357142857144,279.2928571428571,6.159821428571428,-10.0,0.0,0.0,-45.0,0.05740025740025735,0.18908730158730155,0.3345238095238095,0.7571428571428571,1.5214285714285716,2012-01-23,Hiver
5455,201204,11,ILE-DE-FRANCE,14.821428571428571,199.82142857142856,2.6714285714285713,278.79464285714283,276.82142857142856,87.53571428571429,14528.57142857143,80.64285714285714,5.407407407407407,1376.909090909091,101109.64285714286,277.0357142857143,280.7785714285714,275.0071428571428,4.873214285714285,-10.0,0.0,0.0,-45.55555555555556,0.0607142857142857,0.1964285714285714,0.1428571428571428,0.7999999999999999,1.6857142857142855,2012-01-23,Hiver
5456,201204,82,RHONE-ALPES,0.1785714285714285,192.67857142857144,2.539285714285714,278.94107142857143,276.7107142857143,85.96428571428571,14933.92857142857,95.80357142857144,7.285714285714286,580.0,99282.14285714286,277.56428571428575,280.55,277.0071428571428,4.5946428571428575,-10.0,0.0,0.0,-45.0,0.0392857142857142,0.1285714285714286,0.2142857142857142,0.4857142857142857,1.0285714285714287,2012-01-23,Hiver
5457,201203,42,ALSACE,-3.5454545454545454,202.72727272727272,3.6190909090909087,276.06636363636363,273.42454545454547,83.3,26891.81818181818,99.6153846153846,4.472972972972973,729.2647058823529,100165.54545454546,273.1425925925926,278.0611111111111,271.57857142857137,7.088181818181819,-10.0,0.0,0.0,-45.0,0.08,0.1981818181818181,0.5285714285714286,0.8074074074074075,1.542857142857143,2012-01-16,Hiver
5458,201203,72,AQUITAINE,14.375,218.75,3.1374999999999997,280.8857142857143,278.67857142857144,86.41964285714286,14543.75,88.56363636363636,6.336956521739131,788.5046728971963,101685.08928571428,278.4142857142857,282.475,276.72142857142853,5.395535714285714,-10.0,0.0,0.0,-43.43283582089552,0.0482142857142857,0.1089285714285714,0.2357142857142857,0.4285714285714285,0.7857142857142857,2012-01-16,Hiver
5459,201203,83,AUVERGNE,9.107142857142858,192.32142857142856,2.4035714285714285,278.0375,274.425,78.75,17751.785714285714,77.64285714285714,4.829787234042553,2059.5833333333335,98771.42857142857,274.79285714285714,280.1357142857143,273.2928571428571,5.7,-10.0,0.0,0.0,-44.72727272727273,0.0,0.0,0.0,0.0,0.0,2012-01-16,Hiver
5460,201203,25,BASSE-NORMANDIE,1.0714285714285714,210.08928571428572,5.097321428571428,278.98125,276.71785714285716,85.51785714285714,16168.67469879518,83.56164383561644,5.571428571428571,1830.2857142857144,101191.96428571428,276.65,280.89285714285717,274.2928571428571,8.7625,-10.0,0.0,0.0,-46.22950819672131,0.0089285714285714,0.0375,0.0428571428571428,0.15,0.3428571428571429,2012-01-16,Hiver
5461,201203,26,BOURGOGNE,6.545454545454546,200.63636363636363,3.667272727272727,277.1727272727273,275.11454545454546,86.75454545454545,18587.727272727272,92.61111111111111,5.269230769230769,1066.7088607594935,100242.18181818182,274.57592592592596,278.9388888888889,273.2928571428571,6.8936363636363645,-10.0,0.0,0.0,-45.0,0.0236363636363636,0.0981818181818181,0.3,0.4222222222222222,0.8571428571428571,2012-01-16,Hiver
5462,201203,53,BRETAGNE,8.035714285714286,223.6309523809524,4.949404761904762,281.0130952380952,279.072619047619,87.85119047619048,15579.640718562874,85.7516339869281,5.97,1192.94964028777,101812.67857142857,278.8880952380952,282.57142857142856,275.43571428571425,8.980357142857143,-10.0,0.0,0.0,-44.31818181818182,0.0226190476190476,0.0666666666666666,0.1047619047619047,0.2714285714285714,0.6571428571428571,2012-01-16,Hiver
5463,201203,24,CENTRE,1.9642857142857144,200.625,4.166071428571429,278.85089285714287,276.07589285714283,82.72321428571429,16062.05357142857,78.57843137254902,5.342465753424658,1713.010752688172,100982.94642857143,276.2357142857143,280.7142857142857,274.5071428571428,7.939285714285715,-10.0,0.0,0.0,-44.81927710843374,0.0125,0.0678571428571428,0.15,0.2714285714285714,0.5714285714285714,2012-01-16,Hiver
5464,201203,21,CHAMPAGNE-ARDENNE,-3.392857142857143,186.78571428571428,5.489285714285714,277.7982142857143,274.9482142857143,81.89285714285714,14758.92857142857,80.53571428571429,5.333333333333333,2555.5555555555557,101026.96428571428,274.93571428571425,279.87857142857143,272.8642857142857,8.967857142857143,-10.0,0.0,0.0,-45.0,0.0214285714285714,0.0892857142857142,0.1999999999999999,0.3571428571428571,0.6857142857142857,2012-01-16,Hiver
5465,201203,94,CORSE,-7.946428571428571,145.08928571428572,2.700892857142857,282.03035714285716,277.46517857142857,74.15178571428571,23008.928571428572,49.714285714285715,3.0631578947368423,1588.421052631579,102118.83928571428,278.025,285.1357142857143,275.5071428571428,4.697321428571429,-10.0,0.0,0.0,-44.4,0.0124999999999999,0.0357142857142857,0.0785714285714285,0.1642857142857142,0.3428571428571428,2012-01-16,Hiver
5466,201203,43,FRANCHE-COMTE,-0.2727272727272727,222.1818181818182,3.463636363636364,275.8109090909091,273.51727272727277,85.34545454545454,19610.909090909092,83.45744680851064,4.230769230769231,1590.7317073170732,99476.81818181818,272.8462962962963,277.7462962962963,271.07857142857137,6.871818181818182,-10.0,0.0,0.0,-45.0,0.0472727272727272,0.146788990825688,0.3555555555555555,0.6538461538461539,1.2615384615384615,2012-01-16,Hiver
5467,201203,23,HAUTE-NORMANDIE,-1.7857142857142858,222.05357142857144,7.203571428571428,280.1830357142857,277.79464285714283,85.07142857142857,15121.739130434782,78.19736842105263,5.781818181818182,1364.4594594594594,101331.78571428572,278.3285714285714,281.4428571428571,273.57857142857137,11.6125,-10.0,0.0,0.0,-44.44444444444444,0.0428571428571428,0.0964285714285714,0.1285714285714286,0.3642857142857142,0.8142857142857143,2012-01-16,Hiver
5468,201203,91,LANGUEDOC-ROUSSILLON,8.598130841121495,221.5178571428571,4.041071428571429,281.28482142857143,277.1607142857143,76.75892857142857,25515.178571428572,63.20754716981132,4.3125,1808.426966292135,101821.25,278.03214285714284,283.76785714285717,276.07857142857137,6.763392857142857,-10.0,0.0,0.0,-44.08163265306123,0.0324324324324324,0.0414414414414414,0.1185185185185185,0.1629629629629629,0.3076923076923077,2012-01-16,Hiver
5469,201203,74,LIMOUSIN,12.410714285714286,200.44642857142856,3.246428571428571,278.8482142857143,277.20714285714286,89.50892857142857,16489.285714285714,88.78350515463917,4.9411764705882355,1098.8297872340424,99610.35714285714,276.5214285714286,280.4714285714286,275.22142857142853,5.921428571428572,-10.0,0.0,0.0,-44.57142857142857,0.06875,0.2,0.3071428571428571,0.7928571428571428,1.5357142857142858,2012-01-16,Hiver
5470,201203,41,LORRAINE,0.8518339768339769,193.21428571428572,3.340515796260477,284.8620535714286,280.4638392857143,76.875,22941.964285714286,77.08380069025021,4.472972972972973,1404.9461206896551,100070.444015444,281.3357142857143,288.05357142857144,279.2928571428571,6.159821428571428,-10.0,0.0,0.0,-45.0,0.05740025740025735,0.18908730158730155,0.3345238095238095,0.7571428571428571,1.5214285714285716,2012-01-16,Hiver
5471,201203,73,MIDI-PYRENEES,15.357142857142858,209.7321428571429,2.6294642857142856,279.74375,276.63392857142856,81.10714285714286,17724.69135802469,75.88607594936708,5.405797101449275,1024.0,99559.64285714286,276.18928571428575,282.54285714285714,272.93571428571425,5.017857142857143,-10.0,0.0,0.0,-43.75,0.0410714285714285,0.0642857142857143,0.1428571428571428,0.2642857142857143,0.5,2012-01-16,Hiver
5472,201203,31,NORD-PAS-DE-CALAIS,-11.875,207.94642857142856,6.264285714285714,278.4660714285714,275.8535714285714,83.26785714285714,17105.35714285714,71.30952380952381,4.453333333333333,2736.9736842105262,101428.57142857143,276.2285714285714,280.15,274.93571428571425,10.109821428571427,-10.0,0.0,0.0,-43.421052631578945,0.0607142857142857,0.1910714285714285,0.3714285714285714,0.7642857142857142,1.5857142857142856,2012-01-16,Hiver
5473,201203,52,PAYS-DE-LA-LOIRE,0.8518339768339769,193.21428571428572,3.340515796260477,284.8620535714286,280.4638392857143,76.875,22941.964285714286,77.08380069025021,4.472972972972973,1404.9461206896551,100070.444015444,281.3357142857143,288.05357142857144,279.2928571428571,6.159821428571428,-10.0,0.0,0.0,-45.0,0.05740025740025735,0.18908730158730155,0.3345238095238095,0.7571428571428571,1.5214285714285716,2012-01-16,Hiver
5474,201203,22,PICARDIE,-11.875,207.94642857142856,6.264285714285714,278.4660714285714,275.8535714285714,83.26785714285714,17105.35714285714,71.30952380952381,4.453333333333333,2736.9736842105262,101428.57142857143,276.2285714285714,280.15,274.93571428571425,10.109821428571427,-10.0,0.0,0.0,-43.421052631578945,0.0607142857142857,0.1910714285714285,0.3714285714285714,0.7642857142857142,1.5857142857142856,2012-01-16,Hiver
5475,201203,54,POITOU-CHARENTES,9.375,200.80357142857144,3.8026785714285714,278.9294642857143,277.08035714285717,88.01785714285714,18047.76785714286,87.14893617021276,4.979591836734694,1349.3333333333333,100965.26785714286,276.21785714285716,280.775,274.8642857142857,6.942857142857143,-10.0,0.0,0.0,-45.0,0.0071428571428571,0.0535714285714285,0.1357142857142857,0.2142857142857142,0.4714285714285714,2012-01-16,Hiver
5476,201203,93,PROVENCE-ALPES-COTE-D-AZUR,0.8518339768339769,193.21428571428572,3.340515796260477,284.8620535714286,280.4638392857143,76.875,22941.964285714286,77.08380069025021,4.472972972972973,1404.9461206896551,100070.444015444,281.3357142857143,288.05357142857144,279.2928571428571,6.159821428571428,-10.0,0.0,0.0,-45.0,0.05740025740025735,0.18908730158730155,0.3345238095238095,0.7571428571428571,1.5214285714285716,2012-01-16,Hiver
5477,201203,11,ILE-DE-FRANCE,-3.75,202.1428571428571,4.266071428571428,279.0678571428571,275.5839285714286,78.83928571428571,18542.85714285714,72.85714285714286,5.382978723404255,1957.9166666666667,101330.89285714286,276.5214285714286,280.81428571428575,274.15,7.985714285714286,-10.0,0.0,0.0,-44.72727272727273,0.0142857142857142,0.0571428571428571,0.0999999999999999,0.2285714285714286,0.4571428571428571,2012-01-16,Hiver
5478,201203,82,RHONE-ALPES,5.357142857142857,114.10714285714286,1.8392857142857144,275.43035714285713,274.36607142857144,92.91071428571428,7875.0,97.91071428571428,7.27027027027027,712.8947368421053,99832.85714285714,273.99285714285713,276.2,273.57857142857137,3.876785714285714,-10.0,0.0,0.0,-44.72727272727273,0.1214285714285714,0.375,0.9142857142857144,1.4714285714285715,2.7857142857142856,2012-01-16,Hiver
5479,201202,42,ALSACE,-11.607142857142858,158.57142857142858,2.3758928571428575,276.0169642857143,274.2910714285714,88.72321428571429,15110.267857142857,98.35211267605634,4.472972972972973,696.1643835616438,100744.64285714286,273.8392857142857,278.1107142857143,272.3642857142857,4.308928571428572,-10.0,0.0,0.0,-45.0,0.0071428571428571,0.0357142857142857,0.0285714285714285,0.1285714285714285,0.3714285714285714,2012-01-09,Hiver
5480,201202,72,AQUITAINE,-27.857142857142858,148.125,1.6508928571428572,276.4169642857143,274.49821428571425,88.14285714285714,10700.892857142857,63.22222222222222,5.576923076923077,1266.1016949152545,101658.30357142857,273.9857142857143,279.05357142857144,272.2928571428571,3.225892857142857,-10.0,0.0,0.0,-43.5,0.0,0.0053571428571428,0.0214285714285714,0.0214285714285714,0.1285714285714286,2012-01-09,Hiver
5481,201202,83,AUVERGNE,-23.214285714285715,101.96428571428572,1.2285714285714284,275.85,274.28035714285716,89.76785714285714,10269.642857142857,81.74074074074075,6.3061224489795915,417.0,99030.0,273.75714285714287,277.9142857142857,271.72142857142853,2.869642857142857,-10.0,0.0,0.0,-44.42307692307692,0.0,0.0,0.0285714285714285,0.0285714285714285,0.0571428571428571,2012-01-09,Hiver
5482,201202,25,BASSE-NORMANDIE,-19.821428571428573,163.57142857142858,2.5830357142857143,279.0482142857143,276.5517857142857,84.52678571428571,18415.47619047619,66.38888888888889,5.1020408163265305,1268.095238095238,101828.125,276.81071428571425,281.1392857142857,274.57857142857137,4.394642857142857,-10.0,0.0,0.0,-46.5,0.0054054054054054,0.009009009009009,0.0296296296296296,0.037037037037037,0.0615384615384615,2012-01-09,Hiver
5483,201202,26,BOURGOGNE,-20.446428571428573,131.78571428571428,2.588392857142857,276.7035714285714,274.88392857142856,88.24107142857143,15180.357142857143,86.94871794871794,6.0,748.0263157894736,100665.80357142857,274.95,278.65,274.07857142857137,4.389285714285714,-10.0,0.0,0.0,-45.0,0.0,0.0053571428571428,0.0,0.0214285714285714,0.0571428571428571,2012-01-09,Hiver
5484,201202,53,BRETAGNE,-24.457831325301203,157.91666666666666,2.636904761904762,280.4789156626506,277.3686746987952,81.50602409638554,20364.071856287424,80.24137931034483,5.769230769230769,1263.3812949640287,102294.16666666669,278.98,282.675,275.6884615384615,4.759036144578313,-10.0,0.0,0.0,-44.4,0.0024096385542168,0.0109090909090909,0.019047619047619,0.0439024390243902,0.0923076923076923,2012-01-09,Hiver
5485,201202,24,CENTRE,-19.910714285714285,161.69642857142858,2.511607142857143,278.1169642857143,275.5732142857143,84.28571428571429,15526.785714285714,65.11340206185567,5.546875,1201.125,101527.41071428572,276.0785714285714,280.325,274.07857142857137,4.416071428571429,-10.0,0.0,0.0,-45.18072289156626,0.0,0.0071428571428571,0.0142857142857142,0.0285714285714285,0.0571428571428571,2012-01-09,Hiver
5486,201202,21,CHAMPAGNE-ARDENNE,-14.642857142857142,163.57142857142858,2.1785714285714284,276.9660714285714,275.1464285714286,88.16071428571429,9706.25,73.03703703703704,5.083333333333333,1822.5,101672.5,274.59285714285716,279.5857142857143,272.72142857142853,4.073214285714285,-10.0,0.0,0.0,-44.44444444444444,0.0035714285714285,0.0428571428571428,0.0714285714285714,0.1857142857142857,0.3999999999999999,2012-01-09,Hiver
5487,201202,94,CORSE,0.625,145.89285714285714,2.8232142857142857,281.69464285714287,276.2160714285714,70.22321428571429,27441.964285714286,30.817307692307693,3.012987012987013,1307.5949367088608,102314.28571428572,277.3857142857143,285.05,274.8642857142857,4.547321428571428,-10.0,0.0,0.0,-44.24242424242424,0.0,0.0017857142857142,0.0,0.0071428571428571,0.0142857142857142,2012-01-09,Hiver
5488,201202,43,FRANCHE-COMTE,-13.660714285714286,157.23214285714286,2.2142857142857144,275.5705357142857,273.90803571428575,89.08035714285714,15303.57142857143,79.5505617977528,4.45,516.219512195122,100008.21428571428,273.5964285714286,277.6535714285714,271.72142857142853,4.34375,-10.0,0.0,0.0,-44.0,0.0035714285714285,0.0107142857142857,0.0,0.0428571428571428,0.1571428571428571,2012-01-09,Hiver
5489,201202,23,HAUTE-NORMANDIE,-17.321428571428573,195.0,3.9232142857142858,280.24107142857144,277.64464285714286,84.23214285714286,17570.212765957447,68.06493506493507,5.111111111111111,1618.2857142857142,102076.78571428572,278.7035714285714,281.8464285714286,272.8642857142857,6.2821428571428575,-10.0,0.0,0.0,-45.0,0.0017857142857142,0.0035714285714285,0.0071428571428571,0.0142857142857142,0.0428571428571428,2012-01-09,Hiver
5490,201202,91,LANGUEDOC-ROUSSILLON,-20.545454545454547,201.35135135135135,2.1972972972972973,277.6031531531532,273.60135135135135,77.76576576576576,22142.34234234234,38.24752475247525,4.255813953488372,1790.625,101801.98198198198,273.6722222222222,280.9611111111111,271.65,3.88018018018018,-10.0,0.0,0.0,-42.5,0.0,0.0054054054054054,0.0214285714285714,0.0222222222222222,0.1142857142857143,2012-01-09,Hiver
5491,201202,74,LIMOUSIN,-26.785714285714285,98.57142857142856,2.694642857142857,276.88214285714287,274.74375,86.90178571428571,20390.625,69.41975308641975,4.2926829268292686,1705.78125,99792.5,274.7964285714286,279.38214285714287,273.65,4.860714285714286,-10.0,0.0,0.0,-44.44444444444444,0.0017857142857142,0.0036036036036036,0.0142857142857142,0.0142857142857142,0.0285714285714285,2012-01-09,Hiver
5492,201202,41,LORRAINE,0.8518339768339769,193.21428571428572,3.340515796260477,284.8620535714286,280.4638392857143,76.875,22941.964285714286,77.08380069025021,4.472972972972973,1404.9461206896551,100070.444015444,281.3357142857143,288.05357142857144,279.2928571428571,6.159821428571428,-10.0,0.0,0.0,-45.0,0.05740025740025735,0.18908730158730155,0.3345238095238095,0.7571428571428571,1.5214285714285716,2012-01-09,Hiver
5493,201202,73,MIDI-PYRENEES,-27.410714285714285,197.41071428571428,1.2955357142857142,275.7446428571429,272.8357142857143,82.24107142857143,15750.617283950618,56.64102564102564,4.931818181818182,1463.953488372093,99451.96428571428,272.15,279.2035714285714,269.7928571428571,2.8651785714285714,-10.0,0.0,0.0,-42.72727272727273,0.0017857142857142,0.0107142857142857,0.0357142857142857,0.0428571428571428,0.1571428571428571,2012-01-09,Hiver
5494,201202,31,NORD-PAS-DE-CALAIS,-9.454545454545457,216.9090909090909,3.508181818181818,279.1818181818182,277.1881818181818,87.32727272727273,19834.8623853211,63.734939759036145,4.573333333333333,1580.5555555555557,102305.09090909093,277.26071428571424,281.4607142857143,275.72142857142853,5.582727272727273,-10.0,0.0,0.0,-43.6,0.0,0.0165137614678899,0.0461538461538461,0.0642857142857143,0.1142857142857143,2012-01-09,Hiver
5495,201202,52,PAYS-DE-LA-LOIRE,0.8518339768339769,193.21428571428572,3.340515796260477,284.8620535714286,280.4638392857143,76.875,22941.964285714286,77.08380069025021,4.472972972972973,1404.9461206896551,100070.444015444,281.3357142857143,288.05357142857144,279.2928571428571,6.159821428571428,-10.0,0.0,0.0,-45.0,0.05740025740025735,0.18908730158730155,0.3345238095238095,0.7571428571428571,1.5214285714285716,2012-01-09,Hiver
5496,201202,22,PICARDIE,-9.454545454545457,216.9090909090909,3.508181818181818,279.1818181818182,277.1881818181818,87.32727272727273,19834.8623853211,63.734939759036145,4.573333333333333,1580.5555555555557,102305.09090909093,277.26071428571424,281.4607142857143,275.72142857142853,5.582727272727273,-10.0,0.0,0.0,-43.6,0.0,0.0165137614678899,0.0461538461538461,0.0642857142857143,0.1142857142857143,2012-01-09,Hiver
5497,201202,54,POITOU-CHARENTES,-24.821428571428573,128.39285714285714,2.3482142857142856,277.1821428571429,275.5267857142857,89.30357142857143,13770.535714285714,79.855421686747,5.833333333333333,980.8219178082192,101310.35714285714,275.4428571428571,279.35,274.5071428571428,4.2526785714285715,-10.0,0.0,0.0,-45.0,0.0017857142857142,0.0071428571428571,0.0142857142857142,0.0285714285714285,0.0571428571428571,2012-01-09,Hiver
5498,201202,93,PROVENCE-ALPES-COTE-D-AZUR,0.8518339768339769,193.21428571428572,3.340515796260477,284.8620535714286,280.4638392857143,76.875,22941.964285714286,77.08380069025021,4.472972972972973,1404.9461206896551,100070.444015444,281.3357142857143,288.05357142857144,279.2928571428571,6.159821428571428,-10.0,0.0,0.0,-45.0,0.05740025740025735,0.18908730158730155,0.3345238095238095,0.7571428571428571,1.5214285714285716,2012-01-09,Hiver
5499,201202,11,ILE-DE-FRANCE,-16.428571428571427,179.82142857142858,2.5321428571428575,278.98214285714283,275.7732142857143,80.69642857142857,18267.85714285714,57.589285714285715,5.309523809523809,1353.4883720930231,102009.46428571428,276.6714285714286,281.3357142857143,273.15,4.451785714285714,-10.0,0.0,0.0,-45.27272727272727,0.0,0.0071428571428571,0.0285714285714285,0.0285714285714285,0.0571428571428571,2012-01-09,Hiver
5500,201202,82,RHONE-ALPES,-17.142857142857142,225.71428571428572,2.3285714285714287,275.87857142857143,273.8482142857143,86.71428571428571,10167.857142857143,73.05357142857143,6.255813953488372,574.5454545454545,100040.53571428572,274.4642857142857,277.74285714285713,273.57857142857137,4.205357142857143,-10.0,0.0,0.0,-44.44444444444444,0.0,0.0,0.0,0.0,0.0285714285714285,2012-01-09,Hiver
5501,201201,42,ALSACE,22.589285714285715,236.5178571428571,5.178571428571429,279.48035714285714,276.08214285714286,79.41071428571429,43618.75,96.08695652173913,4.472972972972973,1046.095238095238,99733.48214285714,277.5142857142857,281.54285714285714,276.22142857142853,9.996428571428572,-10.0,0.0,0.0,-45.0,0.2035714285714285,0.5178571428571429,0.6285714285714287,2.042857142857143,4.035714285714286,2012-01-02,Hiver
5502,201201,72,AQUITAINE,24.642857142857142,264.375,4.683035714285714,282.5526785714286,279.81160714285716,83.54464285714286,19935.714285714286,80.19626168224299,5.91578947368421,1054.0566037735848,101653.39285714286,280.375,284.50714285714287,278.5071428571428,8.010714285714286,-10.0,0.0,0.0,-43.93939393939394,0.0857142857142857,0.3107142857142856,0.3928571428571428,1.2428571428571429,2.4785714285714286,2012-01-02,Hiver
5503,201201,83,AUVERGNE,23.214285714285715,229.82142857142856,4.233928571428572,280.5839285714286,275.7357142857143,71.85714285714286,25767.85714285714,73.83928571428571,4.714285714285714,1060.7142857142858,98574.28571428572,277.9785714285714,282.8642857142857,276.43571428571425,8.764285714285714,-10.0,0.00125,0.0003636363636363,-45.27272727272727,0.029090909090909,0.1309090909090909,0.2153846153846154,0.5,1.0285714285714285,2012-01-02,Hiver
5504,201201,25,BASSE-NORMANDIE,40.089285714285715,258.39285714285717,6.345535714285715,281.4642857142857,278.4232142857143,81.5,18180.95238095238,80.50632911392405,5.327868852459017,809.2592592592592,100828.75,279.75714285714287,283.32142857142856,278.15,10.952678571428573,-10.0,0.0,0.0,-46.45161290322581,0.1017857142857142,0.2891891891891892,0.6464285714285715,1.2111111111111112,3.0461538461538464,2012-01-02,Hiver
5505,201201,26,BOURGOGNE,26.071428571428573,247.58928571428572,4.730357142857143,280.0285714285714,277.58482142857144,84.91071428571429,27254.464285714286,90.34482758620688,5.071428571428571,905.8415841584158,99930.0,278.12857142857143,281.83214285714286,276.5071428571428,9.1125,-10.0,0.0,0.0,-44.44444444444444,0.1999999999999999,0.4982142857142856,0.5571428571428572,1.9785714285714284,4.021428571428571,2012-01-02,Hiver
5506,201201,53,BRETAGNE,40.18292682926829,271.07142857142856,6.407738095238095,282.8529761904762,279.7875,81.69047619047619,21931.1377245509,89.25806451612904,6.445454545454545,659.5031055900621,101567.33333333331,281.1166666666667,284.35714285714283,279.15,11.898214285714284,-10.0,0.0,0.0,-45.0,0.0571428571428571,0.1976047904191616,0.4146341463414634,0.8390243902439024,3.6153846153846154,2012-01-02,Hiver
5507,201201,24,CENTRE,32.67857142857143,259.64285714285717,5.132142857142857,281.11607142857144,278.1089285714286,81.90178571428571,20644.64285714286,78.95833333333333,5.128205128205129,954.6601941747572,100644.55357142857,279.2035714285714,283.0285714285714,277.7928571428571,9.966964285714283,-10.0,0.0,0.0,-44.050632911392405,0.0517857142857142,0.2875,0.4214285714285714,1.1642857142857144,2.3857142857142857,2012-01-02,Hiver
5508,201201,21,CHAMPAGNE-ARDENNE,27.09090909090909,248.54545454545453,7.276363636363636,280.21727272727276,277.4627272727273,82.85454545454546,18791.071428571428,73.2,5.25,787.5,100612.0,278.05,282.5285714285714,276.72142857142853,11.52909090909091,-10.0,0.0,0.0,-44.4,0.1418181818181818,0.4981818181818181,1.0923076923076922,1.957142857142857,3.8428571428571425,2012-01-02,Hiver
5509,201201,94,CORSE,-12.767857142857142,187.5,4.029464285714286,283.36339285714286,276.1410714285714,64.19642857142857,28946.875,37.83653846153846,2.5542168674698793,1928.658536585366,101591.96428571428,279.35,286.88928571428573,276.2928571428571,7.849107142857143,-10.0,0.0,0.0,-44.04255319148936,0.0375,0.0785714285714285,0.0928571428571428,0.3,0.6,2012-01-02,Hiver
5510,201201,43,FRANCHE-COMTE,21.25,234.91071428571428,4.9071428571428575,279.13839285714283,276.20714285714286,82.0625,32591.964285714286,93.28125,5.7317073170731705,1037.2897196261683,99105.89285714286,276.9714285714286,281.04285714285714,275.15,9.51981981981982,-10.0,0.0,0.0,-44.63414634146341,0.2133928571428571,0.5207207207207207,0.8357142857142856,2.0074074074074075,4.084615384615384,2012-01-02,Hiver
5511,201201,23,HAUTE-NORMANDIE,41.607142857142854,273.125,9.059821428571428,282.2660714285714,278.98660714285717,80.50892857142857,23419.540229885057,83.07692307692308,5.983050847457627,874.7619047619048,100924.82142857143,280.7462962962963,283.60185185185185,276.72142857142853,14.521621621621623,-10.0,0.0,0.0,-44.44444444444444,0.0672727272727272,0.2715596330275229,0.5037037037037037,1.1923076923076923,4.208333333333333,2012-01-02,Hiver
5512,201201,91,LANGUEDOC-ROUSSILLON,13.027522935779816,271.1711711711712,5.563963963963964,282.8545045045045,277.31216216216217,70.7927927927928,39136.036036036036,59.96116504854369,4.3580246913580245,1664.0449438202247,101711.17117117115,279.63214285714287,285.25,277.57857142857137,9.48198198198198,-10.0,0.0,0.0,-43.63636363636363,0.0234234234234234,0.1351351351351351,0.3071428571428571,0.5428571428571429,0.9857142857142858,2012-01-02,Hiver
5513,201201,74,LIMOUSIN,26.964285714285715,254.6428571428571,4.599107142857143,280.4848214285714,278.79285714285714,89.42857142857143,21823.660714285714,87.61386138613861,5.74468085106383,811.2244897959183,99455.625,278.44642857142856,282.35,277.07857142857137,8.196428571428571,-10.0,0.0,0.0,-43.92857142857143,0.1607142857142857,0.4410714285714285,0.6071428571428571,1.8,3.6142857142857143,2012-01-02,Hiver
5514,201201,41,LORRAINE,0.8518339768339769,193.21428571428572,3.340515796260477,284.8620535714286,280.4638392857143,76.875,22941.964285714286,77.08380069025021,4.472972972972973,1404.9461206896551,100070.444015444,281.3357142857143,288.05357142857144,279.2928571428571,6.159821428571428,-10.0,0.0,0.0,-45.0,0.05740025740025735,0.18908730158730155,0.3345238095238095,0.7571428571428571,1.5214285714285716,2012-01-02,Hiver
5515,201201,73,MIDI-PYRENEES,21.696428571428573,244.7321428571429,4.1258928571428575,281.0044642857143,277.51875,79.49107142857143,24785.714285714286,72.98780487804878,5.297297297297297,1425.925925925926,99565.80357142857,277.60714285714283,283.89642857142854,274.43571428571425,7.894642857142857,-10.0,0.0,0.0,-43.421052631578945,0.0607142857142857,0.2625,0.6428571428571429,1.1142857142857143,2.0785714285714283,2012-01-02,Hiver
5516,201201,31,NORD-PAS-DE-CALAIS,42.972972972972975,261.7117117117117,7.823423423423424,280.8671171171171,277.4481981981982,79.38738738738739,27185.454545454544,77.98780487804878,5.296296296296297,1111.111111111111,100887.65765765766,279.07142857142856,282.775,277.93571428571425,12.976576576576578,-10.0,0.0,0.0,-44.189189189189186,0.1549549549549549,0.5036036036036036,1.1285714285714286,2.2285714285714286,4.585714285714286,2012-01-02,Hiver
5517,201201,52,PAYS-DE-LA-LOIRE,0.8518339768339769,193.21428571428572,3.340515796260477,284.8620535714286,280.4638392857143,76.875,22941.964285714286,77.08380069025021,4.472972972972973,1404.9461206896551,100070.444015444,281.3357142857143,288.05357142857144,279.2928571428571,6.159821428571428,-10.0,0.0,0.0,-45.0,0.05740025740025735,0.18908730158730155,0.3345238095238095,0.7571428571428571,1.5214285714285716,2012-01-02,Hiver
5518,201201,22,PICARDIE,42.972972972972975,261.7117117117117,7.823423423423424,280.8671171171171,277.4481981981982,79.38738738738739,27185.454545454544,77.98780487804878,5.296296296296297,1111.111111111111,100887.65765765766,279.07142857142856,282.775,277.93571428571425,12.976576576576578,-10.0,0.0,0.0,-44.189189189189186,0.1549549549549549,0.5036036036036036,1.1285714285714286,2.2285714285714286,4.585714285714286,2012-01-02,Hiver
5519,201201,54,POITOU-CHARENTES,29.464285714285715,259.9107142857143,4.998214285714285,281.2866071428571,279.0410714285714,86.10714285714286,24347.321428571428,83.18681318681318,5.0,1026.0416666666667,100740.625,279.1714285714286,283.24285714285713,277.72142857142853,9.075,-10.0,0.0,0.0,-44.11764705882353,0.1125,0.3339285714285714,0.5642857142857143,1.292857142857143,2.742857142857143,2012-01-02,Hiver
5520,201201,93,PROVENCE-ALPES-COTE-D-AZUR,0.8518339768339769,193.21428571428572,3.340515796260477,284.8620535714286,280.4638392857143,76.875,22941.964285714286,77.08380069025021,4.472972972972973,1404.9461206896551,100070.444015444,281.3357142857143,288.05357142857144,279.2928571428571,6.159821428571428,-10.0,0.0,0.0,-45.0,0.05740025740025735,0.18908730158730155,0.3345238095238095,0.7571428571428571,1.5214285714285716,2012-01-02,Hiver
5521,201201,11,ILE-DE-FRANCE,36.964285714285715,258.75,5.419642857142857,281.2339285714286,277.49285714285713,77.91071428571429,23285.714285714286,75.92592592592592,5.16,1043.148148148148,100919.10714285714,279.2142857142857,283.2785714285714,277.57857142857137,10.30892857142857,-10.0,0.0,0.0,-43.84615384615385,0.0392857142857142,0.2785714285714286,0.6,1.1714285714285713,2.242857142857143,2012-01-02,Hiver
5522,201201,82,RHONE-ALPES,18.035714285714285,205.71428571428572,4.0303571428571425,278.88392857142856,275.82142857142856,81.26785714285714,24466.071428571428,76.78571428571429,5.090909090909091,1441.090909090909,99565.35714285714,276.4428571428571,281.37142857142857,274.8642857142857,7.555357142857143,-10.0,0.0,0.0,-45.0,0.1571428571428571,0.3672727272727272,0.9384615384615386,1.4857142857142858,3.114285714285714,2012-01-02,Hiver
